22 88 94 64 26 90 62 27 32 59 74 71 90 78 59 86 100 84 29 96 52 9 83 75 34 84 53 32 6 5 32 91 93 88 59 29 9 54 16 92 71 68 22 61 51 99 8 82 37 22 3 88 12 38 90 38 20 83 46 43 21 100 30 17 95 53 55 47 8 12 51 64 67 75 24 80 40 4 61 87 93 62 47 20 29 55 78 52 86 91 97 59 94 99 88 62 32 18 24 84 26 35 4 49 32 35 25 76 77 95 90 75 11 22 4 18 88 68 80 95 67 28 9 77 38 15 25 63 42 51 3 3 69 8 47 97 87 46 35 89 16 23 16 70 80 77 25 61 11 44 14 12 81 55 97 86 39 35 3 20 33 81 45 88 
79 5 46 71 40 94 94 19 69 51 84 88 0 77 36 72 22 75 30 78 54 99 25 54 64 40 41 26 50 91 2 36 61 15 42 5 28 15 100 27 27 10 61 20 72 90 6 80 86 50 73 49 79 30 94 75 30 89 47 81 71 36 48 90 7 41 54 90 27 72 6 47 3 57 35 99 14 50 29 21 0 16 38 2 37 9 74 41 61 88 56 35 91 31 30 94 99 22 75 83 85 17 13 75 68 87 81 64 24 50 27 35 19 73 31 85 6 29 100 85 40 52 84 98 72 2 36 93 74 46 54 58 79 62 25 16 96 99 85 59 97 48 96 54 18 64 80 31 11 19 35 39 93 24 85 68 66 100 72 8 51 47 14 32 
57 73 95 10 95 58 52 79 95 4 31 86 4 92 5 60 2 36 40 55 18 7 35 25 96 87 74 56 26 1 31 85 74 9 87 75 85 69 85 90 1 66 55 56 34 90 84 48 9 28 93 32 97 91 4 30 78 47 84 28 88 33 57 1 6 48 16 37 67 96 8 31 2 21 41 42 65 16 16 19 53 4 18 20 98 38 25 70 26 79 32 98 30 69 67 98 51 68 49 36 44 23 29 36 63 83 1 19 30 46 96 48 55 86 100 21 96 45 79 80 70 82 68 40 77 34 99 48 68 97 0 76 57 68 87 40 8 6 80 81 15 69 37 55 69 20 20 36 72 75 24 13 51 100 92 90 83 51 86 43 15 75 59 27 
58 7 3 45 51 32 43 43 73 26 5 24 27 45 30 85 19 6 75 1 32 28 51 93 44 77 80 3 44 9 80 64 85 67 48 9 93 71 28 74 30 60 29 17 69 51 34 65 12 9 22 70 4 45 100 40 52 64 94 76 87 67 3 69 91 80 1 73 99 76 80 71 83 60 45 92 2 98 69 8 88 89 34 28 76 51 63 48 6 7 3 28 30 37 76 77 3 65 99 67 95 9 26 8 60 59 61 23 85 35 67 13 15 11 27 11 31 22 94 39 5 76 29 80 64 17 75 59 9 36 78 41 28 95 86 51 21 89 27 62 27 83 21 35 50 80 60 52 21 74 90 75 86 53 1 23 87 83 69 45 20 15 24 13 
54 0 32 63 78 54 50 96 48 38 78 16 75 81 97 47 68 51 73 53 21 43 50 75 45 92 58 86 93 1 29 59 28 70 5 84 29 96 23 37 36 73 60 67 21 59 44 49 22 39 9 81 71 99 99 78 24 14 44 59 18 94 91 75 60 77 28 3 43 33 81 4 13 78 43 26 12 34 93 50 79 81 8 9 21 0 61 12 17 12 6 28 25 68 42 3 74 4 0 78 85 23 62 46 69 24 20 92 7 64 9 79 42 91 86 13 74 81 26 34 22 80 99 48 24 68 13 30 90 39 32 97 63 100 13 10 60 30 62 86 66 0 37 73 94 19 43 94 41 32 72 48 88 22 38 62 55 27 82 100 47 91 94 41 
98 58 55 100 71 32 33 91 83 33 1 49 7 34 74 87 10 57 32 32 39 25 28 57 72 90 68 32 70 16 3 43 47 7 4 15 25 34 31 40 41 90 14 56 52 42 3 59 98 74 75 77 15 42 3 2 7 16 22 30 77 56 69 35 100 28 39 58 49 91 26 63 88 4 88 56 42 2 60 45 87 50 83 66 72 25 90 83 18 51 85 67 65 98 99 89 56 12 78 11 74 1 29 5 55 67 78 92 58 60 60 48 84 76 38 31 80 27 62 0 73 10 38 21 39 38 35 28 81 83 82 96 66 99 83 17 74 32 5 29 49 100 6 54 25 15 87 38 96 67 44 11 34 54 42 32 51 39 71 28 29 74 63 96 
43 29 62 100 58 44 31 22 100 4 32 86 1 80 72 97 37 65 3 50 55 20 88 36 79 35 80 48 63 98 72 95 49 5 81 49 72 72 67 4 11 34 90 22 56 23 25 78 70 28 44 5 27 28 9 34 35 84 90 44 7 27 85 35 63 58 23 36 14 82 18 8 93 36 74 7 41 27 50 96 27 97 84 12 59 79 63 47 62 93 36 57 59 46 65 18 94 98 68 14 94 34 60 59 95 72 84 62 83 8 98 0 72 75 36 89 17 52 68 44 55 45 95 91 1 97 10 73 20 47 12 7 81 27 70 91 56 84 85 11 56 91 88 32 64 13 47 89 60 88 34 71 66 0 40 85 43 47 81 85 13 20 79 0 
95 39 29 10 43 23 74 52 72 65 67 47 66 53 27 39 38 20 8 12 78 99 42 22 10 45 100 35 55 47 37 82 63 100 14 48 63 50 50 35 48 90 24 25 23 23 35 60 89 82 28 20 67 68 4 75 45 69 30 98 84 16 50 35 51 8 39 10 82 86 62 99 22 83 13 69 5 92 24 55 80 88 87 29 52 23 37 19 7 55 76 9 26 29 4 24 81 86 37 68 17 49 54 4 9 18 30 70 57 65 49 39 72 78 44 95 78 37 63 22 22 80 18 49 58 95 50 71 32 2 26 57 71 41 45 19 58 40 85 58 64 79 96 57 39 45 95 36 82 1 76 61 22 56 33 15 60 46 87 26 59 33 79 85 
62 1 76 82 12 83 37 14 70 46 45 49 97 38 49 57 81 50 57 78 67 60 63 28 57 24 84 58 30 64 23 79 75 58 99 6 6 14 82 67 14 25 13 100 84 98 39 56 60 71 43 23 83 52 36 35 85 46 3 26 60 41 42 36 100 64 12 42 75 90 65 74 53 22 91 9 89 13 83 71 19 77 96 79 52 0 93 11 70 38 81 7 98 70 31 74 94 53 37 77 51 93 85 54 45 43 74 29 97 62 18 43 87 28 48 56 18 83 82 30 78 15 5 15 31 10 47 70 15 2 11 94 64 53 82 76 39 17 58 17 67 0 76 90 32 2 90 70 55 73 70 19 82 99 11 73 92 2 93 59 28 99 2 47 
54 70 18 12 58 55 13 93 34 10 2 65 99 11 44 90 21 26 25 73 59 36 34 9 87 59 32 54 45 88 38 46 44 4 32 79 5 50 52 60 44 39 26 9 81 69 3 62 62 43 71 40 100 79 34 96 95 47 5 75 67 64 19 90 88 83 13 79 91 38 67 5 16 1 40 0 57 27 76 57 15 94 72 93 40 13 77 17 5 80 74 31 9 100 51 90 29 40 34 85 34 70 75 38 72 36 67 2 3 33 1 9 43 76 6 60 1 50 25 48 41 53 19 78 61 19 46 9 53 31 6 7 62 29 65 66 81 30 44 60 79 73 92 69 88 88 8 74 44 44 78 40 38 29 98 18 14 82 41 55 83 55 62 43 
89 73 44 97 82 54 98 40 47 15 86 64 32 88 91 77 34 63 32 85 27 97 93 83 75 34 97 87 43 91 21 97 64 2 40 39 25 67 63 84 28 67 55 33 76 49 95 55 50 59 26 88 89 25 13 60 57 82 1 64 6 56 88 27 32 98 64 85 7 57 89 84 0 13 41 82 67 2 64 30 14 58 49 41 4 0 6 9 94 48 25 10 48 31 72 25 94 6 84 31 54 47 96 17 53 14 57 9 48 82 45 44 73 3 72 53 46 95 71 40 86 62 63 61 88 86 20 6 12 88 52 1 46 10 47 44 19 21 48 68 18 67 66 87 2 88 70 37 20 18 16 80 82 73 33 19 7 41 19 0 52 21 96 44 
45 31 40 70 54 94 3 55 27 58 95 22 93 23 50 23 81 39 100 75 56 60 46 24 21 68 82 27 74 2 30 87 38 87 86 46 66 55 56 13 98 57 89 23 65 85 5 70 65 81 27 67 51 10 3 85 88 54 30 80 10 0 73 44 22 13 20 48 46 84 86 13 42 97 27 91 95 13 57 44 83 87 90 33 77 62 8 70 68 60 34 71 0 36 14 95 3 78 8 14 63 34 98 98 27 74 65 39 83 92 71 15 25 50 27 57 80 3 69 26 13 68 52 34 11 79 43 28 61 87 68 88 35 20 12 18 9 80 9 5 38 79 53 65 66 44 98 46 31 26 92 42 77 49 17 89 22 65 58 94 29 89 62 12 
33 60 20 71 36 80 58 41 78 73 39 70 45 35 76 62 11 1 1 13 72 69 58 36 27 8 7 27 28 95 30 58 41 76 98 72 71 46 31 73 58 17 27 94 2 47 100 16 11 8 73 76 8 7 5 74 55 41 81 55 13 19 57 73 56 92 67 5 9 53 37 42 36 46 56 9 61 97 81 40 96 75 79 70 76 56 96 18 89 61 26 37 67 42 69 28 89 65 80 66 20 98 15 9 37 62 48 11 54 96 65 56 63 41 70 17 89 35 99 13 46 35 72 86 35 54 88 68 0 60 37 100 18 2 9 27 63 18 99 94 4 89 42 68 36 68 78 96 17 18 74 50 4 37 70 68 9 90 87 55 2 82 17 64 
97 24 74 90 97 8 20 73 33 17 11 47 76 25 98 72 24 57 69 71 0 57 100 21 9 14 10 12 20 33 36 54 3 84 4 65 8 30 3 62 15 22 41 33 10 81 84 4 81 61 79 74 37 61 17 53 9 66 30 2 48 34 56 36 93 35 10 91 57 8 96 39 97 42 100 42 37 2 63 89 49 6 42 100 13 52 70 86 14 8 89 42 2 80 9 20 68 30 85 2 85 51 57 74 96 78 61 25 78 31 11 24 18 10 95 54 56 58 87 21 36 77 44 53 20 93 37 76 90 49 95 86 80 99 86 21 76 34 25 32 93 51 7 35 37 91 49 82 99 89 1 99 60 85 51 89 42 55 38 23 51 79 13 64 
75 33 23 8 38 46 36 29 84 100 71 27 19 48 38 5 30 38 1 51 82 20 20 67 1 99 47 59 94 63 87 70 74 57 92 74 68 10 70 95 92 60 79 15 74 66 52 33 45 61 70 98 10 31 99 20 97 82 63 75 74 2 40 70 65 11 85 44 82 100 85 57 99 18 97 15 81 45 20 79 92 5 3 22 1 5 56 61 20 35 72 14 35 49 26 73 45 68 90 70 1 98 63 17 28 58 99 5 96 43 20 75 88 51 80 74 86 75 93 81 36 84 37 78 13 13 89 10 35 79 98 72 57 82 26 97 30 34 80 96 90 44 10 22 36 33 45 22 70 35 42 70 14 97 0 59 69 30 5 11 20 46 12 80 
31 20 90 16 5 57 32 20 40 74 79 45 36 51 100 39 52 50 48 93 31 68 75 68 27 16 46 38 57 43 96 40 65 89 36 48 57 64 98 26 0 92 9 8 96 47 59 51 31 58 96 22 88 33 54 8 6 40 57 25 25 46 50 3 8 99 63 43 90 66 83 93 41 1 88 84 49 92 97 55 36 89 79 22 70 6 61 11 11 86 9 22 15 70 76 61 45 42 52 86 73 47 32 30 12 58 63 28 1 66 48 71 90 75 74 52 28 1 42 88 16 2 4 78 42 10 19 67 48 84 45 72 8 64 12 25 17 45 14 73 55 80 79 54 61 69 74 93 34 61 35 86 4 78 96 68 90 92 77 99 63 65 35 11 
50 79 16 48 0 80 97 82 55 70 29 60 88 11 76 40 78 49 38 45 53 17 80 32 13 86 25 41 8 67 52 51 60 28 62 14 30 77 88 20 31 51 78 64 81 76 30 77 81 2 72 50 79 9 43 79 49 67 6 51 14 38 5 100 45 87 43 69 35 91 19 71 55 56 33 41 30 53 76 22 69 70 26 88 13 89 82 40 5 7 7 97 0 66 37 92 53 62 39 91 73 7 65 89 86 85 58 50 7 90 24 82 25 71 97 95 55 15 31 36 40 70 36 55 61 40 79 61 41 34 93 65 75 87 1 31 9 99 92 57 60 74 60 10 23 54 14 6 64 40 87 40 18 28 20 96 26 83 90 66 41 20 58 46 
26 60 76 92 89 82 52 20 5 15 10 23 8 15 21 15 29 96 27 28 58 23 21 99 35 99 81 1 28 69 3 66 53 41 33 39 24 35 7 68 12 10 55 1 97 51 81 82 75 26 43 81 66 16 37 89 17 33 75 27 47 70 21 92 57 29 39 51 7 18 22 88 44 16 60 45 91 99 93 35 86 22 44 66 56 49 80 2 6 88 48 21 85 98 6 12 21 83 10 98 93 54 96 37 36 13 59 8 70 50 7 2 8 49 69 52 45 78 27 70 38 38 58 100 3 72 50 61 69 96 33 57 54 92 14 70 95 25 72 4 23 98 19 55 91 32 37 100 39 49 23 66 56 18 35 45 45 38 35 77 11 26 52 0 
0 53 71 80 18 57 50 97 48 69 17 62 85 44 55 87 70 93 41 27 54 29 70 45 2 70 68 44 32 53 30 66 19 88 53 23 81 69 66 81 55 38 89 52 42 35 43 66 7 79 19 51 25 91 86 21 84 34 73 54 67 67 66 15 64 83 17 25 88 14 51 59 95 24 27 71 75 57 86 14 75 78 66 29 67 86 68 60 12 60 39 8 34 67 62 30 100 15 90 78 66 74 95 78 7 25 71 63 50 29 84 67 47 81 39 73 23 97 27 51 4 93 37 99 0 31 10 75 87 93 10 98 85 10 34 68 98 53 39 9 86 71 3 97 17 23 72 77 34 27 18 0 79 30 61 66 59 17 56 6 24 38 65 86 
96 43 28 80 48 48 7 40 50 4 0 43 14 81 48 7 40 15 27 100 84 52 71 19 78 96 50 31 78 39 2 38 0 25 87 24 60 63 5 91 98 26 25 53 60 70 87 22 49 75 47 16 100 34 80 74 57 24 83 52 17 88 81 22 90 58 86 6 77 7 55 20 56 49 98 11 0 42 20 97 47 51 61 51 5 52 81 61 20 90 62 68 48 40 17 39 15 8 99 51 24 57 80 78 29 5 85 83 0 48 90 17 67 53 61 55 5 53 72 34 96 56 15 78 47 15 18 49 2 10 51 88 43 63 84 59 13 63 89 87 5 91 41 24 8 54 89 90 90 7 50 5 87 91 15 34 25 31 62 88 3 78 43 73 
19 29 35 79 73 44 36 2 74 58 9 56 68 11 5 20 83 81 21 74 68 85 14 19 11 98 4 30 66 66 11 24 68 98 59 6 94 1 5 8 80 19 59 64 8 45 55 13 8 94 93 20 24 36 56 90 59 15 80 42 35 26 86 7 32 19 41 21 0 33 88 58 2 96 50 34 48 54 36 29 26 8 37 66 43 42 77 10 87 72 81 59 13 66 27 63 82 33 82 44 56 40 99 24 58 65 67 57 69 84 28 94 96 42 61 10 72 5 96 39 83 13 78 36 78 41 80 91 74 40 4 67 2 72 66 41 19 22 53 79 28 44 57 60 3 49 21 31 67 43 83 31 91 46 54 75 42 11 51 97 58 59 88 39 
68 47 68 24 78 64 17 52 47 55 62 22 81 31 0 19 15 86 99 60 95 12 32 35 14 73 21 51 78 72 96 57 29 27 90 57 96 89 65 78 79 10 67 17 44 32 58 50 12 19 40 12 58 100 89 53 46 47 93 47 26 78 33 98 2 38 17 7 46 74 32 9 43 46 55 36 41 83 15 7 93 98 75 64 85 66 51 10 55 22 15 61 6 38 77 43 47 3 10 44 8 75 21 67 23 22 46 13 22 70 28 94 58 95 62 77 32 78 11 50 45 94 41 48 70 83 21 99 86 31 58 9 1 90 34 19 4 72 25 82 81 12 66 57 92 51 54 87 43 44 28 17 82 82 49 72 42 83 38 89 15 59 25 76 
23 79 19 79 76 59 96 91 76 63 27 89 60 56 43 100 77 35 52 72 51 41 67 18 3 46 95 99 83 6 20 87 16 30 95 75 86 9 19 30 0 67 28 68 8 59 80 61 99 55 78 8 71 60 77 80 5 90 45 35 34 88 39 80 58 18 0 99 8 18 96 86 38 33 57 22 41 22 16 54 51 56 17 89 0 94 47 1 18 28 45 0 15 88 82 57 7 79 98 50 12 67 32 59 6 36 71 59 18 83 21 32 96 35 65 95 59 12 99 45 84 35 85 9 0 85 23 87 25 23 24 32 41 38 54 39 80 34 26 39 3 69 13 90 4 47 95 11 80 84 11 43 26 24 69 21 100 25 68 83 100 7 46 87 
18 51 21 30 13 4 15 97 20 47 8 98 88 5 10 68 10 8 22 12 87 27 66 61 51 47 91 55 86 69 41 2 13 39 81 69 22 84 74 15 5 43 29 93 96 52 35 99 85 45 17 63 17 62 26 21 40 87 44 80 77 10 69 59 63 65 76 52 76 14 98 94 89 0 67 13 93 86 58 25 4 67 59 98 32 16 90 7 84 83 6 4 36 35 43 91 65 36 41 22 54 52 90 53 74 84 76 86 29 88 90 83 63 33 14 67 24 97 95 76 28 59 11 15 83 64 45 29 40 32 25 63 34 62 31 92 86 63 6 4 76 69 25 47 24 12 77 42 42 100 87 91 59 2 36 25 51 51 80 87 42 95 87 75 
74 26 63 1 81 86 70 86 20 15 9 77 16 0 44 64 81 57 36 98 68 32 87 81 67 36 65 61 31 11 99 13 36 18 20 51 71 91 69 16 71 83 37 75 6 48 81 96 85 62 37 22 14 43 35 73 25 58 4 51 74 64 45 53 67 8 72 77 59 23 31 65 56 100 59 70 27 26 26 90 48 10 95 82 45 51 16 20 43 51 10 55 84 14 33 58 8 72 97 54 28 43 40 69 42 22 2 75 32 14 61 50 65 54 84 96 60 5 71 51 51 99 53 39 70 38 1 51 100 69 97 74 21 7 62 58 54 50 64 20 65 13 47 83 72 85 79 95 83 34 42 71 57 36 27 11 23 23 64 26 47 56 19 23 
66 88 66 45 62 23 27 49 89 2 72 88 30 14 3 74 30 16 24 51 47 36 23 4 65 74 78 38 20 49 74 26 94 31 51 51 93 71 5 64 75 53 1 34 10 13 59 1 52 61 39 41 59 24 29 31 33 78 88 2 19 81 16 9 32 39 89 29 24 81 35 21 98 97 40 72 44 15 38 22 94 66 95 64 26 78 58 95 74 75 58 24 85 19 83 17 17 45 75 1 27 10 32 34 67 98 69 74 43 87 13 59 12 36 24 38 63 93 34 81 25 72 82 94 17 16 93 96 69 50 61 50 9 48 32 27 97 63 43 57 92 77 51 13 53 93 61 20 64 47 13 26 83 41 31 75 26 16 22 0 16 42 82 99 
78 99 62 34 90 28 74 6 33 68 66 19 70 54 99 72 67 65 6 37 89 8 77 98 90 57 78 90 84 50 55 27 97 13 97 79 17 76 99 73 37 17 74 16 28 25 12 88 31 41 99 73 92 38 29 27 43 9 86 73 5 7 21 100 18 50 67 78 27 2 47 37 18 49 90 70 11 94 56 8 49 20 42 78 94 25 7 86 36 49 80 51 22 45 55 78 35 13 0 99 31 79 3 46 82 56 75 32 90 89 0 30 24 13 53 8 27 39 33 15 48 56 19 10 13 15 88 29 2 65 65 90 63 80 47 84 11 19 38 75 28 8 75 19 90 22 91 35 18 23 28 96 92 23 29 44 53 72 92 19 42 5 11 74 
30 95 10 18 31 92 88 85 23 78 51 50 50 88 79 13 84 72 92 76 69 61 83 71 34 12 80 85 26 72 86 12 49 56 52 77 28 12 61 45 44 23 39 51 53 67 93 50 11 82 56 54 2 58 5 51 94 55 72 74 80 99 93 62 51 40 30 89 83 25 67 37 10 96 82 59 42 84 15 19 93 4 9 95 45 98 52 14 47 30 16 89 63 85 7 77 88 36 60 97 62 76 2 1 33 6 90 25 18 46 32 57 71 6 2 54 1 52 42 1 7 57 38 83 67 10 83 5 41 24 31 21 10 16 32 23 11 97 99 78 65 74 57 93 40 58 16 15 84 97 91 15 0 47 18 2 35 77 90 100 67 49 25 86 
56 96 96 14 48 69 58 26 30 67 95 72 67 36 18 13 99 7 70 96 87 5 52 44 23 45 71 86 22 78 10 57 50 82 82 30 29 69 21 44 56 97 28 33 85 18 34 70 46 62 13 86 45 48 37 1 45 94 4 66 7 55 63 56 76 73 69 5 66 37 66 67 13 62 24 59 94 41 63 17 5 14 74 99 63 32 63 34 38 45 80 98 90 79 85 81 97 75 54 68 13 29 23 25 65 53 11 78 29 2 21 92 8 10 83 13 78 33 12 16 79 19 18 98 4 27 26 65 86 93 69 93 73 88 39 49 63 60 19 35 8 69 45 7 88 81 26 76 97 74 30 21 73 39 84 90 88 34 18 47 94 30 88 40 
0 31 27 11 97 95 32 54 13 67 5 30 46 83 96 53 81 63 64 39 19 11 94 60 30 78 26 93 59 85 14 23 5 63 43 28 70 43 89 82 17 77 93 78 70 8 5 74 66 57 55 17 83 90 65 13 83 38 6 53 78 74 94 80 74 94 87 59 61 36 17 10 100 11 30 20 17 27 21 90 76 58 85 20 46 41 45 89 31 53 84 3 31 90 98 50 59 70 14 40 0 65 65 33 4 74 64 91 83 71 38 99 74 91 60 50 45 55 78 72 2 40 87 90 95 57 76 93 99 57 68 62 41 37 69 18 2 53 65 46 58 92 57 8 54 19 18 32 55 48 4 52 51 64 71 92 84 64 52 57 28 52 7 42 
34 81 33 94 90 70 35 5 42 19 48 0 57 13 44 7 36 4 89 7 48 91 97 46 73 78 65 61 34 74 72 3 38 78 64 1 97 68 76 67 72 32 8 39 18 38 85 63 75 63 68 89 89 82 83 36 12 75 25 59 34 74 98 35 98 76 8 45 78 72 85 21 36 31 52 0 100 56 66 45 82 87 4 24 26 67 29 6 54 88 33 71 57 29 33 98 59 88 52 26 93 23 24 20 65 78 34 36 34 85 86 10 31 59 25 38 93 88 61 26 85 82 99 17 24 72 66 46 93 42 7 29 42 75 31 99 66 3 42 46 17 89 72 82 47 52 33 50 47 93 89 43 48 11 64 18 70 34 57 14 96 79 40 64 
49 51 42 99 2 92 30 84 77 67 15 68 48 44 41 47 92 6 88 85 35 32 79 79 40 44 2 95 57 55 46 98 62 19 88 63 58 58 27 62 60 46 52 43 25 49 77 19 74 63 29 4 98 87 17 50 27 36 30 78 86 30 48 51 52 69 72 70 43 88 0 7 20 97 10 26 61 71 50 89 44 24 15 47 44 24 96 31 86 56 55 57 81 49 32 17 100 19 57 18 56 5 38 80 40 92 67 49 73 14 14 69 53 32 39 6 40 50 8 54 8 70 70 61 19 24 85 39 86 10 47 70 17 96 95 32 73 66 83 77 91 57 51 42 53 47 62 27 24 85 50 21 70 78 99 37 34 98 39 81 17 17 40 47 
71 9 58 61 38 99 94 29 47 43 85 61 38 60 11 62 59 95 61 71 16 68 38 39 82 5 56 92 46 2 85 30 11 88 92 6 61 93 52 48 70 84 7 53 66 48 34 10 82 74 95 59 4 92 59 20 35 95 52 78 58 53 100 58 95 77 99 49 49 30 10 35 77 51 46 49 67 54 91 21 16 39 47 4 48 82 9 87 31 88 77 93 60 8 84 22 90 0 86 64 7 49 39 23 56 45 22 38 16 16 50 62 42 56 54 76 7 37 16 90 43 59 99 78 10 93 89 67 84 6 35 100 7 74 64 32 64 2 90 53 78 5 76 26 8 72 54 64 81 23 62 16 94 77 9 62 89 41 97 85 4 78 59 12 
71 25 91 81 72 29 11 5 64 76 31 65 97 15 15 16 51 45 25 35 74 100 32 64 96 95 78 28 85 17 4 69 72 53 24 72 0 32 2 98 89 21 39 40 26 11 82 1 0 66 94 99 12 47 94 78 86 13 60 72 6 27 73 67 7 60 96 18 71 24 69 47 59 63 88 97 96 71 76 26 83 56 88 25 58 34 68 80 9 8 13 45 97 3 89 75 97 96 0 77 18 1 64 10 99 75 72 34 49 69 20 19 35 64 55 34 72 34 36 13 35 74 87 64 6 93 44 37 6 47 14 64 13 91 88 30 86 27 57 79 54 68 9 51 39 60 52 49 85 8 17 46 15 16 19 88 58 98 15 88 55 75 54 72 
52 42 36 43 26 30 21 88 69 87 11 81 68 54 39 5 75 88 99 14 82 29 67 72 43 74 18 31 23 84 29 35 77 19 27 88 74 73 84 8 11 0 88 54 34 57 19 49 79 30 60 65 23 89 74 30 57 7 86 45 80 53 31 22 11 34 85 33 64 31 21 9 7 75 90 96 10 64 24 59 9 87 73 33 96 33 61 52 29 7 10 87 15 8 96 55 81 23 24 89 9 8 18 32 23 62 30 98 57 8 16 70 99 75 48 8 82 3 32 91 58 58 28 50 24 85 15 50 22 92 63 63 6 72 6 45 68 75 11 12 79 54 11 23 36 31 90 85 94 72 25 93 41 2 20 28 65 9 59 4 87 50 22 23 
16 83 18 7 93 29 69 47 46 65 95 43 12 74 41 33 43 98 93 32 56 57 85 62 30 67 22 25 33 88 15 64 64 24 6 6 59 15 35 0 60 28 43 93 16 36 73 50 97 42 67 57 27 3 92 58 92 16 36 82 68 91 12 67 32 59 89 69 90 11 38 47 60 86 1 22 11 30 19 74 77 35 83 80 78 85 72 15 73 23 46 72 77 25 39 69 35 45 51 26 2 6 78 76 78 9 26 9 75 58 2 92 53 83 87 68 55 62 77 89 37 41 64 79 96 5 41 80 12 53 23 6 91 95 89 87 62 95 55 37 99 87 43 67 60 96 6 94 43 95 75 54 60 91 16 0 47 91 6 63 7 59 65 36 
67 45 57 46 64 22 64 30 48 61 100 84 64 88 11 61 67 40 9 32 7 21 81 88 39 98 35 77 72 20 93 97 87 68 80 87 29 70 68 39 88 84 94 65 95 72 23 22 15 81 100 54 49 32 86 60 88 74 38 26 46 57 1 31 45 15 28 75 72 37 58 76 91 48 46 77 81 59 24 36 33 9 33 92 34 74 86 13 55 30 0 65 48 65 38 75 38 13 69 43 99 59 78 67 33 67 21 27 90 4 67 15 22 82 46 18 90 5 61 43 94 14 31 68 18 96 9 32 56 64 8 58 24 85 89 13 91 18 75 39 61 24 8 40 11 13 32 86 92 72 45 57 17 69 90 28 39 82 37 40 5 98 35 95 
41 55 48 87 64 94 7 70 80 15 44 39 88 49 21 54 95 6 35 5 79 25 93 82 91 61 20 82 25 19 34 78 97 62 74 14 19 100 13 87 3 77 96 79 17 26 19 3 44 88 93 28 2 94 41 13 48 73 47 68 0 4 52 58 65 72 97 54 92 62 29 92 82 86 74 32 23 65 61 40 46 20 39 26 55 70 59 30 29 42 23 55 42 87 96 60 5 60 19 83 90 97 100 88 69 21 86 46 47 36 65 4 48 95 66 69 79 47 89 12 18 31 17 24 64 92 67 28 58 54 28 98 70 54 79 3 59 56 25 64 30 12 62 60 25 38 7 74 47 67 80 13 98 40 14 81 35 65 6 58 60 24 90 98 
1 67 84 55 22 27 90 17 48 21 43 68 78 10 39 93 11 63 82 29 20 59 14 71 72 45 90 19 79 12 86 0 90 64 1 86 76 5 90 11 57 23 66 21 30 6 68 59 3 10 76 6 54 1 30 99 89 32 48 36 67 24 39 63 83 31 12 33 78 99 57 74 20 82 43 9 67 33 63 97 39 15 77 78 93 43 41 62 5 3 74 43 22 84 55 68 63 25 27 96 55 87 38 63 17 46 44 49 79 38 20 98 76 89 91 40 70 75 7 39 94 68 12 89 48 89 46 94 69 46 34 45 0 73 8 80 61 100 44 33 80 84 98 78 49 82 61 25 23 60 71 7 17 56 82 3 41 7 95 94 68 22 29 48 
7 41 2 57 1 81 28 28 2 4 62 90 73 18 5 0 73 46 58 81 60 80 9 94 26 33 17 20 93 80 16 24 42 64 72 14 7 100 62 70 11 42 29 91 68 94 29 100 33 16 89 6 17 69 28 54 65 63 68 87 51 98 58 63 46 66 99 67 21 89 55 91 43 87 12 32 81 2 29 53 70 22 96 63 60 45 3 47 21 71 3 10 66 55 18 12 90 92 100 69 93 35 96 27 87 26 61 5 51 60 49 52 83 71 5 88 87 55 4 38 100 47 48 26 70 8 97 88 99 23 0 79 31 15 10 92 55 11 2 81 38 27 16 9 71 5 74 21 73 36 60 52 78 3 81 32 8 11 55 2 54 28 56 100 
1 90 64 96 77 96 36 81 62 35 71 79 16 51 22 24 60 40 13 42 67 99 46 89 9 63 58 1 78 37 56 96 10 60 93 83 72 0 78 49 33 1 53 14 65 45 34 66 3 40 25 38 33 52 55 68 56 57 35 44 33 43 58 5 94 63 31 42 63 88 79 57 64 90 16 73 10 63 82 6 15 68 11 38 87 33 45 80 17 37 95 20 94 95 40 83 54 28 4 0 23 98 13 87 81 52 38 80 66 62 10 10 72 33 12 32 19 27 34 25 72 19 8 18 7 93 62 100 18 10 4 61 12 20 37 35 98 76 75 78 41 4 78 80 61 3 39 1 56 53 6 35 16 62 10 27 93 44 95 16 70 31 91 91 
57 64 63 4 59 0 46 50 68 17 14 39 44 3 36 77 47 63 61 32 8 43 81 96 2 97 72 11 42 35 28 81 65 51 49 35 2 40 4 2 69 25 44 42 32 81 4 57 55 81 71 70 84 6 69 44 67 95 39 58 43 9 23 28 89 69 94 92 17 70 22 54 41 14 17 6 17 91 33 52 5 35 35 43 56 95 46 1 11 51 98 82 69 28 73 60 67 13 30 55 88 82 89 79 83 98 84 100 45 25 77 3 82 5 22 72 7 26 13 50 90 75 91 50 25 76 4 45 41 10 19 33 81 60 68 76 42 98 82 13 87 44 66 95 61 78 34 69 74 37 38 97 30 66 54 65 32 28 25 8 24 59 90 34 
12 29 32 71 81 6 24 72 0 64 33 18 45 99 76 40 21 100 37 79 95 98 45 47 52 71 22 19 32 94 71 71 87 88 2 38 93 19 61 51 53 35 60 15 85 51 90 9 41 35 1 46 84 8 40 46 23 72 5 56 3 6 84 34 98 51 60 98 66 14 41 52 64 11 45 33 16 83 23 60 22 97 45 73 66 44 10 45 88 46 81 85 45 80 55 48 50 18 70 33 3 94 72 39 89 89 12 20 19 63 52 32 73 12 28 53 50 82 40 46 87 59 81 33 6 11 33 57 75 43 25 64 56 80 28 66 54 55 45 81 81 33 91 5 22 21 7 84 33 42 83 95 71 38 83 31 93 42 10 89 58 17 80 16 
20 66 6 13 94 61 60 78 81 19 15 6 81 99 71 16 32 6 50 8 98 74 77 84 22 94 95 88 92 68 15 43 31 52 55 76 9 32 63 64 63 20 45 84 20 87 48 33 59 18 36 74 85 71 46 5 21 55 8 86 65 12 28 83 29 88 95 34 86 28 75 77 63 43 39 59 52 26 71 62 42 30 99 8 18 81 46 3 96 72 57 59 29 43 6 6 18 56 47 70 16 27 73 33 53 23 56 46 27 43 50 57 32 93 44 89 50 6 2 37 24 35 31 46 93 15 63 3 77 19 97 49 5 8 8 39 15 59 78 83 53 9 77 77 28 76 91 59 99 19 50 71 86 81 47 70 19 38 5 68 24 95 58 92 
61 57 84 19 33 96 35 99 30 85 65 45 29 80 39 85 71 44 70 80 26 17 74 22 4 91 83 17 3 46 80 29 0 46 95 88 98 82 83 65 41 98 4 88 56 61 46 72 14 84 62 18 51 40 87 6 29 15 21 30 86 20 76 21 35 0 87 97 77 47 27 63 96 73 75 13 35 20 94 52 53 29 32 23 95 64 67 62 30 43 24 32 10 81 24 63 88 81 67 4 29 56 84 93 30 43 75 34 74 35 15 93 86 36 40 73 13 72 53 81 35 2 13 33 41 71 1 70 92 66 24 24 80 67 16 94 7 13 4 41 32 47 52 70 16 77 79 57 59 33 31 57 84 6 85 67 63 46 40 91 1 69 7 54 
86 58 7 94 58 55 20 85 65 42 97 84 33 89 26 24 58 49 68 69 53 28 46 81 44 25 2 22 11 5 80 17 91 43 4 93 78 88 84 3 100 16 9 26 11 88 64 60 100 46 31 21 22 21 57 38 100 84 77 76 1 28 37 97 70 48 46 83 95 24 69 82 2 38 93 44 16 94 5 53 22 24 75 86 20 5 3 56 15 74 45 66 88 34 68 57 95 19 11 1 71 9 46 4 31 61 1 29 100 68 90 30 96 34 86 62 31 6 1 79 87 17 46 69 16 29 76 26 19 71 59 28 27 19 25 20 70 67 78 92 16 65 26 35 23 91 26 85 2 39 38 25 97 71 83 57 97 90 62 47 64 32 32 17 
8 13 27 83 44 50 87 32 12 45 6 49 67 0 6 87 33 3 43 10 15 93 62 39 24 32 82 51 41 41 23 44 69 62 97 80 23 18 95 17 48 93 76 40 59 86 25 97 42 34 20 62 70 27 7 2 38 98 40 26 10 71 29 28 49 87 94 91 65 23 77 69 7 75 13 83 33 92 9 57 70 23 30 74 6 53 30 22 93 36 82 39 90 40 82 25 32 26 4 49 42 24 42 40 7 62 4 2 18 26 11 28 77 36 7 39 21 4 59 58 58 79 0 26 57 55 74 46 26 83 39 69 29 81 70 16 17 100 97 10 71 64 86 87 68 25 35 58 37 82 18 40 18 61 19 86 46 64 32 41 98 2 20 60 
86 87 72 63 42 79 28 22 54 0 83 10 78 86 55 87 33 20 69 40 40 45 58 20 63 54 43 48 94 50 85 35 40 98 81 61 30 8 77 8 92 29 88 18 16 98 3 78 4 25 36 100 12 34 89 89 62 60 73 59 43 45 64 55 69 28 44 43 58 63 87 38 6 20 41 42 29 1 71 1 33 86 53 85 35 14 18 73 64 85 98 46 95 71 71 33 45 12 47 66 6 39 6 3 52 1 96 87 47 59 79 49 81 98 23 5 34 52 91 58 13 57 60 13 73 36 88 80 90 62 40 27 94 69 93 82 30 24 64 0 45 92 13 100 43 15 34 74 54 77 82 76 6 82 1 53 8 61 10 18 0 45 4 96 
94 38 4 64 6 93 26 8 65 47 21 0 75 29 69 10 86 81 14 20 69 28 27 26 36 67 72 19 87 43 0 21 29 65 86 0 100 59 11 38 81 50 94 1 93 78 84 77 25 72 24 50 94 97 68 9 57 52 55 86 25 97 46 86 57 60 100 51 51 60 44 26 59 52 16 93 72 44 25 87 100 19 38 33 57 41 34 33 5 85 16 100 66 61 45 14 22 11 100 25 20 33 91 70 83 88 24 69 57 14 69 4 89 100 51 49 74 29 49 92 76 51 63 88 98 73 11 69 26 62 35 83 42 5 72 34 96 49 79 67 14 38 50 60 62 51 92 57 50 100 41 2 63 14 13 22 38 52 64 52 66 52 63 36 
98 58 22 44 18 35 92 81 100 42 6 9 50 96 6 73 70 34 32 30 85 31 63 77 35 79 25 82 0 63 43 76 74 41 80 26 95 94 69 32 50 50 67 34 69 61 4 13 52 71 65 77 81 12 60 65 57 74 58 16 79 81 37 74 62 47 11 64 64 4 10 57 59 60 16 59 1 78 84 47 70 88 55 51 80 16 27 70 16 54 37 57 86 4 92 88 20 31 7 90 1 39 88 83 80 67 40 58 21 18 20 2 87 61 34 65 59 5 99 48 4 60 56 12 19 0 66 63 33 20 38 30 16 57 4 15 57 30 83 86 31 26 22 68 57 69 39 64 43 21 80 54 33 47 64 89 74 85 65 87 91 9 64 57 
29 24 80 29 64 62 89 11 87 58 59 51 20 84 33 11 12 82 17 57 0 42 81 90 78 17 10 64 94 74 97 45 23 55 59 56 94 25 67 100 5 41 77 86 9 56 60 53 34 14 89 47 27 21 47 94 28 15 22 48 95 31 86 39 89 23 94 1 29 81 100 65 8 67 7 40 55 55 59 39 59 95 67 57 54 9 46 88 60 2 98 51 16 97 20 85 7 50 45 23 31 16 55 37 95 80 27 6 44 36 76 19 16 13 32 19 70 73 12 34 78 70 23 58 21 100 42 25 79 64 55 7 22 84 23 98 89 12 59 47 34 23 69 80 28 60 47 70 10 32 86 70 34 95 24 66 73 31 38 4 74 2 6 23 
87 86 46 51 70 83 29 55 16 2 55 50 75 8 56 28 48 100 9 44 37 19 79 20 99 95 86 24 38 18 21 68 70 35 29 21 93 16 14 52 73 3 62 21 93 100 45 84 64 12 94 59 74 83 25 77 25 7 53 63 60 13 60 79 91 95 44 96 57 79 10 57 75 42 27 62 9 92 98 4 40 23 16 69 37 9 25 20 84 41 11 74 18 88 39 66 94 16 17 34 45 40 1 56 61 17 34 4 11 47 11 87 50 82 74 28 16 0 21 67 86 87 41 47 44 61 76 31 44 10 32 51 79 61 67 23 86 47 44 72 88 65 42 12 100 35 41 6 31 96 39 32 52 66 11 26 66 29 2 64 80 19 24 49 
35 99 76 10 6 54 59 93 16 55 92 82 83 46 51 12 84 7 82 52 92 18 74 55 75 81 48 47 75 74 74 36 77 69 15 66 85 32 27 4 22 43 31 6 44 100 39 30 42 65 30 84 69 64 14 96 72 72 6 7 79 20 68 43 27 4 69 37 99 31 53 80 61 4 30 36 11 92 6 57 74 19 11 41 81 49 66 48 37 99 25 60 59 38 90 77 52 70 10 3 37 84 74 49 8 87 62 31 98 45 14 64 33 32 10 68 80 3 56 11 100 8 44 62 55 36 24 19 33 76 83 35 16 81 64 40 5 94 1 21 98 27 92 61 29 77 99 72 3 2 30 11 91 11 39 8 48 30 76 46 85 63 30 49 
15 38 82 0 79 70 83 37 40 74 54 7 32 49 87 85 11 60 42 4 87 25 88 42 37 63 69 85 11 58 61 19 85 12 72 77 45 13 74 81 88 69 67 53 87 67 82 62 54 88 77 11 8 43 75 85 81 97 7 61 31 64 94 35 8 73 26 15 79 80 62 49 53 22 53 19 30 61 84 97 91 8 57 78 100 91 3 22 74 37 47 93 50 33 74 65 74 79 66 47 51 56 13 98 89 58 36 88 4 45 97 45 11 31 13 31 16 99 96 31 50 79 89 14 68 89 82 18 100 1 78 32 97 13 54 81 63 73 93 77 21 14 10 12 88 59 57 75 63 88 21 52 79 87 65 63 86 58 33 15 43 83 78 26 
58 34 57 32 74 91 51 100 87 99 17 23 92 40 66 97 97 4 63 59 9 63 94 75 87 15 63 26 54 9 77 17 72 19 87 36 34 42 19 85 93 1 48 48 87 87 93 25 91 21 76 63 61 11 27 13 75 10 31 83 77 91 92 58 87 73 40 77 58 97 47 23 57 91 8 86 63 67 29 33 59 96 78 3 15 62 50 51 64 30 75 21 7 57 80 78 9 99 63 69 89 11 28 94 33 19 92 5 27 56 21 83 67 92 50 19 7 82 22 88 43 80 56 78 36 54 23 51 86 7 30 65 91 90 8 56 16 76 80 75 14 3 50 92 42 51 30 95 1 71 42 65 17 27 15 47 62 13 42 82 20 60 40 48 
27 88 59 29 61 19 54 56 52 7 11 73 0 17 78 83 11 99 96 29 89 11 49 40 93 37 92 43 83 51 35 5 97 62 46 67 42 45 89 64 28 18 27 24 96 83 97 33 98 5 45 92 21 17 78 76 54 77 70 89 72 13 83 73 58 53 27 10 43 14 63 11 85 74 87 89 27 32 69 0 87 87 10 39 51 41 74 39 17 40 15 42 16 70 52 81 57 42 97 4 27 24 21 41 88 38 47 38 46 72 22 24 95 94 83 86 3 18 49 82 96 52 38 80 0 42 18 52 42 48 28 37 65 46 0 43 66 24 87 69 83 36 69 49 64 68 86 50 85 75 13 53 22 74 16 40 72 86 2 64 64 46 29 38 
27 23 37 35 96 26 77 100 26 79 98 24 46 2 50 44 22 34 62 67 69 63 56 83 60 9 10 75 16 62 32 28 31 74 85 11 10 62 84 30 21 58 7 61 22 10 15 76 14 57 84 93 25 70 22 66 42 40 26 21 33 23 5 31 60 37 52 81 31 90 65 14 22 60 99 33 88 61 51 5 58 73 57 27 82 71 73 99 15 34 70 92 85 54 87 85 3 38 63 53 55 25 11 6 95 57 26 73 29 3 22 100 0 38 56 68 75 31 93 76 77 3 95 15 70 40 60 76 49 6 41 73 66 78 59 11 8 10 46 74 32 92 1 95 47 27 38 89 14 47 42 1 81 63 91 63 50 41 47 12 48 41 15 52 
39 90 40 27 17 25 31 46 61 100 27 34 51 97 61 27 12 78 48 60 54 81 56 9 59 70 6 72 33 96 60 85 94 30 45 30 65 54 26 40 79 20 20 72 91 10 70 67 5 14 3 66 61 27 7 1 89 63 48 51 40 44 41 8 3 97 78 38 86 25 19 61 89 67 52 80 61 20 61 30 50 33 97 55 79 66 49 66 32 51 10 28 46 29 65 0 28 61 47 0 31 36 87 24 29 93 11 45 92 6 24 99 18 73 4 31 88 12 76 27 61 6 46 47 26 100 3 12 20 86 36 100 1 37 52 11 39 55 81 38 17 52 4 0 23 96 51 86 79 84 25 59 92 18 86 50 15 62 62 8 53 24 79 24 
23 59 88 28 83 33 33 98 69 31 39 5 80 18 11 44 16 28 71 32 14 88 64 45 47 19 37 41 55 30 56 23 37 7 42 18 62 83 13 82 76 49 63 65 88 18 66 79 41 80 49 31 21 71 23 51 18 84 89 99 67 79 56 74 61 1 0 99 25 29 19 94 81 77 46 38 9 19 12 92 0 34 18 38 51 60 80 94 23 68 17 68 74 26 90 62 23 71 35 61 98 67 36 80 36 1 54 72 59 80 91 65 40 93 18 53 11 48 51 12 97 86 28 42 58 39 10 56 53 60 48 26 45 51 76 71 91 0 48 68 2 0 15 30 49 34 20 41 1 59 60 89 13 42 69 78 9 51 30 70 96 59 44 85 
6 82 81 5 16 80 99 72 35 69 51 71 58 46 31 16 76 94 91 31 48 88 5 38 31 85 24 15 12 3 76 35 56 17 52 31 2 3 79 94 47 57 95 95 88 81 23 91 61 71 59 20 42 85 24 61 76 36 45 43 46 58 92 48 40 0 80 56 31 98 53 98 79 59 43 95 84 32 61 83 6 52 40 100 29 90 48 84 72 83 69 13 49 27 98 88 82 61 11 45 66 43 89 12 61 64 81 56 86 26 93 86 11 59 77 74 86 7 66 64 1 67 95 79 36 100 72 78 35 56 58 40 94 45 90 1 93 27 67 30 14 41 98 55 51 44 29 22 22 30 67 56 49 18 53 80 52 85 14 54 89 29 72 81 
97 98 17 64 71 88 16 28 90 83 91 68 20 22 5 28 99 97 88 1 55 84 86 17 18 85 96 67 70 43 11 66 66 1 11 80 49 69 65 95 98 71 41 54 38 4 89 72 77 64 54 34 17 34 13 78 5 19 62 39 59 77 73 90 86 28 45 26 31 89 42 76 13 19 68 2 59 38 38 31 76 1 44 64 44 100 16 65 78 66 24 35 92 58 22 6 82 30 31 21 93 39 31 7 95 89 94 41 63 83 99 3 39 23 1 98 54 24 67 84 23 78 44 80 34 26 71 40 46 93 100 64 80 9 3 37 69 37 70 27 50 15 48 79 22 49 24 20 8 74 83 52 20 51 33 38 49 73 83 17 15 19 78 46 
60 85 0 90 93 6 77 4 37 89 66 5 50 98 25 13 30 16 26 28 42 80 4 35 53 34 81 14 11 17 91 3 90 4 51 9 32 14 32 35 75 46 82 73 6 34 77 44 72 97 29 41 50 77 86 69 4 29 15 60 28 2 95 86 60 23 11 1 70 58 63 44 0 57 10 93 88 12 70 54 35 27 62 23 55 3 44 46 37 82 95 93 44 13 7 34 46 14 70 71 47 37 27 89 97 49 74 44 98 62 3 47 37 86 76 26 29 72 98 0 4 98 10 53 75 64 45 94 25 3 69 76 19 26 76 98 91 94 17 36 80 58 72 62 49 27 32 28 74 81 65 95 10 79 83 29 40 50 56 53 97 100 41 74 
60 37 45 80 37 62 90 61 58 83 7 46 66 76 71 45 70 35 65 84 93 98 20 69 36 32 62 89 28 37 82 49 85 1 75 68 5 49 48 53 9 84 40 72 7 29 74 45 7 64 75 40 11 33 22 4 18 4 84 3 4 84 93 58 53 10 41 32 22 72 87 44 43 97 52 33 73 33 24 42 51 94 18 12 39 74 9 62 22 43 87 25 26 12 43 98 28 50 92 17 20 11 33 76 31 89 54 62 97 64 75 52 35 46 59 5 25 49 58 73 57 18 35 5 51 64 27 60 13 19 46 28 18 68 64 6 49 15 96 35 2 46 7 16 37 6 17 95 12 48 36 56 86 36 92 99 54 47 24 85 94 33 10 39 
57 63 77 92 17 61 73 18 20 38 55 50 97 83 92 80 53 10 85 25 91 68 71 66 32 18 29 92 88 4 37 18 23 20 13 4 23 85 26 66 27 48 83 91 60 36 90 49 56 62 67 18 53 23 71 51 17 5 34 1 92 23 55 79 28 59 23 64 0 87 52 72 40 87 97 6 23 20 77 7 2 17 9 24 75 75 71 29 58 28 49 40 94 99 54 20 10 7 91 70 87 81 43 25 8 22 42 64 56 52 66 24 17 99 87 74 22 60 14 93 94 56 19 28 39 30 33 97 67 67 87 33 29 72 98 24 37 42 6 50 23 2 0 87 17 71 44 16 33 56 84 2 31 21 68 93 18 93 48 86 92 24 79 48 
37 57 84 94 50 32 0 55 86 16 18 19 11 27 46 26 94 31 98 86 87 85 16 82 7 72 98 35 17 91 35 8 63 14 51 21 5 22 13 7 19 52 11 78 92 10 89 6 31 35 40 28 59 53 7 56 17 3 48 8 68 12 80 72 24 69 98 51 12 49 14 17 5 47 21 64 66 57 85 73 91 43 64 87 96 77 53 18 4 95 25 67 51 43 7 20 37 19 34 7 94 78 35 9 54 2 85 76 48 46 44 57 60 8 19 15 63 6 6 69 26 3 84 29 21 70 39 80 2 39 14 9 56 78 65 86 96 2 14 28 37 5 9 66 65 79 43 37 89 52 33 64 50 61 100 58 99 51 43 83 66 62 14 24 
41 14 70 28 98 54 63 72 15 44 57 12 99 29 5 35 28 4 28 60 5 93 51 96 50 89 58 19 92 45 46 17 94 96 64 60 65 87 19 36 45 25 29 47 58 90 25 76 37 23 64 11 77 24 22 14 62 91 66 21 22 70 36 5 48 42 26 30 6 76 54 68 55 90 42 91 60 3 82 56 84 68 73 27 45 3 6 6 83 9 68 20 54 37 76 18 44 1 66 81 20 38 48 0 63 10 64 94 36 32 95 66 2 64 28 42 66 32 12 58 21 19 80 51 59 2 75 22 6 69 85 57 99 21 64 65 31 51 92 5 19 14 85 86 76 50 86 19 75 70 35 27 11 40 44 32 52 5 4 61 82 92 64 50 
26 7 40 78 79 86 30 23 13 20 24 85 79 93 21 33 38 100 87 94 3 37 32 37 79 91 68 54 6 10 3 2 5 31 0 84 29 43 29 49 37 86 25 5 98 17 66 84 84 60 88 45 10 89 7 15 10 27 26 31 72 44 36 6 3 0 78 13 43 37 76 58 77 97 47 51 50 20 87 12 65 63 55 77 44 86 51 46 8 93 15 63 17 35 95 31 79 18 97 30 3 76 25 94 98 18 67 54 31 97 13 55 11 96 72 4 70 38 28 32 20 79 18 66 67 7 60 74 72 25 33 76 40 43 24 3 33 99 97 1 4 100 73 7 71 23 4 85 59 54 15 78 42 18 95 19 79 63 22 69 1 59 41 69 
46 74 73 30 16 45 37 18 16 47 25 44 71 53 32 3 35 65 42 8 15 30 53 29 73 97 93 48 56 54 19 36 54 64 71 61 84 52 52 97 84 60 98 13 44 14 55 66 36 60 37 1 10 39 29 85 53 45 59 42 12 12 23 49 16 4 22 48 78 39 52 34 7 65 94 63 70 99 64 87 32 90 86 38 35 56 77 26 43 22 21 89 76 84 40 89 15 10 22 72 50 98 3 4 1 65 68 22 61 40 18 0 99 72 34 86 10 97 11 37 63 89 69 33 59 27 74 69 95 74 27 16 95 53 59 79 83 53 95 80 81 58 17 0 46 45 60 21 26 85 72 31 36 84 28 81 48 57 31 85 72 5 31 63 
87 90 42 53 5 65 61 28 55 30 10 17 12 86 5 43 70 0 41 15 79 15 12 9 18 39 6 49 56 26 80 48 47 32 29 59 72 21 10 56 11 36 82 24 82 24 30 70 63 78 12 20 72 67 52 61 1 48 33 64 95 88 83 94 41 18 57 86 49 34 67 44 46 43 4 38 83 43 25 60 68 52 10 7 35 47 57 78 67 91 70 84 24 32 85 13 20 67 81 70 100 63 100 36 64 28 28 37 61 23 87 42 90 89 34 17 6 22 74 50 23 59 98 93 68 38 40 44 10 84 91 98 46 20 33 3 6 69 73 21 86 20 10 76 19 84 24 64 60 25 31 52 96 19 41 93 62 39 74 72 65 28 82 32 
53 68 17 50 35 76 82 81 19 32 26 55 36 31 29 29 43 47 73 13 11 48 36 26 42 77 73 73 82 0 82 72 27 86 100 7 18 75 16 41 83 37 96 70 29 87 0 18 91 89 59 9 3 5 77 19 97 31 46 56 54 48 67 27 2 46 27 56 32 8 61 6 61 1 43 89 33 51 42 16 18 88 31 87 3 13 38 80 9 62 69 15 29 79 56 0 86 21 77 9 29 73 19 42 2 80 82 88 57 47 23 62 57 82 31 66 78 41 40 22 69 43 13 79 37 62 84 66 57 27 59 46 72 81 97 72 43 98 40 63 68 83 0 12 95 1 63 79 97 0 57 85 47 32 4 24 46 93 51 54 13 66 72 75 
100 55 53 38 63 83 85 76 27 40 93 86 0 73 32 42 99 75 85 3 32 55 32 61 63 1 84 94 60 73 72 66 29 0 89 40 58 91 92 80 92 71 46 24 71 1 65 5 15 92 66 51 24 41 1 37 24 58 9 28 9 70 71 6 39 15 27 67 76 4 99 68 90 100 51 72 41 39 45 29 74 35 51 93 77 61 40 63 29 34 37 3 30 84 1 24 73 5 37 50 57 36 52 58 47 84 68 56 8 20 91 22 25 51 17 95 29 37 18 85 40 5 84 71 42 76 3 28 76 47 55 26 16 82 48 23 65 87 19 54 64 72 80 80 89 36 11 50 61 95 47 85 40 28 67 76 83 14 64 96 23 63 90 30 
