89 62 13 37 32 12 33 37 82 72 64 6 54 65 27 62 26 55 11 26 0 14 65 38 26 65 21 28 62 38 80 64 93 82 43 63 63 100 16 51 24 91 63 100 89 93 76 45 41 72 57 20 72 9 12 24 8 80 8 68 63 14 10 38 92 58 22 81 18 64 21 4 63 61 7 79 96 59 44 17 49 5 60 86 93 86 69 65 21 43 99 37 93 76 83 58 100 52 79 96 48 95 7 4 50 79 32 24 20 35 68 36 81 72 25 58 68 65 17 24 30 81 45 65 26 83 90 44 31 68 69 86 57 18 56 38 1 6 93 53 3 83 63 46 29 6 80 26 98 98 13 16 58 71 47 31 67 59 6 45 31 92 9 0 
54 14 72 24 18 39 86 57 78 44 95 46 27 25 5 91 53 61 28 61 4 87 8 90 18 5 63 8 87 61 74 8 70 17 17 2 2 68 60 38 86 26 75 6 78 28 97 25 97 28 61 89 89 68 69 84 88 56 100 66 31 15 98 59 46 11 45 19 39 93 9 56 54 60 95 47 41 3 11 2 86 18 57 78 79 76 84 23 83 30 24 40 70 16 72 32 49 2 36 30 99 18 29 98 32 5 27 35 43 57 77 95 26 44 48 75 26 77 97 93 83 63 44 95 55 34 15 49 32 76 2 58 25 40 100 53 11 24 19 62 98 56 50 37 82 100 49 90 59 55 46 17 42 10 65 31 25 29 57 13 41 84 86 85 
50 34 26 2 20 25 22 96 87 73 65 94 73 93 99 27 73 89 70 16 69 49 77 76 27 81 82 96 95 19 29 5 29 48 31 72 76 72 92 32 100 63 18 80 45 57 91 93 76 79 64 19 0 45 93 59 73 1 10 32 88 18 11 55 27 75 22 13 58 57 80 40 90 16 23 75 17 55 57 43 17 79 27 4 84 96 68 26 48 41 100 84 20 12 79 99 18 69 15 11 53 27 93 51 55 80 31 8 73 18 45 63 84 50 38 23 4 27 98 56 88 70 10 40 27 93 99 56 98 6 50 92 14 0 7 53 57 87 100 94 98 9 82 46 29 59 5 88 57 21 35 20 8 93 36 67 64 16 85 78 89 58 57 98 
13 39 64 48 1 25 76 79 94 15 14 56 69 14 2 30 98 20 21 0 21 46 20 52 78 96 14 48 48 69 13 77 67 96 16 53 90 60 10 60 52 40 48 39 40 97 68 13 20 26 12 92 28 7 7 43 37 24 29 1 60 63 79 0 60 29 100 57 32 32 55 79 94 66 41 98 44 41 72 49 19 0 56 37 5 33 63 74 46 23 1 75 31 65 61 81 6 76 48 56 65 44 70 91 8 52 39 91 90 96 37 71 73 47 88 66 23 90 55 68 86 42 73 50 13 45 7 84 64 7 11 65 78 100 62 85 27 60 36 55 91 51 54 48 94 65 86 28 23 87 6 25 31 46 79 70 58 82 30 37 59 88 26 14 
63 32 13 18 33 95 38 80 94 46 5 29 86 23 2 82 36 82 40 16 95 68 11 1 55 56 9 96 94 98 0 69 83 57 24 98 67 25 6 22 82 12 67 49 30 2 81 88 50 16 97 22 21 74 73 74 43 18 26 37 54 76 66 62 66 64 71 19 96 6 25 100 81 79 33 5 17 7 46 32 98 15 93 10 63 61 43 16 10 66 67 10 52 56 22 75 86 27 41 9 29 58 80 11 97 98 77 42 86 55 41 52 87 97 17 9 69 37 78 47 89 34 42 91 76 95 22 57 67 14 36 15 57 23 7 23 28 31 58 82 43 77 83 81 75 13 85 90 75 64 30 99 18 65 81 95 14 17 29 16 39 65 79 74 
83 91 32 92 6 66 12 85 94 93 81 15 36 50 91 84 72 60 1 51 5 54 61 88 92 74 39 41 44 1 12 30 64 13 40 84 3 57 92 89 72 6 33 88 7 56 31 77 52 40 31 43 93 9 40 5 68 55 73 35 20 89 10 0 16 66 53 87 54 53 21 32 10 76 22 35 95 81 90 88 21 49 20 54 41 92 15 29 42 46 13 72 69 7 56 91 7 83 7 45 63 1 43 55 32 55 49 7 58 38 80 80 100 1 74 18 13 21 82 80 37 90 62 93 9 16 33 47 80 54 47 66 96 27 58 53 27 68 25 17 66 26 96 96 35 87 9 76 57 45 16 10 86 79 85 81 99 47 32 37 31 75 78 7 
30 48 38 79 58 20 34 31 33 63 60 77 9 34 43 20 13 45 54 100 8 79 80 34 30 93 80 8 93 14 11 47 25 47 76 65 56 42 96 59 14 85 52 35 78 10 20 50 96 11 47 64 96 86 46 89 79 72 62 91 70 37 98 81 39 22 21 39 0 92 91 86 71 3 86 18 95 18 99 19 80 57 38 56 1 91 1 4 22 63 56 57 91 57 68 90 7 11 67 76 18 98 60 68 5 37 4 5 6 17 82 19 6 19 84 100 80 80 32 94 89 9 68 96 63 81 4 88 51 20 66 22 14 56 72 76 57 73 57 24 0 26 5 74 60 8 49 32 92 29 48 64 47 41 67 76 71 78 32 94 61 58 89 2 
42 74 59 57 17 56 14 24 37 24 34 35 76 52 91 21 73 1 62 41 76 33 6 19 77 97 42 92 27 95 94 88 4 6 70 20 78 14 45 86 56 33 80 100 77 66 29 17 2 80 12 89 27 81 69 64 97 63 15 63 80 97 55 36 90 16 62 42 46 14 76 7 60 39 70 41 71 63 56 86 51 32 4 83 15 23 57 4 34 23 80 18 99 60 11 76 19 52 86 29 82 16 94 3 32 10 19 33 16 8 85 14 78 28 58 71 87 26 68 97 12 7 28 65 18 68 82 38 98 61 18 97 9 78 46 5 95 53 12 38 60 53 53 57 48 82 13 13 78 3 69 68 17 46 17 20 74 25 55 22 90 64 70 45 
77 42 39 20 87 92 65 34 32 9 32 42 9 12 29 27 77 64 28 59 46 52 74 36 89 27 22 55 31 57 16 71 53 57 49 58 45 14 55 61 66 32 73 21 64 59 32 92 17 80 57 56 81 65 50 47 43 84 81 43 80 86 31 99 1 36 53 85 99 49 27 98 3 12 51 96 77 90 9 37 67 72 97 29 66 40 57 46 10 11 52 98 35 8 13 67 11 28 72 84 74 96 9 17 35 80 35 14 0 85 1 50 13 34 43 83 97 34 69 99 28 77 37 5 94 21 72 80 17 65 14 78 53 63 94 59 1 1 50 73 82 14 82 4 58 45 23 29 72 3 28 58 6 72 44 1 61 32 20 4 51 38 22 36 
91 93 67 33 34 56 78 9 62 68 39 7 8 61 14 53 95 73 97 2 42 50 77 47 1 25 11 55 70 82 83 35 17 14 44 81 65 89 71 94 43 85 15 83 94 49 16 6 47 73 95 88 92 36 13 80 95 92 23 84 68 46 65 15 35 79 47 79 78 47 68 51 32 2 92 75 1 83 80 64 65 88 31 62 91 60 33 71 65 38 54 78 15 39 90 27 20 28 2 92 34 11 35 74 30 48 82 41 17 0 13 14 99 76 96 30 61 73 87 91 94 25 38 65 98 35 93 75 65 7 97 50 51 89 44 42 73 72 91 6 25 35 52 66 12 7 69 95 48 38 87 17 71 48 21 68 83 98 3 85 30 35 68 8 
4 63 42 92 85 21 41 64 94 25 6 42 100 80 7 15 25 80 79 78 47 35 69 76 51 29 26 29 19 78 16 0 36 45 18 41 47 61 82 26 32 78 64 63 28 20 65 75 87 21 46 14 97 47 86 89 25 33 34 84 4 89 1 12 69 89 100 15 63 2 69 66 54 34 97 21 99 38 36 29 43 16 40 7 71 13 65 94 83 45 91 70 60 51 39 94 59 63 16 79 26 35 78 12 79 58 16 73 89 36 55 92 48 76 66 61 59 67 23 4 80 4 58 70 15 48 21 66 78 97 62 6 40 0 38 65 79 55 41 95 59 29 64 3 47 65 79 64 70 70 97 67 32 23 60 55 64 71 63 83 18 43 98 45 
48 5 52 6 95 13 58 42 25 44 18 33 39 5 77 9 21 12 23 44 6 24 95 13 92 2 63 70 38 92 14 16 14 63 69 68 36 90 4 40 53 79 31 91 55 44 72 26 36 40 45 24 89 32 78 88 50 1 4 27 8 14 58 40 46 61 37 2 98 87 42 54 18 46 64 56 47 18 33 41 8 33 90 1 11 78 11 23 14 20 43 36 60 15 27 4 68 3 36 95 50 36 60 100 6 89 45 17 61 70 0 85 48 38 62 11 29 55 52 74 12 99 64 9 27 58 76 100 61 81 20 51 100 1 4 73 14 27 33 43 21 79 41 93 76 51 21 43 75 84 6 34 37 3 39 18 89 47 89 4 93 99 49 7 
46 13 87 83 39 62 44 0 51 39 41 52 70 3 41 58 51 10 61 86 19 100 84 1 6 9 20 55 57 98 2 67 9 79 90 74 25 0 6 4 28 46 52 98 61 44 68 35 1 34 19 22 1 6 56 74 72 3 51 86 20 39 0 65 88 36 54 22 90 34 67 17 20 45 72 5 57 1 19 63 92 36 73 85 73 7 10 56 65 48 48 58 3 12 79 96 89 14 35 24 2 5 100 43 54 2 63 43 33 88 26 6 80 74 32 23 80 81 27 5 58 0 99 92 66 77 95 38 1 67 69 65 41 32 2 90 61 66 29 79 8 16 91 97 50 64 44 54 58 43 41 100 25 88 24 4 71 47 12 29 22 33 86 57 
26 35 3 4 42 32 29 65 14 41 15 44 75 91 22 43 30 80 50 98 10 71 1 91 45 49 7 13 43 91 32 40 60 91 60 48 77 0 30 57 36 76 48 3 12 48 91 45 98 0 73 76 55 96 100 45 65 77 91 41 10 16 84 15 42 96 22 91 70 78 38 55 6 94 59 34 66 78 30 1 0 44 1 51 63 78 16 46 18 82 56 78 99 55 32 78 82 22 18 17 71 68 76 72 48 74 98 31 14 92 89 5 92 6 16 79 39 50 62 74 80 43 46 42 19 74 72 30 61 9 56 29 55 73 16 48 68 57 28 13 71 49 59 72 63 59 62 3 50 53 63 23 16 0 64 0 8 90 23 13 12 74 74 7 
49 71 78 76 7 31 100 70 21 52 26 22 67 77 86 38 17 88 57 15 63 48 100 81 36 0 32 45 1 0 2 51 93 22 98 88 18 29 10 77 35 57 100 22 94 27 83 28 87 95 31 96 54 18 56 73 49 65 26 88 94 57 70 98 62 58 93 81 66 27 3 6 88 77 28 69 82 72 65 48 84 47 86 38 69 52 9 27 35 37 86 85 38 27 3 56 19 46 75 59 75 56 49 29 23 34 32 93 69 59 45 94 79 1 63 35 59 78 75 81 96 16 76 14 28 40 70 22 15 4 86 30 90 93 99 100 33 66 9 29 64 15 40 44 38 10 30 0 64 100 3 57 40 25 64 83 29 32 0 82 91 79 39 13 
52 47 82 37 100 77 56 14 52 57 25 17 87 71 29 18 18 19 55 75 60 99 24 9 86 77 18 53 64 28 34 4 64 67 4 97 26 64 90 35 75 70 24 67 81 53 15 30 78 71 60 99 81 70 1 82 79 84 99 46 80 53 44 5 57 84 76 36 10 3 56 13 74 91 52 30 73 70 84 45 3 89 14 43 4 26 83 86 93 12 98 23 66 89 58 93 24 0 76 37 35 99 13 23 68 53 22 99 44 33 17 1 9 62 66 84 76 62 8 23 100 38 80 19 45 100 2 61 57 27 18 4 34 25 33 96 99 100 44 95 85 66 67 66 32 44 43 8 38 25 54 29 86 62 8 49 29 23 32 15 4 79 10 26 
18 86 76 45 59 34 78 70 54 47 100 71 78 10 9 37 90 0 33 4 8 58 15 11 45 99 79 8 26 43 83 98 39 76 96 11 85 83 59 36 95 86 1 76 43 24 73 92 36 18 42 44 97 7 22 21 36 26 74 94 84 74 77 12 30 40 66 41 21 74 55 35 74 69 90 53 88 5 66 89 7 56 10 15 3 34 75 32 98 74 7 29 5 24 90 53 22 54 27 79 27 10 79 98 75 99 11 75 24 46 60 86 14 60 74 91 63 18 42 60 70 28 4 100 54 71 72 71 63 69 89 15 23 1 63 7 9 59 23 83 81 74 59 56 98 45 78 97 74 42 43 0 20 33 99 43 20 61 89 44 66 51 68 72 
14 85 68 82 55 62 35 58 85 88 43 77 6 55 60 6 2 39 71 91 38 28 48 59 27 63 95 85 27 82 11 62 68 74 44 41 42 41 95 63 36 91 47 45 94 94 12 82 0 65 80 86 20 5 83 67 80 73 52 97 45 28 51 35 58 13 51 36 33 49 30 20 28 78 39 20 99 22 99 97 39 3 99 90 82 27 93 45 4 55 55 39 9 7 72 80 68 58 14 64 25 61 88 44 36 54 50 17 14 41 78 12 99 55 2 10 28 47 47 97 2 81 87 61 7 96 93 28 51 92 97 25 56 3 37 58 61 84 15 31 78 29 50 54 27 86 75 26 90 50 92 3 98 100 95 36 86 89 10 92 69 43 45 41 
68 42 57 43 40 32 47 72 62 46 3 92 79 16 6 30 21 29 65 38 95 35 33 84 1 16 94 41 49 13 21 61 21 97 24 6 13 29 2 7 70 35 68 98 21 32 53 22 77 55 42 47 36 82 95 56 28 96 92 91 38 79 36 47 84 28 69 26 75 35 54 53 6 2 61 59 62 11 53 77 25 75 75 0 82 20 22 2 31 28 44 57 7 73 97 33 22 53 0 54 82 37 43 14 50 28 14 100 80 58 100 31 69 49 50 83 35 34 74 35 46 40 95 9 21 67 68 47 37 21 10 21 52 39 61 28 92 88 28 91 1 78 7 7 39 59 30 83 16 27 86 41 98 8 18 89 90 51 100 21 75 83 44 11 
74 33 24 8 32 5 47 34 49 1 94 67 28 8 81 77 74 84 68 61 45 69 37 14 100 80 39 58 6 50 32 57 96 21 24 19 95 11 65 94 93 6 72 82 96 81 2 50 73 20 32 62 39 31 35 14 67 52 84 87 37 74 46 87 12 35 80 43 59 55 69 10 0 22 58 26 31 43 38 33 56 32 66 99 33 37 90 27 38 90 86 25 100 32 66 31 28 8 54 48 20 48 66 90 26 42 3 67 84 19 16 83 50 73 53 70 67 72 24 35 47 8 16 60 11 24 44 2 15 12 27 38 6 63 47 97 64 75 23 62 96 0 45 81 73 30 51 18 22 70 1 92 5 27 7 35 76 59 50 86 87 2 20 4 
20 67 66 78 98 65 39 85 5 93 89 76 99 90 34 95 98 49 86 4 79 17 24 13 35 2 28 67 49 1 74 51 94 70 46 91 14 42 6 39 49 54 96 53 71 74 28 30 56 49 59 62 61 87 65 83 27 8 28 0 81 88 93 4 55 38 84 52 59 2 11 29 25 31 42 16 45 8 88 16 57 77 94 50 94 0 88 30 93 68 27 37 8 88 48 79 8 65 95 83 2 45 56 55 69 2 42 79 82 32 68 79 79 5 59 50 66 20 34 100 82 73 2 21 52 46 64 62 75 95 0 8 85 7 33 97 77 98 67 26 21 74 73 0 95 61 76 34 68 44 16 75 2 46 70 99 80 20 52 6 92 23 95 81 
65 53 52 35 33 96 11 16 71 90 14 22 34 36 87 70 56 86 33 66 78 33 55 0 51 25 98 7 37 67 99 74 99 52 48 20 62 25 23 89 75 48 88 75 71 69 88 39 57 39 6 56 44 4 100 96 77 69 29 24 18 42 49 53 59 48 79 42 44 79 19 26 74 94 21 52 58 53 61 57 39 50 83 73 32 8 78 36 32 86 0 34 18 36 34 33 34 13 10 4 23 4 81 50 100 61 62 46 1 25 0 37 10 9 48 92 30 2 73 24 10 71 78 95 53 63 34 20 63 87 97 100 70 31 59 36 80 94 42 35 86 88 60 34 71 44 38 18 59 31 85 27 73 60 73 30 43 86 43 94 37 73 44 73 
55 52 38 41 27 7 71 21 0 75 87 85 19 91 20 13 29 4 38 39 0 93 63 71 79 81 34 74 8 98 88 17 52 17 17 1 9 30 90 59 94 73 59 73 37 47 85 19 72 57 31 100 40 44 22 77 8 8 20 84 36 16 88 0 36 84 24 9 20 84 87 16 32 98 26 32 9 51 32 36 18 88 81 77 51 31 3 35 16 64 87 9 37 4 93 3 65 2 58 100 18 24 40 87 8 53 37 50 26 30 71 47 63 34 18 32 63 17 24 8 18 67 12 29 91 69 81 34 38 59 21 6 21 74 10 27 22 70 81 25 47 31 96 37 34 36 88 1 80 76 16 12 96 58 35 40 9 78 40 58 85 25 87 23 
67 96 98 51 45 75 5 81 31 8 53 53 36 56 58 20 49 19 84 59 1 92 90 30 36 42 76 28 45 17 79 69 30 71 98 5 97 59 44 41 22 35 12 7 24 73 54 66 55 96 36 65 89 21 50 62 70 1 82 9 3 57 6 43 90 47 46 2 32 84 39 89 33 33 45 67 42 77 30 100 94 61 96 12 94 79 67 73 94 68 12 53 51 92 16 64 90 28 80 58 44 80 51 38 54 16 16 93 23 63 54 6 56 86 76 18 30 41 13 73 46 99 54 3 25 44 30 91 28 90 64 48 63 52 60 26 8 36 96 16 32 76 31 77 42 75 35 5 29 6 80 26 86 2 94 91 95 51 99 47 57 35 51 92 
74 54 51 11 66 71 60 59 75 37 20 53 91 42 66 40 66 74 53 28 17 72 66 42 63 11 15 33 49 26 89 59 20 27 52 34 26 56 20 30 83 35 65 38 96 68 27 0 35 60 48 90 84 37 6 46 7 49 84 65 75 93 78 16 73 81 10 66 43 89 62 2 8 96 82 44 34 3 86 86 6 23 53 53 53 88 78 48 16 15 35 70 17 48 44 21 84 27 87 1 64 64 92 18 16 59 65 22 14 51 43 20 92 37 40 21 100 14 18 21 10 17 79 64 74 98 24 55 52 14 19 15 52 61 57 54 31 67 9 85 100 61 54 75 61 82 91 57 52 12 88 86 74 80 46 88 4 94 98 33 55 1 51 19 
13 94 84 58 13 18 80 75 58 70 54 71 68 57 30 27 93 97 56 26 11 8 85 96 60 49 67 74 83 28 83 1 11 42 63 10 27 38 50 1 31 90 80 68 53 95 57 70 36 96 71 59 61 72 70 12 5 87 53 99 46 23 65 86 24 36 65 47 84 25 43 15 19 60 21 57 37 44 31 25 46 14 39 46 13 9 15 98 92 51 20 9 15 64 51 95 71 52 17 42 60 50 82 73 90 85 89 84 46 2 0 43 83 37 14 81 20 97 82 22 10 34 18 27 99 90 80 32 80 25 39 71 48 3 75 78 66 81 83 50 62 82 49 43 93 20 83 93 71 34 69 7 75 50 52 22 96 49 29 33 25 19 89 93 
18 83 63 48 97 57 94 27 74 51 33 85 4 62 83 38 90 35 63 4 38 63 44 44 40 51 49 30 60 29 69 34 1 38 21 31 95 7 4 45 39 82 60 30 33 33 80 1 6 69 35 72 70 0 44 45 0 40 89 67 31 80 50 69 46 65 18 66 53 89 91 17 46 9 85 66 39 94 19 63 42 9 98 2 95 76 80 95 79 11 71 45 70 88 95 60 0 74 99 39 77 99 22 89 2 61 9 73 36 96 40 23 54 11 62 54 27 22 47 97 87 27 67 100 8 91 90 69 73 22 4 37 66 22 7 39 78 69 36 8 30 50 15 63 84 72 53 47 61 5 15 39 83 42 39 28 62 68 61 22 78 35 25 83 
59 27 99 19 26 32 65 16 39 55 41 0 47 25 78 35 16 7 68 45 91 55 77 9 13 72 61 41 76 0 88 94 28 88 21 63 59 20 61 13 23 59 92 27 96 4 72 13 64 87 36 8 34 53 99 16 66 49 72 36 43 68 7 63 98 35 21 55 80 45 24 61 76 66 59 28 70 25 79 79 11 37 8 74 60 88 70 53 24 79 45 72 27 74 53 88 95 77 85 44 11 63 80 7 52 44 37 63 65 9 60 80 93 71 98 49 27 88 5 53 75 93 71 35 5 26 73 75 9 7 40 88 36 97 45 24 69 7 35 66 57 67 52 56 29 17 59 29 52 30 23 54 75 18 12 41 42 24 9 73 72 8 54 68 
97 80 42 16 43 29 76 48 62 37 66 88 34 32 84 26 85 45 2 74 86 52 54 55 60 62 48 56 14 48 76 67 59 29 80 8 43 53 5 83 28 83 53 86 65 9 84 71 66 70 84 54 57 38 67 82 44 14 22 45 73 69 37 90 100 24 16 21 31 97 33 82 9 94 79 50 10 81 93 16 56 7 60 97 5 53 9 91 96 13 2 62 31 30 83 96 89 46 20 27 52 57 5 68 72 41 21 54 23 91 32 72 20 45 16 35 69 84 92 51 78 13 50 54 14 62 81 5 82 78 45 19 90 60 65 3 89 52 50 47 40 31 9 77 77 32 63 50 37 78 82 52 53 12 7 76 47 13 14 32 34 40 80 58 
80 92 66 21 43 47 37 43 25 87 50 3 6 20 10 37 21 92 40 16 27 18 4 60 3 26 1 10 94 45 22 67 30 94 30 88 63 21 95 63 22 5 76 27 89 9 23 13 46 64 51 7 74 0 87 25 7 25 51 65 53 76 54 87 5 3 15 13 10 41 23 35 19 88 3 24 34 58 17 75 67 13 28 73 75 25 89 24 53 56 98 28 86 68 99 62 0 46 99 48 73 26 42 18 76 47 43 77 86 0 77 93 29 51 21 59 29 54 42 15 30 38 55 14 13 60 82 70 31 61 85 16 35 33 35 16 74 19 18 67 46 44 37 40 75 30 39 49 50 45 81 25 55 36 29 78 78 64 25 69 33 28 51 54 
9 27 29 35 11 66 78 1 12 67 16 94 55 79 84 82 29 12 55 8 46 14 16 83 7 77 14 95 80 48 65 63 23 47 94 23 41 94 83 80 96 55 4 3 40 8 47 88 40 88 28 81 23 65 39 78 93 86 27 51 40 86 88 92 41 98 28 90 55 35 62 75 90 16 19 36 4 31 51 14 32 96 2 80 36 84 85 85 85 38 46 26 87 61 56 58 14 47 13 48 98 76 19 52 84 86 22 21 41 69 2 57 84 9 58 54 14 95 73 63 49 24 94 50 66 54 4 53 2 79 87 44 71 16 80 51 2 93 82 93 50 86 55 43 77 24 45 79 9 92 56 21 80 16 83 32 59 88 55 19 62 78 19 37 
89 88 54 22 46 19 85 16 67 14 81 14 92 16 62 59 31 27 44 56 59 83 55 95 30 78 38 52 9 97 23 31 67 39 84 32 41 98 72 25 83 47 92 38 95 86 57 19 75 59 65 56 74 28 38 37 68 87 4 91 87 59 37 27 49 69 18 17 57 92 25 37 32 71 43 79 48 96 72 39 92 52 47 46 83 62 63 78 81 69 9 80 13 28 67 4 53 84 41 96 8 30 61 69 51 94 83 88 65 42 14 6 97 82 14 49 28 20 93 53 0 40 50 68 95 82 28 81 42 12 39 64 56 71 68 63 76 3 28 43 41 43 23 67 62 78 11 99 82 58 12 72 70 52 99 10 100 75 9 96 21 8 97 47 
38 58 72 3 57 75 10 9 12 15 7 3 51 32 2 19 49 75 36 99 99 72 29 54 52 42 84 57 16 54 42 56 93 66 49 99 93 8 59 10 42 31 14 30 37 82 71 28 93 88 57 28 80 15 81 52 18 67 90 9 70 81 69 8 54 74 33 28 17 28 47 36 25 5 5 28 41 46 57 13 82 29 76 52 54 92 59 82 15 13 53 1 90 59 53 64 87 98 49 33 56 38 34 2 69 74 36 78 61 4 5 4 60 75 57 65 57 3 2 44 60 31 50 29 5 68 50 7 83 63 28 68 63 57 6 9 57 30 88 62 93 26 28 73 80 55 71 91 35 30 64 58 14 37 73 7 50 29 11 23 26 91 58 47 
28 49 50 38 100 77 55 73 89 6 64 69 50 91 11 50 33 52 4 13 88 21 90 83 26 15 37 94 33 98 46 65 66 81 34 12 12 1 7 30 100 82 13 55 67 72 85 40 84 48 34 40 73 37 36 34 81 18 44 37 37 60 97 1 97 44 29 45 44 73 94 23 40 94 34 75 59 88 27 23 73 11 44 99 32 88 33 52 52 62 29 41 73 14 27 68 65 81 56 75 94 23 4 96 84 56 25 48 68 87 90 91 91 87 77 61 60 25 10 8 98 68 90 48 79 95 6 27 88 26 87 37 63 61 47 49 19 42 16 70 92 74 91 14 1 42 44 36 89 81 18 5 4 6 61 44 74 15 68 59 87 60 49 88 
84 53 56 46 80 39 15 94 8 55 10 81 23 30 95 34 82 14 23 70 16 47 25 23 40 50 32 19 14 56 68 82 62 21 11 17 54 61 90 99 93 75 19 30 41 22 59 55 97 67 60 83 58 81 72 31 65 17 42 52 43 7 85 5 90 84 94 13 32 81 76 39 28 94 41 64 95 21 47 30 12 79 78 36 23 11 94 60 67 72 8 33 65 79 69 77 15 5 83 29 3 27 6 37 96 43 2 79 39 90 67 64 15 59 11 8 51 58 48 59 46 37 18 31 50 75 69 47 44 87 44 43 73 84 91 56 45 15 60 15 5 69 19 6 42 44 49 13 15 11 72 21 49 41 83 56 41 89 59 13 41 4 98 24 
11 40 15 17 13 79 50 48 62 97 81 1 18 27 84 56 59 27 77 23 23 82 17 82 37 95 55 61 93 43 6 81 12 20 54 34 0 88 86 6 87 94 34 47 46 43 68 67 18 73 5 49 16 61 40 86 36 95 83 89 11 20 99 41 55 43 83 5 94 11 15 76 45 34 85 76 22 64 55 14 2 78 54 41 38 22 83 97 59 30 71 70 68 41 30 49 32 73 77 36 15 69 8 66 69 50 74 61 9 95 9 3 41 7 72 32 70 77 44 70 10 10 7 77 81 32 20 78 8 7 17 43 34 11 56 45 36 63 6 81 19 37 77 21 91 21 38 12 41 96 36 42 89 50 89 60 99 4 1 51 27 95 90 39 
65 48 88 78 50 88 29 58 60 14 72 85 88 28 2 78 2 57 52 79 18 61 57 9 86 41 59 53 27 85 99 17 63 19 96 64 13 85 46 23 22 9 67 99 18 97 33 39 85 59 5 83 5 1 52 12 89 79 82 44 2 57 67 57 33 34 45 77 11 44 10 27 57 71 39 70 35 45 84 76 47 48 60 80 37 80 49 80 68 41 3 49 41 48 55 27 1 76 37 27 13 28 39 57 86 55 22 80 9 92 22 77 66 54 100 58 70 30 29 77 73 12 21 72 23 40 3 18 0 97 84 13 55 17 89 2 58 66 24 42 4 34 64 98 59 96 2 42 59 41 25 76 47 59 23 42 88 72 97 23 79 53 11 92 
47 70 86 89 63 3 96 10 72 70 15 67 72 93 45 59 53 80 39 73 91 15 51 65 29 42 90 77 51 3 43 65 24 15 82 31 1 3 41 74 67 77 0 61 9 1 16 90 80 93 56 22 29 4 35 23 91 68 58 46 50 10 54 98 41 50 62 58 71 21 92 81 21 2 15 6 94 55 97 30 61 89 89 87 47 1 56 99 1 10 9 45 45 99 57 17 50 18 18 54 12 26 20 98 41 90 8 86 95 92 43 85 96 61 66 70 49 50 65 10 80 79 73 30 58 38 91 74 68 2 78 87 67 62 60 77 92 61 19 62 94 43 96 75 15 86 57 59 76 9 54 78 47 77 12 98 72 69 37 81 62 76 41 80 
90 93 83 42 12 58 90 48 78 99 93 81 99 36 75 35 60 74 41 60 12 37 52 89 31 11 54 83 7 39 27 23 47 37 45 77 17 12 45 9 79 80 3 82 39 68 12 46 56 13 77 3 9 59 55 28 57 20 98 9 21 85 90 0 51 40 73 49 67 3 57 84 77 78 22 17 44 13 47 66 84 49 67 80 44 17 51 30 85 7 38 63 81 79 2 72 71 70 26 59 77 79 76 40 75 61 96 87 46 81 89 57 35 21 86 69 2 61 62 64 10 96 33 53 66 48 86 89 51 83 43 20 26 32 47 55 87 15 14 97 89 85 20 35 4 52 75 45 13 23 97 59 1 49 55 13 98 85 15 29 97 84 90 64 
2 31 71 46 34 87 66 22 92 18 36 86 70 69 88 79 31 7 3 46 90 69 75 95 14 4 99 96 100 90 28 65 91 26 8 40 61 99 37 33 68 77 89 44 7 94 72 69 7 31 26 89 90 3 2 69 95 71 46 75 4 72 2 10 34 24 76 20 49 30 69 50 76 38 77 50 76 86 16 62 92 40 88 19 60 26 44 52 58 6 17 93 15 87 0 52 13 66 71 98 92 12 2 86 78 47 56 53 86 7 0 77 43 84 79 71 22 19 78 34 97 8 59 67 30 74 3 50 67 78 96 36 53 65 16 19 72 41 72 68 18 90 25 67 97 57 82 14 97 55 79 19 7 41 65 93 15 4 78 25 85 14 53 68 
29 81 28 27 56 78 91 12 59 61 68 18 36 87 55 9 75 13 15 12 64 0 21 94 12 33 96 32 55 69 44 57 31 46 91 53 35 5 37 0 26 67 0 53 61 80 58 0 12 68 71 60 89 69 58 10 59 82 7 31 37 4 21 88 79 46 78 51 15 59 89 50 44 36 15 28 48 91 7 59 17 74 0 24 43 24 91 3 63 76 74 14 20 41 70 74 15 99 76 33 87 38 83 98 98 100 22 25 80 46 15 17 96 71 49 97 17 80 97 97 37 67 47 27 55 74 89 80 50 76 43 49 76 31 92 44 70 6 36 96 65 39 19 99 69 68 69 5 79 9 30 61 81 97 48 37 34 4 6 85 80 6 89 14 
84 92 35 36 11 8 65 100 67 74 75 12 47 38 19 63 85 6 75 9 46 81 66 35 37 62 70 59 3 1 100 10 89 92 1 42 64 98 41 1 69 83 83 48 94 85 4 99 12 64 29 85 58 54 80 56 25 66 21 9 98 14 87 39 86 76 64 27 94 1 35 86 77 49 43 38 37 15 66 49 7 16 96 28 43 73 67 24 96 34 28 23 80 26 30 77 98 82 11 33 62 49 44 51 41 75 5 34 30 15 55 61 91 16 52 24 4 91 33 92 37 58 14 44 77 25 1 87 83 0 22 20 46 44 66 4 37 11 95 2 15 6 19 94 14 65 28 76 28 66 76 78 29 78 46 100 32 81 4 7 5 37 81 18 
12 14 47 30 42 14 93 28 45 94 10 37 1 97 20 99 71 72 77 81 49 34 77 64 27 87 30 89 69 6 2 18 54 36 30 85 75 93 57 38 52 11 85 98 82 43 52 44 48 98 74 84 89 64 6 53 87 90 3 68 86 39 68 66 58 33 31 79 13 73 68 14 3 89 38 49 50 56 56 27 25 19 50 21 87 13 22 56 64 5 34 0 65 2 13 6 51 4 72 97 62 81 52 78 9 51 81 20 29 78 67 51 10 55 36 49 42 53 76 77 5 78 14 82 98 5 54 40 89 28 96 80 100 93 4 52 93 17 70 76 96 0 30 46 46 16 38 62 23 37 83 10 65 75 6 47 43 16 38 32 56 99 26 15 
18 96 62 91 8 1 2 21 10 27 80 69 15 54 3 39 93 43 43 32 70 14 52 86 6 45 61 20 0 73 89 90 15 67 5 16 61 62 17 42 56 34 100 62 12 62 45 7 22 57 86 88 82 38 45 90 8 95 57 33 19 84 1 15 22 53 24 76 31 81 69 74 67 11 46 47 11 17 21 60 60 13 75 51 94 87 97 32 60 25 0 13 5 13 53 80 16 65 47 78 80 66 37 54 59 51 11 24 52 99 57 59 78 29 89 35 98 89 49 42 89 68 93 39 15 82 63 17 59 85 57 22 85 62 49 54 32 12 99 25 2 55 33 33 8 52 11 25 85 1 30 56 72 51 4 31 63 91 99 16 64 2 53 50 
54 41 77 32 16 52 45 16 91 54 82 84 59 15 59 52 23 41 85 93 13 35 36 75 93 73 50 80 69 31 55 38 88 76 79 49 34 90 84 45 97 14 40 81 32 43 100 96 94 40 47 65 52 77 16 96 46 35 79 56 98 16 2 91 91 21 46 81 49 80 76 69 71 52 57 77 69 42 60 75 38 0 18 61 74 23 57 59 46 2 37 86 87 82 36 84 13 99 62 18 52 73 94 10 12 90 47 28 89 15 20 42 66 46 37 70 63 77 0 49 100 50 10 87 16 100 98 54 70 72 61 17 94 70 88 42 48 12 73 37 2 45 85 91 57 1 80 12 27 49 100 31 68 68 51 2 79 67 3 43 13 42 59 69 
21 18 84 8 30 72 29 62 88 27 9 93 30 11 17 87 52 30 89 60 82 69 100 6 92 5 59 13 63 19 84 87 78 21 68 92 98 55 13 97 15 96 54 37 79 5 21 66 54 34 84 88 34 80 33 65 69 33 23 25 44 60 93 2 83 54 84 13 20 68 53 73 18 11 78 18 23 96 29 81 52 58 30 92 1 46 67 76 24 86 90 28 84 17 8 94 76 40 71 9 9 92 5 21 53 45 73 47 87 30 28 95 61 36 73 14 61 9 57 86 17 17 55 50 51 10 74 8 12 99 50 50 2 89 86 31 27 5 42 43 71 38 94 56 31 58 89 69 78 27 20 92 56 78 46 35 73 28 11 24 65 75 43 98 
89 31 53 62 34 72 98 23 69 27 53 79 15 19 48 11 81 28 98 52 48 0 88 99 78 41 28 55 61 58 9 18 3 100 82 40 100 55 60 46 57 3 75 34 46 98 34 76 30 1 90 87 78 2 3 52 98 32 61 52 30 63 22 52 90 11 96 30 98 32 58 26 35 57 59 46 86 44 67 72 58 84 19 17 28 57 92 39 70 59 31 75 33 40 12 32 65 83 97 16 61 49 54 27 65 26 0 92 13 72 31 36 34 46 81 15 58 40 87 57 85 41 100 13 12 25 2 65 85 63 99 9 87 58 65 81 12 63 46 19 49 73 71 32 84 11 95 27 45 69 83 94 41 2 88 41 99 68 8 98 42 13 31 64 
63 25 36 62 45 70 33 80 82 28 61 22 86 48 45 29 30 1 67 81 9 30 64 18 74 55 90 23 74 99 84 64 22 16 98 8 7 15 12 41 6 4 64 65 83 26 40 78 22 60 14 60 56 2 40 98 9 86 75 29 33 83 75 20 51 56 41 54 75 38 52 81 0 24 87 91 45 69 89 29 71 9 43 36 74 53 52 21 90 63 21 48 36 35 88 63 53 75 16 86 39 19 32 90 69 14 99 100 91 22 88 41 25 52 16 85 83 74 43 4 21 24 53 93 43 42 73 15 72 31 94 33 65 96 57 44 63 45 53 35 96 61 66 94 13 38 72 40 66 43 53 99 22 71 33 11 11 73 66 18 78 87 3 40 
78 35 26 29 58 89 41 90 83 14 93 53 17 11 79 22 64 16 0 88 56 90 99 70 30 76 62 18 63 50 75 40 100 4 83 100 66 53 97 3 8 78 36 85 63 37 5 82 33 73 43 87 2 30 76 83 76 84 81 43 97 11 90 53 58 5 80 99 63 12 84 31 67 95 40 13 46 70 63 23 43 49 42 79 46 98 64 14 91 81 86 77 99 23 84 65 83 92 82 45 17 90 65 8 54 8 98 49 19 82 60 11 49 48 75 53 13 19 47 38 3 69 69 94 13 79 56 48 96 25 49 85 13 90 7 65 66 52 50 4 24 15 6 43 22 9 15 10 36 58 99 67 33 12 98 12 15 28 2 3 7 20 70 60 
62 91 99 9 66 59 70 45 81 96 64 92 21 56 17 1 68 44 37 17 91 42 37 100 11 30 41 82 46 15 65 55 77 18 30 71 47 34 35 69 62 4 6 81 74 78 13 15 60 41 75 88 1 19 67 95 48 59 23 14 19 64 42 3 85 25 76 98 28 93 63 75 61 37 54 58 73 21 2 95 37 71 36 16 25 47 88 84 1 83 36 93 76 13 36 58 72 29 55 1 28 71 10 47 71 43 15 25 6 70 3 8 37 65 29 34 46 50 28 54 63 9 96 66 6 84 64 12 54 81 41 37 77 22 19 52 29 14 28 25 51 12 71 37 19 82 29 1 83 84 99 52 97 61 33 90 96 23 84 15 13 1 90 34 
73 8 83 67 25 55 63 85 35 93 78 53 69 51 41 80 65 2 51 81 26 56 54 22 93 99 31 29 0 22 76 78 35 63 96 35 36 26 3 58 45 20 66 16 42 38 75 77 91 83 18 23 32 79 53 84 96 83 60 90 35 42 90 37 73 62 24 39 32 72 13 92 84 98 17 38 92 81 75 38 93 21 30 62 33 12 86 81 14 21 77 57 19 5 10 47 21 16 61 25 95 94 100 67 3 83 33 7 18 58 27 94 47 68 72 79 98 96 39 90 9 39 79 53 19 29 41 42 88 52 21 11 80 46 73 78 43 4 94 64 89 42 43 35 67 62 83 87 58 56 28 60 2 40 28 0 75 88 88 24 4 36 79 83 
96 46 83 52 32 33 29 72 50 74 22 25 95 85 14 53 76 60 30 97 10 2 89 32 77 45 2 4 75 89 32 97 34 59 16 52 28 90 25 10 52 17 40 33 24 25 5 22 1 100 80 30 70 50 55 31 5 99 90 63 21 51 68 89 18 10 48 11 8 68 23 25 50 9 7 99 97 17 94 89 95 91 56 46 57 54 94 89 38 4 96 52 16 3 90 19 65 42 69 91 32 88 58 54 73 59 64 35 48 6 66 60 61 54 85 92 30 36 4 35 44 28 30 35 3 41 10 29 78 16 39 46 11 97 1 54 48 56 37 61 49 12 0 24 1 94 83 12 35 24 79 54 28 10 10 46 78 93 40 100 30 41 65 40 
8 25 38 88 29 45 80 30 72 15 13 66 28 56 59 99 5 36 83 51 30 29 14 53 74 63 34 50 77 58 81 26 10 21 35 21 97 84 87 3 22 91 95 85 25 24 41 92 75 35 75 91 1 17 70 48 16 36 73 4 36 24 66 32 49 79 83 45 99 17 3 86 0 9 4 54 58 38 59 25 78 73 7 62 12 20 53 1 77 27 61 99 38 40 81 20 19 54 54 93 87 10 97 41 81 11 65 45 18 20 89 66 36 21 90 91 44 2 55 71 32 79 47 82 7 33 38 12 17 5 78 88 10 18 53 65 75 47 71 70 50 63 93 41 18 42 62 59 81 14 8 10 100 14 88 61 21 63 55 29 87 58 67 9 
97 70 26 80 83 71 36 62 19 53 31 75 81 38 47 87 9 75 12 17 8 53 28 63 72 27 60 66 76 29 7 97 64 72 98 79 87 48 13 60 52 93 31 32 66 40 52 65 63 54 90 94 48 74 92 50 47 96 54 31 18 91 66 82 87 32 33 87 51 93 30 60 89 77 71 91 61 26 63 34 99 85 67 77 28 40 53 52 29 44 71 87 49 92 94 48 49 67 78 37 10 42 95 77 69 18 2 55 28 39 7 91 45 53 78 55 67 9 53 90 7 44 89 49 49 80 91 27 52 16 29 52 74 65 27 18 27 33 21 21 41 40 7 94 39 30 18 33 29 60 71 15 5 32 93 63 49 86 27 30 1 79 77 15 
1 73 26 40 47 56 2 16 55 53 92 81 7 28 28 5 44 4 20 19 91 83 86 51 24 93 43 84 48 4 8 48 9 58 30 88 61 93 7 6 63 98 99 70 59 92 40 5 59 57 34 11 51 42 42 16 78 49 41 83 17 72 49 4 20 57 43 8 86 84 57 90 13 59 5 34 60 75 36 40 27 64 11 21 22 4 85 82 69 52 30 69 74 52 28 76 7 28 66 89 56 23 74 98 83 36 41 72 90 43 58 67 7 22 34 38 63 42 52 11 53 95 27 46 37 11 91 37 76 84 46 75 9 15 60 48 98 57 98 25 36 45 79 59 67 16 62 100 26 78 68 32 35 29 18 39 65 0 19 55 78 85 43 27 
100 85 97 12 45 46 70 34 80 77 16 47 51 10 18 58 38 82 3 90 80 72 77 14 9 78 81 65 90 59 56 72 67 48 39 41 27 65 20 74 32 77 88 87 93 32 50 32 33 12 23 64 21 32 82 32 18 79 39 68 30 35 7 53 69 60 62 36 21 46 42 72 71 72 24 88 6 30 28 22 17 81 7 50 46 51 87 61 92 80 82 96 46 66 94 22 55 93 99 53 33 87 43 0 30 88 49 39 30 10 50 43 42 8 82 34 10 75 45 85 5 88 55 19 52 63 7 50 58 85 45 40 99 81 86 84 34 12 79 41 10 95 42 97 54 18 9 15 1 43 73 83 6 33 38 44 7 87 81 75 60 78 11 90 
4 2 1 15 88 6 39 25 84 100 30 77 21 60 84 68 23 10 10 89 3 14 47 92 80 21 46 50 62 23 0 31 13 54 22 13 17 10 6 85 65 96 62 99 49 13 86 59 0 81 83 80 30 85 84 49 18 32 67 98 80 16 69 93 12 98 34 74 51 26 84 11 5 65 43 43 38 84 1 57 12 48 55 4 41 38 31 50 2 80 10 67 70 26 27 93 15 2 6 51 52 36 82 60 8 21 87 78 79 75 87 83 3 82 11 43 19 83 46 57 65 6 21 33 98 23 85 43 27 21 10 96 26 76 96 82 46 18 42 73 16 3 27 12 81 59 27 72 88 92 99 76 82 52 75 12 38 33 11 87 24 67 8 94 
58 45 93 92 11 78 2 75 66 97 52 11 96 30 25 61 89 40 98 83 87 92 31 74 97 16 41 82 55 0 31 48 33 98 0 19 97 88 60 33 57 47 28 48 13 80 15 7 13 27 26 91 89 80 91 51 3 64 93 72 35 81 66 13 97 39 58 16 84 1 16 3 7 88 18 81 85 5 37 22 11 99 1 76 84 8 1 70 63 63 85 85 65 29 65 64 93 80 39 87 48 80 35 49 20 25 3 82 16 53 71 9 51 34 76 23 27 74 73 14 71 75 64 95 38 13 32 74 62 53 33 37 100 60 17 24 17 66 33 27 1 71 10 70 18 37 96 59 23 100 9 3 54 61 96 49 70 77 42 2 34 38 85 53 
12 87 79 7 70 0 82 27 92 26 61 42 94 80 26 34 7 4 95 37 29 64 86 6 29 18 95 75 65 73 39 52 48 8 69 63 17 1 77 16 25 70 94 22 84 32 99 40 47 48 93 42 69 98 28 76 12 53 56 22 96 56 85 71 85 18 61 64 7 21 49 19 51 80 22 68 22 68 26 5 10 32 59 52 71 80 30 64 30 23 67 54 99 13 23 65 97 12 64 90 80 99 49 5 81 38 79 63 45 7 25 60 84 59 26 97 19 57 27 66 41 7 28 52 82 38 60 98 66 82 18 94 41 92 49 77 21 47 83 13 59 0 19 63 90 11 56 60 64 40 18 7 64 75 29 37 41 99 74 22 6 57 88 84 
5 75 98 51 35 61 27 91 59 99 45 52 43 85 44 57 58 22 42 31 55 23 94 50 11 31 87 100 56 94 78 17 67 17 83 25 61 1 5 42 18 55 14 10 14 37 28 5 29 30 41 54 83 71 100 54 21 73 46 42 40 81 30 51 44 94 64 91 78 50 12 79 34 29 82 98 40 80 5 86 0 73 30 47 97 95 61 36 46 48 68 94 30 37 77 95 95 74 15 13 82 22 52 65 91 3 85 89 36 56 30 96 92 5 27 75 31 25 91 23 33 12 27 93 16 81 88 60 10 54 22 18 55 33 55 36 22 95 66 16 37 55 60 36 70 53 42 67 16 22 70 19 92 73 77 67 30 30 51 38 41 2 12 32 
94 15 54 83 37 56 38 52 94 90 72 43 77 77 61 80 76 39 79 36 45 90 18 93 70 10 36 27 17 19 78 89 82 17 4 15 20 19 26 50 33 65 98 72 33 98 67 92 49 12 81 22 85 74 89 66 20 88 77 69 54 57 53 97 29 68 24 69 7 69 96 23 81 97 16 57 83 0 86 16 11 62 34 37 21 58 8 25 33 57 64 72 94 63 33 48 54 93 97 44 84 99 76 52 18 51 96 49 24 68 36 90 45 36 96 43 80 32 51 6 18 32 65 60 26 70 26 87 82 79 59 66 99 28 12 67 52 91 55 100 24 54 79 54 55 79 64 6 81 2 29 59 31 68 52 10 4 97 37 95 71 14 80 42 
100 41 36 51 70 6 43 48 32 30 44 82 97 64 71 44 58 3 39 100 22 89 84 6 62 16 22 0 70 97 57 12 57 69 40 30 75 6 16 91 68 62 58 73 9 55 30 49 24 81 85 10 42 23 44 58 44 49 90 97 91 45 76 42 44 91 4 34 76 13 57 57 83 70 12 24 49 55 85 56 93 21 37 38 61 6 69 88 63 56 26 12 55 88 90 93 87 22 17 74 100 26 73 79 3 29 64 72 8 51 27 4 79 61 73 6 37 79 31 84 66 29 12 19 42 63 76 10 0 23 21 85 60 16 25 95 56 61 8 56 94 25 9 61 79 22 67 65 16 13 15 52 74 3 30 99 72 3 35 57 19 96 54 16 
64 56 8 12 0 40 67 79 31 27 32 80 88 55 70 94 13 99 47 87 4 87 73 0 1 93 72 85 2 28 39 75 45 13 22 67 68 22 26 18 56 87 75 68 13 14 20 85 12 94 73 72 21 3 69 57 45 27 67 80 67 69 26 82 90 82 48 63 53 40 14 29 42 67 70 85 23 73 86 37 54 47 51 76 74 61 40 98 29 32 88 27 10 100 63 54 29 33 89 75 66 74 36 72 42 57 3 100 27 14 45 42 44 7 85 46 94 36 30 80 17 12 74 99 22 36 16 96 8 34 32 38 87 72 99 0 55 19 82 96 11 62 6 93 83 41 90 12 60 73 24 43 8 58 8 36 77 14 84 81 67 11 41 70 
55 57 66 37 26 7 81 85 92 28 79 44 81 3 13 33 72 98 28 39 88 43 27 94 74 63 69 47 53 43 87 11 49 9 78 27 43 100 79 84 21 100 4 83 68 72 59 89 43 5 31 44 22 1 31 55 53 0 57 77 4 45 29 90 62 43 36 72 29 92 1 15 42 92 8 83 24 56 25 37 75 73 56 82 68 18 6 1 71 31 38 84 74 0 43 89 6 44 95 89 39 60 39 45 43 92 9 85 71 100 57 29 16 23 29 78 79 52 10 44 76 75 4 48 81 91 32 6 83 74 43 58 31 12 79 14 13 15 98 8 38 93 48 90 6 10 89 78 85 17 57 93 88 36 24 54 14 89 34 100 90 59 43 4 
94 38 57 62 78 89 36 47 31 97 72 62 25 87 40 10 63 67 69 0 1 62 27 73 68 66 93 9 17 10 97 53 85 70 6 13 64 60 95 37 55 15 21 10 88 16 15 42 44 86 56 70 56 9 68 82 15 33 25 85 3 86 52 6 30 56 25 12 74 34 48 2 81 18 89 34 53 8 63 98 41 26 34 90 90 75 3 57 12 6 60 42 39 86 52 60 3 100 72 41 47 90 22 65 83 78 46 7 57 48 54 16 2 10 71 74 66 37 90 78 69 40 54 41 91 39 86 14 44 91 7 53 18 24 70 71 35 21 94 100 21 47 41 17 61 68 0 80 23 92 7 0 80 7 77 46 5 76 43 92 72 65 9 67 
95 47 56 100 27 65 4 82 57 79 86 77 19 10 73 96 7 16 14 70 85 80 36 19 29 96 94 29 48 14 2 9 63 38 81 86 53 27 2 94 24 90 91 85 12 100 46 71 92 66 88 2 81 46 87 88 15 76 67 14 98 36 8 60 85 49 53 74 74 55 53 11 56 94 36 10 56 96 80 47 94 78 41 43 83 77 90 88 45 12 44 97 78 32 62 55 70 76 66 47 97 73 91 27 72 96 59 64 16 34 90 29 77 58 41 9 14 84 13 79 45 73 84 49 71 95 39 47 43 35 53 66 59 5 94 40 69 28 64 85 82 37 8 94 23 35 1 47 73 84 29 63 87 58 15 2 88 93 67 72 59 95 56 58 
51 61 23 8 18 59 68 71 81 84 88 61 74 50 73 60 41 17 0 36 54 51 66 88 31 52 31 58 70 0 98 12 38 84 9 24 77 51 63 95 84 13 23 45 49 73 22 69 49 11 95 17 17 94 23 46 74 38 1 91 52 11 23 19 72 14 46 70 76 53 15 44 27 30 65 5 22 49 22 39 42 100 68 28 69 96 86 94 51 63 64 0 28 13 100 17 82 9 76 34 77 92 28 5 35 94 17 12 70 31 70 8 61 24 33 70 17 20 0 39 65 42 65 32 74 94 4 26 54 66 76 74 79 61 87 58 58 73 49 62 78 47 84 78 12 29 28 16 19 20 51 92 48 15 66 69 70 5 23 95 4 59 37 9 
66 74 78 39 19 67 94 0 43 26 29 62 2 63 99 78 66 7 54 15 92 16 15 52 62 90 39 17 76 53 34 66 17 56 44 13 100 35 85 41 79 59 47 41 26 23 29 32 66 56 14 4 97 88 70 77 87 45 50 79 29 31 9 95 28 41 99 89 86 27 27 83 9 94 49 82 100 79 71 94 20 78 56 41 42 43 86 26 30 34 33 46 59 50 45 96 99 4 30 6 43 48 13 50 73 74 32 35 4 96 55 40 97 40 5 87 16 53 2 76 84 65 25 47 13 77 78 74 67 21 0 59 97 30 97 95 95 42 69 5 62 87 79 88 67 67 48 0 95 67 59 23 49 49 82 66 91 87 8 41 88 42 30 82 
52 67 67 60 51 69 66 2 46 3 40 26 14 9 69 63 62 74 98 71 33 31 35 72 78 89 41 92 46 52 42 98 31 45 54 24 27 33 15 85 24 71 90 43 14 47 70 31 88 72 73 56 71 51 7 77 68 97 11 87 18 40 35 82 47 30 53 10 100 80 92 55 7 49 38 43 76 36 14 31 38 18 68 25 78 60 24 18 19 79 11 45 5 44 95 28 49 59 88 44 80 16 45 5 99 31 9 41 9 0 26 3 84 49 86 85 69 0 72 25 0 98 99 32 59 95 51 7 46 66 60 48 51 87 69 37 61 32 13 74 16 23 7 23 44 58 11 47 12 81 87 9 67 34 53 63 91 70 20 81 1 18 93 96 
93 83 1 1 87 82 82 8 99 23 10 71 42 1 5 70 42 94 4 29 5 87 41 30 6 68 54 100 100 65 1 67 76 62 92 12 30 9 6 28 39 57 53 9 17 3 48 43 41 12 14 36 92 12 34 78 32 20 84 98 36 8 79 100 75 96 60 13 72 30 4 74 50 26 64 50 41 82 18 47 94 57 1 53 62 96 5 73 68 39 63 27 81 55 74 37 73 91 24 95 54 18 22 19 48 43 44 32 17 31 59 15 71 70 56 65 51 99 87 10 48 58 65 71 73 84 1 13 14 52 7 46 75 89 62 34 19 21 81 95 26 60 77 23 93 84 71 70 50 21 17 47 100 16 5 79 63 9 85 22 82 57 66 73 
42 0 70 78 95 15 3 22 19 85 66 96 96 11 88 68 66 59 63 68 17 94 32 85 74 87 46 52 59 34 20 9 7 13 2 53 61 61 7 56 93 23 67 39 1 55 84 56 83 39 21 7 78 22 11 55 98 39 55 7 91 41 63 99 9 55 62 41 66 94 50 70 74 45 38 58 76 92 53 65 46 73 72 8 0 32 69 31 23 48 53 32 93 15 92 22 6 51 60 68 80 79 56 65 69 7 13 3 80 32 19 31 71 3 56 18 9 95 44 100 9 1 97 76 7 10 4 38 94 88 89 10 67 98 98 5 29 71 79 18 7 89 46 64 7 31 72 57 24 88 81 58 4 41 67 1 3 53 80 31 55 47 50 59 
