91 52 95 0 43 100 6 37 88 71 64 24 58 59 15 54 76 63 61 80 49 78 54 89 41 53 27 41 33 58 90 47 16 32 100 10 29 48 69 59 6 43 16 41 62 10 17 75 23 7 41 94 17 54 100 39 73 39 47 91 17 88 61 46 15 91 24 74 75 25 29 33 72 66 70 43 66 38 97 98 60 34 95 96 80 61 55 85 95 68 6 5 15 27 31 82 70 31 99 22 27 72 90 48 19 88 44 1 4 72 44 91 9 7 72 25 46 69 4 83 4 93 47 60 37 3 87 95 28 83 29 12 76 75 99 67 13 49 74 60 82 96 22 86 93 18 97 14 93 60 74 73 63 76 58 85 96 7 92 36 37 29 47 13 
69 82 84 6 43 69 22 25 55 6 23 68 74 100 60 39 26 66 43 63 43 16 68 58 19 56 98 67 65 50 25 57 71 69 42 94 71 18 42 36 89 65 66 75 52 84 99 97 19 23 68 64 34 3 39 43 84 57 55 55 100 50 56 53 48 49 2 93 35 37 86 99 44 85 72 56 46 48 61 78 15 67 6 21 86 16 44 37 58 84 21 26 41 54 100 76 54 77 91 90 18 66 59 29 1 9 94 2 34 95 98 72 56 85 22 42 69 96 5 24 79 87 74 9 75 65 50 60 96 80 45 86 98 100 77 32 95 79 98 81 7 98 56 10 1 38 73 81 31 27 20 45 67 67 52 2 10 73 73 80 9 71 1 85 
95 95 81 89 87 18 27 27 20 24 5 22 24 17 98 14 26 77 92 30 14 45 90 0 79 34 46 50 81 81 41 11 99 44 84 55 41 61 25 80 0 73 28 66 22 55 27 61 16 95 45 50 4 66 4 12 51 53 7 41 26 50 33 45 68 79 63 51 77 49 13 30 9 64 37 85 19 30 28 39 31 18 56 77 20 68 8 5 28 82 70 20 51 20 56 5 32 65 37 54 4 51 80 14 84 39 69 74 99 37 61 91 63 66 64 57 1 29 25 66 44 50 23 21 98 75 4 98 36 99 51 34 30 33 7 8 36 8 22 27 89 23 83 0 3 22 76 78 73 5 42 68 42 9 74 45 55 34 31 81 98 69 86 77 
30 55 34 8 49 44 83 80 35 60 82 21 5 42 69 87 85 76 5 100 48 27 30 57 80 29 7 50 9 23 8 61 50 39 37 39 19 71 63 68 19 1 24 45 93 54 100 23 69 66 67 40 69 49 95 18 12 13 79 24 55 72 19 32 51 93 0 72 71 94 67 52 25 76 15 12 55 63 61 44 95 12 11 36 20 17 76 80 49 71 97 99 40 100 65 44 92 61 55 79 42 48 5 2 33 91 1 88 27 71 98 17 13 43 87 24 47 90 53 95 10 84 100 72 24 39 19 59 28 58 12 96 96 7 54 66 53 53 38 85 84 68 26 18 58 57 56 21 57 41 5 1 85 2 21 8 57 37 2 19 22 99 51 74 
85 69 56 20 91 53 13 27 60 17 18 56 41 98 2 73 98 69 89 32 86 91 40 25 1 54 34 20 15 2 72 74 91 75 72 20 5 81 72 42 84 16 75 86 50 40 77 65 29 46 96 99 9 29 30 50 34 69 31 5 29 32 45 65 76 61 2 79 63 62 96 98 7 45 25 70 72 60 63 19 25 5 0 82 17 40 98 73 74 23 28 63 24 78 37 23 42 70 60 14 88 20 60 44 36 80 4 68 8 83 51 71 73 14 99 79 59 84 98 20 91 88 61 63 1 39 66 14 45 48 33 90 82 79 81 68 13 40 82 34 93 24 82 48 33 69 74 18 86 5 100 55 96 14 83 45 32 57 91 86 15 46 29 87 
21 53 14 10 24 3 56 26 25 76 19 37 58 17 37 31 19 85 68 18 57 22 12 57 38 38 95 28 88 84 86 28 91 81 57 2 73 10 79 73 89 5 54 58 42 3 67 66 52 88 96 82 94 50 58 94 26 30 6 36 4 57 22 66 86 7 9 57 99 58 54 6 3 21 92 10 65 18 52 69 94 2 99 82 89 85 97 90 41 4 3 63 68 97 47 22 38 6 16 45 66 99 29 41 14 80 75 2 86 3 62 74 18 24 90 52 8 53 58 21 92 1 1 88 53 47 33 26 41 65 73 40 40 76 61 31 0 1 71 55 87 76 100 52 41 100 5 88 49 90 41 80 82 69 75 89 52 15 99 36 41 53 61 99 
28 24 1 23 86 37 36 48 69 34 9 39 91 88 87 85 51 92 44 52 38 2 34 31 93 74 42 45 46 90 18 60 27 49 45 88 74 88 39 38 76 83 60 45 68 68 56 74 36 62 10 32 79 88 46 79 88 46 50 67 24 37 19 86 100 21 57 26 87 28 93 7 38 62 42 76 66 56 53 87 95 48 80 33 41 32 37 50 17 46 9 88 52 99 69 94 0 93 67 11 90 70 82 75 1 93 13 34 12 76 22 82 23 7 82 13 4 70 1 64 58 47 39 15 37 24 87 41 30 34 23 72 6 18 60 35 89 45 60 66 45 85 8 96 78 80 5 81 50 85 19 67 89 60 95 41 88 77 89 23 27 23 34 99 
65 89 13 34 41 22 13 25 93 12 0 19 60 97 84 41 91 80 31 48 48 70 53 60 14 60 60 75 19 60 71 32 34 96 17 33 61 37 6 81 99 79 98 77 1 12 37 24 10 40 61 93 7 53 28 63 60 70 56 41 38 89 97 30 61 77 0 49 74 1 64 96 19 80 18 92 25 47 21 61 71 82 10 90 34 55 7 78 60 23 46 74 77 12 86 1 1 64 79 4 2 36 54 94 60 73 52 99 28 28 68 48 52 96 100 36 37 38 71 83 67 14 55 88 25 39 70 93 72 38 57 48 21 83 10 77 49 8 4 5 78 70 53 88 14 75 94 52 42 97 57 73 62 100 51 66 68 30 60 53 53 4 53 72 
63 58 87 100 2 27 100 53 100 46 24 10 96 51 23 17 44 88 16 65 89 90 65 37 56 50 96 89 40 81 62 52 74 87 54 37 50 73 65 74 21 44 15 81 54 45 30 54 24 51 1 22 38 85 15 19 74 72 17 32 62 75 28 67 0 1 36 75 28 63 9 30 45 67 60 97 36 99 9 95 15 53 9 94 84 61 52 44 21 52 69 97 69 23 57 61 97 20 93 41 77 13 7 30 21 79 93 58 4 55 82 8 1 39 10 63 87 85 51 73 96 9 59 81 77 70 83 52 69 34 76 30 85 86 26 67 61 83 94 11 53 87 44 7 11 54 89 2 75 25 3 24 13 31 46 27 49 67 89 38 22 65 77 18 
57 39 16 56 9 91 10 100 5 23 60 29 95 29 43 59 86 2 80 26 0 15 91 45 13 17 58 93 87 32 81 20 40 83 25 42 31 63 79 48 14 78 60 9 27 84 82 33 93 86 36 74 10 87 54 26 12 63 73 43 67 92 17 97 79 40 41 44 33 16 67 45 53 98 70 26 43 92 46 81 21 20 99 48 71 28 92 13 31 84 74 93 77 63 61 85 52 33 65 25 33 20 92 90 100 17 53 58 81 68 87 78 60 50 100 11 39 79 90 63 67 23 44 59 43 47 63 17 84 63 99 44 89 84 93 94 48 100 67 35 98 94 58 67 1 6 24 33 9 19 37 44 93 24 83 15 4 22 57 62 89 11 72 50 
8 66 15 13 35 26 63 98 61 61 9 96 70 34 3 9 42 59 91 39 27 70 40 43 76 38 79 86 39 33 64 4 1 54 43 21 29 74 57 92 41 57 83 5 98 32 42 72 65 21 29 100 16 29 2 53 19 87 66 54 91 57 12 62 0 15 38 1 31 42 45 52 47 54 64 99 36 61 1 42 44 27 12 53 26 88 30 99 25 8 86 21 94 19 91 83 49 32 1 92 21 19 28 72 70 29 28 19 65 84 1 66 81 22 64 88 97 40 7 57 36 35 81 71 99 68 60 29 11 17 88 94 15 91 16 93 3 25 12 39 24 5 72 11 52 49 53 0 11 13 89 55 88 5 8 27 30 90 19 18 31 37 8 12 
8 65 9 25 53 95 40 4 49 100 89 46 70 73 75 69 100 50 79 83 39 17 61 64 89 31 57 4 90 7 57 99 49 52 47 88 100 57 41 48 51 66 82 88 82 73 24 5 0 81 29 10 62 59 21 29 64 46 67 95 83 87 71 17 33 27 44 51 58 31 74 34 41 59 10 55 60 70 11 16 10 82 22 67 13 62 82 8 19 21 24 95 41 50 60 2 30 20 57 93 89 31 44 4 68 39 92 45 58 40 30 1 28 13 12 33 93 43 81 1 76 35 86 58 63 65 83 74 80 34 13 63 67 80 85 10 78 95 59 53 42 44 7 44 60 6 83 12 96 92 3 25 88 49 45 95 91 90 55 3 80 14 91 82 
22 28 95 48 26 60 100 60 73 90 21 80 87 63 85 82 39 90 39 2 10 33 60 64 68 84 74 19 16 9 69 78 51 47 14 56 5 55 64 24 15 38 22 10 38 10 34 50 89 59 9 3 92 88 40 54 75 57 70 61 68 43 44 64 58 74 81 74 2 14 98 42 45 10 74 87 84 3 1 99 14 91 50 47 53 38 96 27 48 93 27 6 31 47 54 78 24 22 87 11 79 99 87 49 10 37 91 47 14 18 10 39 59 87 100 61 33 86 76 83 98 66 31 24 0 71 19 96 100 75 96 37 42 67 90 85 78 17 74 29 89 97 69 37 15 70 80 52 26 40 87 52 72 77 7 29 21 65 2 17 77 87 99 81 
79 42 24 7 63 61 52 64 54 43 75 10 51 86 82 87 47 65 83 33 91 74 0 90 47 38 84 76 38 78 33 7 38 27 37 89 16 71 68 83 50 3 12 65 79 73 27 52 23 40 50 52 9 45 85 3 27 59 81 58 43 51 62 50 67 71 69 20 75 15 68 7 99 66 43 25 99 21 8 11 52 51 58 51 25 72 15 70 69 11 57 83 0 67 60 3 52 49 99 82 46 83 69 56 58 50 43 45 9 79 1 72 92 85 91 69 6 94 53 6 86 82 11 6 62 35 93 96 51 43 51 87 67 30 100 32 58 10 48 56 38 1 35 95 1 52 91 16 53 60 37 80 25 16 87 12 51 57 40 65 38 49 14 30 
78 98 0 17 56 24 66 2 97 50 4 52 15 77 78 58 54 76 43 35 58 33 82 54 64 2 22 98 6 38 12 81 35 22 12 40 15 62 21 30 75 85 23 64 34 8 67 40 70 46 0 8 37 52 47 8 56 55 12 39 34 42 92 34 75 32 24 77 54 75 13 38 15 6 77 17 39 85 16 75 26 49 12 41 31 44 36 13 46 29 44 2 28 25 72 73 37 88 37 73 25 48 90 55 50 9 71 3 37 100 36 33 35 49 59 93 57 49 34 40 70 1 89 9 60 48 43 69 51 18 18 100 55 27 77 5 38 1 12 77 48 42 51 35 27 58 26 79 68 67 56 75 47 80 37 60 3 39 96 8 91 77 50 8 
18 34 30 48 97 68 13 67 9 71 98 39 79 80 73 44 31 32 99 34 10 35 2 24 89 8 37 10 81 30 72 57 73 46 61 57 18 74 14 40 27 40 68 26 25 1 27 20 93 73 46 81 33 99 46 11 16 78 46 30 97 2 7 93 36 19 63 22 1 32 63 96 87 9 62 88 80 40 21 1 62 24 8 36 27 69 58 4 98 3 95 56 20 43 68 48 32 59 74 79 94 56 56 48 21 91 16 75 56 2 36 29 2 65 62 66 98 38 51 91 86 61 17 4 14 92 80 74 97 91 38 25 59 12 56 81 86 57 43 34 62 56 56 82 8 89 85 0 29 15 12 87 11 62 98 85 83 87 93 88 34 58 56 64 
33 37 9 8 42 88 27 50 93 85 73 71 36 80 16 24 34 52 30 52 40 26 6 58 43 17 98 52 67 92 67 53 2 98 44 76 87 42 55 45 76 65 22 62 78 1 99 33 85 81 88 7 26 85 36 1 16 8 21 57 3 90 19 90 26 75 93 92 45 37 27 96 73 78 79 7 84 43 60 91 25 76 65 99 85 79 45 29 99 20 87 76 96 11 75 57 26 86 35 32 1 84 58 15 41 18 32 77 70 66 17 34 62 71 31 16 84 68 28 5 92 3 61 47 87 91 51 70 98 99 20 21 3 13 37 63 83 44 87 62 61 54 83 35 81 2 9 99 64 19 72 61 63 40 83 63 55 58 23 92 95 30 76 84 
61 57 58 28 58 58 14 23 11 99 48 1 87 31 20 80 70 67 3 83 5 51 32 44 39 40 26 15 46 51 87 74 81 87 24 21 35 25 100 71 53 0 100 55 11 57 8 38 26 10 79 35 15 80 82 46 4 96 75 78 9 3 29 75 87 59 11 14 61 34 49 94 29 7 2 36 12 81 10 70 77 76 59 46 64 25 29 54 91 59 99 41 7 97 23 9 12 61 77 40 84 87 18 20 29 34 93 76 17 10 16 87 95 98 30 39 28 77 27 35 61 83 57 41 91 34 59 12 82 14 72 19 92 6 50 74 46 93 14 66 0 75 32 93 84 84 90 76 73 2 87 32 48 84 72 20 71 75 56 33 21 32 4 60 
33 6 74 79 43 12 4 33 92 87 81 48 38 41 40 85 10 80 96 36 53 37 99 73 98 15 40 16 20 35 50 75 61 17 24 72 7 3 33 13 77 28 45 52 38 34 5 13 17 68 40 3 40 29 21 24 90 72 37 57 97 56 100 39 54 91 15 50 39 52 97 90 0 75 13 72 65 33 63 10 1 49 61 72 53 96 11 39 59 13 18 36 60 62 43 38 80 33 11 70 54 91 64 9 44 48 16 39 72 14 18 3 86 72 12 46 43 71 0 15 51 69 70 94 80 3 23 80 78 88 81 83 65 52 6 5 12 61 34 1 14 53 91 98 45 19 100 42 51 47 98 60 25 63 22 47 53 33 46 74 2 81 93 4 
32 25 49 13 21 48 47 27 2 96 7 92 59 12 73 17 88 2 6 41 73 81 94 68 24 26 12 12 17 12 67 6 5 55 91 58 47 27 31 17 11 69 4 67 46 51 12 29 80 7 22 23 63 36 87 13 78 25 35 63 47 40 75 93 100 8 36 52 66 39 78 71 45 30 46 64 70 16 43 72 99 18 75 52 63 12 31 13 43 22 54 8 54 29 18 31 58 85 49 2 57 97 56 34 46 54 13 52 17 34 96 1 85 76 88 77 29 77 5 32 59 37 70 64 43 62 39 50 84 79 23 76 52 76 71 46 24 64 90 53 0 10 15 97 20 17 62 94 90 24 50 4 9 84 79 32 0 11 90 28 11 21 38 24 
62 5 0 45 31 93 26 14 22 51 3 70 36 0 62 87 21 72 95 23 55 100 63 69 55 1 69 4 87 34 16 26 40 34 97 4 94 58 90 54 73 28 47 85 22 83 18 58 37 59 50 19 16 79 81 29 15 78 94 59 86 88 23 90 14 44 77 28 42 66 2 14 74 75 9 51 8 39 78 56 18 16 71 86 65 59 37 61 22 62 94 5 80 48 26 60 11 3 25 75 43 16 47 22 75 34 93 66 51 86 5 29 27 54 82 41 64 76 72 63 37 15 21 44 72 14 58 49 53 67 97 26 14 22 2 64 5 82 82 97 52 84 72 41 3 92 4 36 67 14 2 96 8 9 78 28 80 70 99 99 52 19 19 82 
69 1 82 42 91 42 73 33 84 57 25 57 87 34 14 12 30 30 70 76 29 56 14 66 36 3 83 43 87 63 7 71 74 22 64 24 44 88 13 35 48 43 47 9 87 0 56 12 32 44 55 33 100 98 13 53 79 86 80 30 57 82 19 51 40 15 5 52 11 49 50 66 85 62 25 13 2 66 25 37 70 54 44 65 85 27 73 55 14 94 86 6 77 27 91 25 20 85 81 53 70 22 100 85 79 18 94 42 78 6 73 71 33 98 92 33 39 21 17 27 46 37 83 59 79 56 46 83 53 84 47 93 30 81 8 46 17 36 34 85 35 1 76 10 39 6 9 97 100 26 89 57 47 60 80 100 16 33 20 19 49 70 32 53 
23 71 44 82 99 35 35 90 25 64 89 28 22 55 38 89 96 62 11 91 50 68 72 12 19 75 73 29 10 98 94 98 33 54 90 25 6 62 93 12 7 62 14 61 56 96 37 21 31 90 93 94 91 98 2 45 88 3 36 83 31 98 75 21 7 100 77 94 73 100 19 100 31 71 18 47 51 28 53 11 32 58 3 36 50 77 51 65 67 9 70 92 49 9 27 41 29 20 46 52 71 10 29 56 87 12 94 93 57 89 9 22 43 32 18 75 80 72 79 48 100 100 4 63 10 48 98 81 38 19 56 63 39 90 37 35 100 98 95 37 51 1 93 75 63 18 19 89 42 42 74 46 80 19 98 40 93 99 94 61 17 69 69 92 
16 55 83 20 43 22 81 24 50 46 40 51 78 40 33 13 42 74 96 30 13 83 46 10 14 12 35 18 71 15 82 30 59 92 23 27 83 59 84 45 74 23 60 1 82 77 12 37 62 61 48 74 96 18 25 18 92 13 76 12 21 34 26 100 49 90 80 47 94 3 65 19 80 68 90 21 67 39 13 77 3 74 47 92 76 6 45 21 24 51 83 44 14 75 42 47 47 37 81 21 3 70 61 10 74 1 9 23 49 51 58 12 83 83 11 16 47 64 94 53 27 44 36 83 94 94 26 82 33 80 12 91 4 88 10 84 7 2 100 81 94 57 45 78 35 14 90 54 30 96 35 85 57 97 72 86 56 100 23 68 2 72 64 35 
54 21 88 89 55 45 72 57 6 50 72 72 95 59 92 98 55 71 12 76 16 98 49 79 72 54 21 7 21 64 14 29 45 56 29 16 4 55 12 55 48 84 100 89 100 86 94 5 82 80 16 90 3 21 60 83 69 95 13 86 53 45 79 32 62 12 19 59 100 90 8 34 37 6 61 88 40 72 90 26 47 68 54 67 3 63 7 33 42 35 56 77 0 39 24 22 9 2 18 46 9 95 70 14 43 20 34 4 55 36 98 31 45 10 78 85 42 82 12 29 40 86 70 99 58 66 76 96 50 18 86 12 28 33 83 90 16 85 28 97 37 27 0 44 69 35 32 50 67 55 72 45 71 86 28 2 74 85 40 42 100 44 31 59 
22 20 52 99 26 60 95 78 55 29 76 43 3 30 68 0 79 89 21 24 43 57 94 1 77 79 57 90 99 24 45 74 97 28 88 40 82 93 46 36 96 59 20 0 38 94 86 30 13 45 92 1 82 5 2 58 63 37 61 0 36 98 20 6 45 26 48 25 94 96 23 65 85 45 40 73 20 42 32 54 62 21 68 92 62 14 28 9 36 76 23 68 1 18 68 90 13 4 9 58 14 41 88 95 45 19 44 44 12 12 88 100 6 28 63 83 18 12 86 99 66 96 1 81 86 96 29 74 53 26 1 81 44 50 95 97 39 58 76 95 48 43 1 45 56 89 58 89 67 20 19 68 44 10 18 4 80 36 50 68 60 40 31 10 
5 20 77 19 15 16 34 68 95 83 2 98 27 86 20 92 45 1 32 60 75 30 81 60 72 94 75 82 58 22 78 40 3 50 84 93 90 18 99 84 25 2 68 55 40 43 9 12 64 92 68 57 40 63 28 29 58 52 27 62 65 14 30 33 37 87 16 58 21 10 64 47 37 43 27 66 51 14 26 30 10 72 62 21 13 0 14 21 87 41 51 5 9 69 52 64 66 14 2 64 94 24 76 67 17 85 17 97 76 17 61 48 23 77 87 39 47 40 21 90 67 18 15 92 80 96 24 3 26 14 32 75 73 100 47 79 12 13 27 18 43 43 11 19 28 7 58 19 22 73 58 67 27 36 33 29 87 62 49 60 82 61 65 45 
12 80 93 64 44 78 49 0 39 69 9 51 4 89 45 53 1 22 42 81 42 86 42 21 54 17 61 76 100 29 29 96 24 58 28 62 14 69 80 43 34 19 71 23 53 30 37 38 26 33 9 39 65 91 98 34 42 98 58 92 79 35 1 77 53 26 50 58 39 31 10 3 15 40 61 14 90 93 7 3 98 60 84 33 97 16 80 34 30 93 40 41 11 43 41 37 19 89 57 61 28 63 19 93 16 51 75 13 18 46 9 65 38 24 1 99 73 62 54 47 19 52 93 84 29 65 46 21 51 70 30 93 55 89 24 54 21 98 68 58 80 61 93 53 32 26 26 57 66 75 88 32 26 36 71 58 24 0 2 29 63 44 22 48 
49 26 64 71 10 3 68 27 9 98 41 42 0 33 100 62 18 49 29 32 29 44 96 2 18 95 83 60 65 76 15 78 93 91 40 63 29 80 75 75 18 22 20 83 52 74 84 61 90 70 4 62 100 15 98 18 12 94 75 91 21 78 1 56 26 4 16 75 4 68 2 53 79 46 99 93 98 80 46 68 40 80 68 6 33 16 29 77 68 43 19 42 81 93 34 25 16 81 27 6 36 15 73 8 65 7 69 70 49 8 48 38 73 46 2 53 55 85 98 34 45 69 33 50 83 12 95 31 34 31 88 90 39 54 98 49 50 90 32 19 53 1 47 17 37 89 12 76 68 50 90 28 76 50 10 36 67 54 69 22 74 31 34 3 
21 79 8 69 62 60 32 4 63 48 46 69 49 99 96 11 100 47 98 46 55 72 3 82 68 98 74 99 49 72 65 11 66 45 28 86 69 37 18 57 62 19 33 97 43 84 73 14 90 81 96 77 45 11 50 63 11 38 44 84 71 52 54 35 22 4 100 29 30 24 61 56 83 2 68 57 50 16 63 37 59 30 89 8 81 35 68 89 17 93 20 70 85 44 5 90 42 86 89 13 28 10 95 50 21 81 95 34 33 30 87 10 99 60 20 93 27 93 82 14 69 23 60 98 94 85 44 39 72 84 49 23 25 31 98 67 25 29 18 89 98 66 7 53 73 52 44 20 97 8 16 24 96 1 1 32 40 74 24 76 40 21 43 5 
58 94 39 73 0 66 89 95 47 15 37 7 90 9 74 12 36 85 58 86 7 97 89 73 21 47 22 46 88 80 65 35 40 77 44 77 64 40 43 55 34 14 89 59 43 55 70 51 87 51 5 32 90 55 80 88 97 41 49 92 27 42 16 75 63 28 65 67 69 95 55 5 76 54 30 65 98 14 86 42 88 19 95 98 39 51 88 10 63 76 22 4 58 11 12 46 28 67 36 27 11 2 58 29 53 38 45 44 26 48 13 34 87 33 18 9 95 19 68 12 68 96 9 34 11 76 31 2 6 81 7 28 89 10 91 52 33 5 78 63 34 27 75 77 78 25 23 73 45 17 57 37 74 74 55 51 73 80 90 68 44 45 42 0 
64 63 5 81 53 91 87 1 58 20 5 19 62 41 99 96 79 68 70 61 7 87 68 28 32 80 61 55 35 50 32 73 73 43 30 6 2 46 2 14 59 8 58 20 82 67 68 63 53 80 7 41 30 87 46 14 6 79 67 33 29 12 16 23 0 64 11 14 1 22 76 57 49 34 48 97 93 35 80 74 66 25 39 8 75 15 43 93 35 77 37 65 7 24 2 80 49 99 3 88 37 66 2 53 10 16 52 65 64 45 73 26 52 88 48 46 33 31 0 95 93 92 82 73 88 96 89 82 74 79 15 68 28 35 39 6 53 32 91 82 70 1 27 93 87 77 28 76 96 59 39 8 62 72 4 54 68 29 53 25 63 76 65 7 
93 34 72 37 6 28 98 63 42 43 9 37 12 9 88 20 94 32 4 32 87 62 34 8 68 54 62 53 39 45 75 15 98 48 61 97 48 0 91 43 90 87 80 18 99 72 97 63 27 40 50 14 17 95 62 29 48 40 60 14 74 68 33 35 53 51 70 24 35 43 44 30 100 45 50 24 94 1 54 67 3 33 79 46 100 28 33 33 55 0 72 7 52 34 65 15 25 3 67 4 38 14 28 76 77 83 43 86 24 81 46 35 100 71 91 61 37 61 83 68 99 11 53 95 86 41 63 27 35 32 38 34 31 71 31 60 81 69 24 87 31 70 98 2 13 75 77 47 86 48 76 27 94 88 19 32 63 31 94 94 71 33 85 42 
2 27 61 83 30 96 35 23 49 19 6 68 55 96 75 35 17 4 72 53 40 81 80 55 80 92 87 80 84 87 51 68 65 68 43 17 89 68 92 74 13 99 49 6 8 18 35 60 17 88 74 63 16 17 72 90 35 70 98 93 58 14 32 33 98 98 77 38 87 4 39 31 2 45 80 30 47 43 99 52 46 34 70 78 11 80 0 70 40 31 59 15 32 84 86 59 40 25 45 50 90 77 33 96 19 71 4 19 85 46 92 92 76 51 70 6 70 42 55 80 69 60 25 90 16 14 51 37 7 28 0 0 25 50 67 22 97 32 28 53 56 60 1 36 61 100 5 16 28 12 66 50 82 79 21 70 70 89 18 55 60 67 99 42 
66 6 9 12 97 32 65 20 24 60 80 40 10 17 68 62 45 100 80 17 3 25 9 6 18 78 51 51 64 62 4 85 63 61 63 97 74 68 28 95 98 26 95 17 26 22 23 98 26 4 82 54 20 32 56 40 80 77 74 4 79 41 86 74 0 84 23 55 5 90 4 53 66 33 71 42 97 16 30 12 80 36 51 32 83 57 47 90 5 22 83 82 21 14 37 70 5 73 95 84 89 66 77 32 83 97 69 25 5 3 18 68 88 68 42 85 69 40 21 52 98 6 55 20 27 42 17 4 35 23 95 96 22 46 4 0 89 11 30 74 17 79 71 72 23 26 63 3 93 18 4 88 11 58 99 17 96 3 84 84 74 47 82 54 
74 79 68 77 96 94 83 6 94 40 26 57 71 0 77 12 100 77 32 46 22 63 100 58 34 40 24 15 77 71 80 57 25 57 41 61 42 99 81 95 55 80 24 62 39 22 61 85 87 87 29 96 58 37 70 58 74 91 83 31 22 91 91 94 14 100 30 27 18 79 48 79 97 82 15 3 68 7 27 13 22 89 65 81 86 95 47 90 70 48 85 60 57 35 32 84 34 84 74 39 84 26 15 60 55 42 1 31 17 49 90 6 7 11 43 1 77 63 81 43 54 50 30 46 25 64 40 44 81 41 61 52 77 96 57 70 3 44 40 84 84 78 82 13 51 85 57 96 17 11 91 5 53 61 97 41 56 6 94 88 67 48 47 26 
70 8 57 78 88 92 8 13 94 26 30 33 50 86 88 63 32 4 40 91 76 19 64 4 77 63 7 72 2 97 10 88 52 14 26 51 59 47 88 39 92 8 41 38 89 33 45 40 1 62 97 65 47 68 64 29 25 49 82 31 53 88 33 13 23 52 29 50 18 20 33 99 54 83 16 55 86 98 94 90 21 44 8 30 30 48 67 8 79 30 98 88 12 89 8 100 62 12 96 31 90 14 85 78 83 80 58 95 2 5 12 9 13 66 56 25 42 66 11 82 35 75 49 62 60 66 89 51 45 41 9 30 22 100 24 86 53 17 2 20 36 43 29 64 31 93 67 74 51 89 31 69 37 74 89 31 75 48 68 38 17 51 55 15 
13 77 68 26 75 4 99 21 50 16 42 96 42 60 35 89 54 15 27 23 33 61 58 55 82 99 92 43 25 79 24 59 81 24 46 56 81 99 47 41 31 48 5 62 75 74 66 8 78 21 53 51 70 3 25 65 63 61 97 88 51 87 96 46 96 80 43 90 39 18 81 29 99 13 12 63 85 82 44 31 95 93 74 89 100 30 87 73 71 49 69 1 14 16 49 24 46 23 64 65 100 79 82 16 92 91 7 70 60 74 94 12 58 46 70 63 74 4 48 79 3 92 11 47 80 72 44 100 76 45 96 17 65 86 63 21 51 85 57 76 78 46 44 67 61 78 37 69 79 25 68 10 57 85 75 23 95 68 58 63 80 1 71 24 
10 42 35 4 67 16 22 36 76 82 66 53 25 55 88 74 30 65 79 12 69 5 35 42 99 45 58 100 15 50 89 78 65 0 55 39 8 84 67 81 66 99 32 99 32 27 21 97 42 78 49 92 38 41 16 75 56 49 56 56 13 93 73 38 68 30 16 19 57 100 88 44 4 42 36 75 91 55 92 39 79 37 58 44 65 41 9 9 11 91 90 96 99 39 45 62 68 6 48 47 70 36 88 99 9 95 62 66 77 83 93 47 91 92 25 93 29 66 32 99 98 38 56 60 88 65 70 19 82 73 24 36 75 97 46 67 54 87 43 72 33 33 84 89 48 68 66 31 65 18 34 35 83 97 65 85 63 9 92 79 37 96 83 90 
92 29 28 99 66 34 7 51 7 79 3 26 59 14 8 22 98 48 40 75 52 53 17 13 61 64 86 86 9 32 57 12 69 11 21 47 33 3 2 99 22 83 84 67 26 14 0 33 61 54 87 6 95 29 71 79 42 68 88 40 46 32 41 28 21 11 27 14 32 83 78 61 83 77 12 19 45 13 56 87 40 39 18 19 82 30 54 2 22 24 81 99 20 60 83 37 99 44 31 35 17 54 3 89 37 28 85 43 65 34 52 73 76 47 17 43 93 27 19 29 5 46 95 8 1 19 1 64 36 0 5 87 17 21 75 91 75 49 27 53 45 85 60 25 34 39 46 66 32 10 63 30 16 57 56 77 78 86 69 74 63 59 93 34 
71 31 9 79 69 29 75 8 81 5 63 4 49 64 24 68 67 48 73 47 71 2 34 19 80 5 48 68 69 96 1 49 60 96 18 66 95 96 87 52 42 33 48 34 76 77 9 35 86 94 5 3 80 81 89 23 87 63 59 26 31 54 22 8 29 93 93 8 23 55 34 95 94 76 70 0 43 48 12 36 69 60 90 39 72 44 66 18 21 89 33 67 88 66 92 45 32 75 21 68 92 66 5 17 23 50 41 97 56 94 76 74 34 98 40 73 65 95 71 80 93 15 46 56 39 35 51 22 33 15 54 92 13 50 73 22 34 19 91 28 96 58 4 23 72 30 94 95 67 39 65 5 4 43 43 37 75 53 0 0 52 64 22 97 
61 46 3 61 31 93 91 52 67 10 12 50 10 60 46 62 70 32 66 60 47 78 55 71 62 43 60 31 56 66 74 10 48 59 51 24 35 64 56 98 64 94 75 11 76 36 93 46 34 57 1 47 60 41 53 1 9 41 41 34 61 78 92 34 27 57 44 83 91 30 44 62 84 38 41 57 47 96 2 0 89 50 71 30 2 34 89 76 95 16 76 97 53 47 99 65 37 6 60 13 52 71 69 72 78 29 12 68 26 61 70 37 29 80 27 5 90 85 55 60 75 69 97 7 100 0 96 70 78 91 60 48 75 98 68 21 22 93 25 86 100 51 16 13 26 59 39 57 100 99 88 27 42 58 1 37 37 93 72 86 72 5 31 49 
77 58 22 0 79 81 85 1 56 44 58 46 55 6 5 63 9 30 88 42 58 70 80 91 22 44 49 94 0 1 28 12 61 78 69 79 34 90 84 12 97 55 57 89 35 7 60 48 12 69 26 72 29 29 56 2 92 40 93 78 12 56 50 1 46 17 10 25 22 14 93 35 34 1 18 19 35 63 22 14 54 86 6 7 49 44 69 0 50 50 87 16 92 19 33 47 0 79 60 72 36 27 78 85 3 62 8 61 53 61 83 18 18 34 37 100 9 67 86 79 9 65 6 87 98 85 14 4 38 30 81 58 46 29 69 84 55 29 87 45 25 68 81 50 33 64 56 56 45 22 36 97 66 89 12 23 66 43 53 81 88 86 96 70 
63 40 33 98 100 39 39 2 10 55 6 26 5 49 27 46 77 52 8 61 34 13 73 32 73 63 46 94 9 61 98 69 55 83 41 9 31 7 21 96 83 47 57 56 69 53 8 61 20 26 80 40 35 93 10 6 72 52 36 83 17 5 72 3 50 61 83 92 85 93 58 51 72 47 16 96 38 58 9 80 100 58 28 42 90 34 59 66 46 4 44 29 67 46 42 15 67 81 7 54 5 8 92 14 90 27 34 31 22 60 95 86 92 80 69 78 54 6 50 22 89 99 78 16 94 4 76 81 66 98 48 30 11 31 44 8 54 30 25 94 46 37 92 92 65 74 100 17 18 81 21 75 44 70 50 0 19 73 98 17 13 4 91 60 
87 3 41 50 52 54 21 87 81 63 55 73 13 6 3 65 7 16 47 29 62 49 92 5 4 38 69 4 29 24 67 34 13 80 28 65 70 30 35 92 64 90 57 33 13 98 56 34 94 78 93 18 99 85 99 100 26 51 1 15 18 65 23 90 76 80 69 24 76 75 99 70 35 77 70 11 98 39 48 75 10 72 51 17 33 14 78 81 25 56 40 84 4 39 41 55 0 22 73 79 20 73 24 99 59 69 80 39 39 51 66 67 50 19 24 59 25 53 48 72 67 49 78 82 44 31 2 78 40 64 16 60 28 65 98 66 46 76 24 23 67 9 65 41 28 23 43 32 15 19 71 13 50 27 66 32 60 89 58 68 87 91 35 79 
95 25 10 100 13 75 52 55 49 32 96 25 38 1 58 91 92 22 45 73 67 4 56 14 66 71 40 67 27 77 38 98 33 37 29 17 26 59 4 1 87 90 38 38 11 8 16 76 48 21 87 93 45 0 11 99 33 85 1 0 56 13 72 2 49 100 72 5 87 9 80 47 81 52 31 39 62 12 67 68 27 19 97 24 80 50 31 70 62 42 67 7 30 50 25 51 31 42 19 91 21 0 50 76 17 96 27 25 15 3 84 77 45 31 43 25 9 86 43 37 98 67 0 83 34 62 52 67 70 32 93 23 72 94 91 50 4 29 82 67 14 99 82 10 47 53 87 48 21 35 43 85 49 53 73 9 32 84 28 30 73 95 26 87 
4 57 21 57 23 80 17 46 20 29 43 74 19 82 47 3 88 70 61 39 38 8 52 64 100 28 92 96 100 2 69 39 29 40 23 82 79 28 47 38 97 5 51 27 97 18 42 29 29 66 92 53 54 72 91 47 66 72 0 23 61 68 50 21 63 3 12 81 39 46 67 6 59 70 29 73 83 66 25 73 74 95 52 10 67 92 80 40 39 6 89 88 79 21 7 44 4 93 0 36 99 28 5 34 29 13 97 7 70 3 59 37 91 19 13 47 22 57 56 87 59 82 1 62 32 21 25 91 91 56 64 23 86 63 67 4 72 39 59 72 82 65 45 83 50 65 72 16 19 51 0 68 42 38 95 75 57 70 61 63 62 86 50 78 
53 90 94 77 14 53 40 100 66 73 58 69 38 68 1 86 38 80 66 81 52 26 80 63 65 93 69 30 34 53 33 3 39 88 23 32 64 78 12 52 3 68 50 18 2 78 58 46 75 16 51 42 33 65 73 15 30 56 54 13 25 74 63 26 82 17 16 4 69 0 63 83 95 57 74 69 27 31 42 71 98 6 5 81 93 34 31 7 48 54 83 7 71 96 43 5 3 14 38 50 56 43 63 8 81 86 7 15 64 20 35 11 96 52 62 11 85 76 68 39 67 20 89 96 86 23 41 6 40 8 68 41 43 37 52 76 8 32 85 66 61 49 22 8 45 48 96 88 82 82 67 27 73 49 67 37 82 68 25 65 23 70 94 66 
30 28 71 8 37 20 34 3 54 40 88 48 9 61 54 69 52 4 87 94 77 84 76 5 35 59 68 64 52 8 26 40 73 32 33 1 36 91 94 60 12 74 72 15 46 87 12 43 43 57 34 65 5 75 58 9 69 66 66 73 80 94 66 63 87 36 22 52 88 29 74 44 76 55 45 96 84 88 13 92 59 33 21 90 99 63 3 54 5 36 100 25 37 17 73 22 97 99 20 31 64 79 46 23 65 5 80 84 25 5 73 86 64 54 76 100 14 53 5 72 22 82 70 20 91 50 34 85 80 14 17 34 46 6 22 2 40 0 73 30 63 48 45 99 17 41 95 34 15 44 62 32 5 75 91 67 48 21 35 46 28 29 69 5 
42 53 81 48 17 7 40 76 21 64 31 0 30 50 78 27 64 23 32 54 26 28 1 25 55 93 35 38 55 23 94 71 51 42 92 4 60 74 98 0 90 47 28 87 59 63 84 73 90 90 62 37 19 70 75 42 97 69 20 71 3 57 22 24 55 29 14 40 10 4 28 70 82 4 31 85 27 2 15 60 95 43 10 34 97 38 87 48 84 65 28 52 40 84 74 56 9 41 39 10 72 92 3 72 51 92 46 18 74 13 78 91 78 76 38 2 97 46 75 100 34 32 50 23 76 17 72 26 14 0 22 34 8 22 78 34 15 57 91 91 19 63 8 97 25 51 33 36 76 97 23 96 72 94 4 23 32 94 53 100 98 91 48 10 
100 69 39 5 12 85 50 5 80 51 65 98 12 68 27 10 24 17 33 64 75 3 67 90 31 86 60 8 7 5 29 79 43 84 47 10 72 50 31 44 51 40 59 100 50 7 67 72 77 4 95 31 42 1 1 24 78 3 19 64 72 28 26 25 40 16 84 61 40 49 89 45 9 37 77 23 55 66 68 24 50 86 4 83 14 80 70 33 27 78 27 94 66 100 71 70 73 35 96 53 76 92 47 98 3 39 41 88 39 7 99 89 38 20 98 3 34 33 50 78 14 93 100 91 61 73 18 34 35 86 25 83 100 72 5 26 70 85 49 91 79 36 90 87 6 80 72 45 33 13 88 72 65 67 49 35 54 83 76 73 23 63 16 96 
19 70 73 99 100 86 43 75 35 25 24 26 32 8 31 20 78 42 62 61 54 80 34 49 26 62 13 73 89 95 48 37 98 7 56 28 81 96 62 39 77 81 100 47 85 77 51 96 36 90 28 12 58 69 21 94 71 96 59 76 20 37 75 34 93 97 9 95 36 55 68 19 77 50 67 41 96 93 10 8 67 88 29 87 7 38 83 93 80 56 95 76 67 10 73 16 43 43 15 77 24 74 42 92 68 25 3 62 42 48 24 55 91 66 43 82 55 65 76 100 72 87 30 19 54 100 15 41 80 75 30 4 11 44 33 24 68 99 20 69 65 24 59 65 0 73 78 83 35 82 84 15 21 25 80 29 58 80 59 38 92 41 12 12 
58 78 88 3 66 2 63 79 13 31 97 54 91 100 92 91 12 58 37 99 80 54 13 94 53 58 19 4 50 70 47 39 14 11 51 14 20 86 88 94 57 68 76 10 32 78 21 80 85 1 97 27 31 20 17 58 13 94 22 90 87 57 68 26 25 18 50 19 4 53 46 36 40 88 67 11 32 72 36 19 50 9 83 99 8 32 83 52 88 76 15 43 4 23 31 4 30 78 37 5 78 7 31 11 12 3 75 25 86 36 99 72 32 48 1 43 78 96 91 19 70 14 10 58 39 32 39 70 51 20 41 79 75 2 85 97 21 61 29 10 54 11 17 100 54 83 41 71 17 85 63 80 11 76 75 32 32 8 71 26 30 81 4 43 
90 94 94 21 40 61 83 2 42 75 16 19 89 14 68 30 81 67 47 80 6 23 86 97 93 11 73 51 14 14 33 86 53 17 32 46 70 40 14 61 62 40 3 16 49 95 68 75 85 60 35 97 45 85 35 67 74 9 40 9 52 47 42 85 6 97 42 100 72 29 9 93 60 2 78 92 10 14 55 71 12 8 79 47 74 71 45 27 99 20 84 22 2 77 34 89 79 56 58 17 40 3 94 27 44 25 63 59 69 17 98 66 45 17 10 15 18 94 53 81 44 79 24 38 85 33 29 56 50 84 95 17 31 23 20 2 11 96 88 3 39 47 84 96 75 12 26 94 9 54 9 34 17 83 44 76 67 58 41 56 57 40 47 60 
42 95 18 29 81 55 48 86 60 50 93 98 2 33 7 100 61 93 18 23 1 56 22 76 91 94 96 92 100 88 16 36 20 24 85 78 6 67 75 10 46 2 55 84 56 23 69 71 52 23 92 27 90 48 32 72 49 42 29 36 7 39 61 39 95 72 18 16 58 21 98 89 31 52 88 82 79 60 36 28 15 42 12 77 64 35 68 69 69 19 97 11 20 93 94 48 85 75 73 44 57 67 100 10 86 46 69 24 85 2 22 52 27 88 17 44 31 78 27 2 5 27 18 78 28 36 88 13 40 10 25 62 1 97 33 98 88 69 24 1 51 53 73 51 93 34 9 7 74 53 92 4 49 45 68 15 75 88 40 65 3 57 18 26 
75 29 46 60 96 36 78 11 70 17 74 82 50 74 5 61 52 21 2 83 33 18 76 47 100 87 29 94 29 92 10 24 38 92 16 94 32 92 93 64 41 6 87 91 13 87 55 36 71 84 33 46 59 52 42 94 29 46 93 45 100 53 11 76 75 89 12 55 37 41 97 18 46 56 91 25 68 39 4 79 98 34 84 12 4 9 41 1 93 83 4 64 39 66 56 99 90 67 6 44 41 91 37 60 84 76 5 24 25 19 29 34 65 100 37 82 88 8 7 35 0 62 8 2 49 97 76 100 1 69 28 24 38 75 15 75 1 65 36 92 8 71 91 56 84 15 6 36 15 84 15 66 73 95 47 17 22 29 18 63 78 78 61 74 
70 76 63 51 18 69 86 77 92 23 74 0 34 39 68 90 56 57 29 46 29 24 99 27 62 71 45 77 23 16 69 42 57 74 95 77 74 29 11 87 15 48 32 42 30 78 0 67 87 64 35 29 46 47 96 87 41 29 8 83 89 62 27 78 29 67 15 47 20 86 53 76 74 77 60 25 76 57 49 39 31 81 90 70 79 93 98 53 84 88 21 43 47 21 88 24 83 61 32 98 95 40 8 35 99 23 89 51 94 23 93 19 98 82 34 91 7 88 63 69 60 92 86 53 34 38 57 83 25 74 50 33 9 48 47 8 47 73 13 55 53 6 73 95 74 15 36 41 100 63 61 24 39 87 36 26 13 27 43 2 29 94 78 56 
4 67 69 83 73 99 68 81 75 5 22 56 55 75 15 13 0 84 56 59 61 29 14 18 46 15 54 48 13 5 11 69 75 74 56 52 40 60 15 28 66 34 53 82 98 11 16 27 83 60 72 45 52 95 3 49 9 75 61 79 26 77 95 80 1 66 66 47 32 75 66 37 5 47 31 41 56 76 3 49 40 70 3 71 39 27 51 66 6 88 6 89 91 43 72 37 81 61 15 14 22 86 80 28 52 84 87 75 94 42 6 94 32 95 21 47 87 15 53 60 70 20 92 60 37 89 66 15 19 63 32 65 0 4 32 66 45 81 88 36 83 79 87 31 60 69 55 57 100 18 67 39 56 22 20 2 16 63 98 91 14 39 38 24 
66 56 35 66 49 68 87 77 41 44 1 54 28 3 64 23 78 69 36 32 58 50 52 50 25 64 70 86 82 99 6 26 16 86 91 20 22 17 11 3 0 83 45 14 30 51 37 83 13 74 60 28 11 33 51 75 71 65 57 81 39 67 61 57 56 82 40 39 69 51 33 89 70 45 33 96 70 14 63 4 91 35 24 11 80 62 92 44 48 10 17 80 29 62 89 75 82 18 2 51 24 36 16 16 85 62 69 67 98 14 86 77 78 50 57 52 71 97 23 23 64 8 45 7 62 24 31 48 83 60 35 82 15 59 77 54 90 54 71 20 40 0 67 8 63 56 25 0 36 2 23 5 24 85 3 87 51 52 98 9 100 86 70 33 
90 45 23 45 50 61 76 39 7 34 5 79 0 71 26 28 68 86 70 39 99 91 2 13 59 86 91 87 33 4 48 49 79 67 67 45 38 97 17 66 36 90 93 97 100 84 50 5 11 0 1 27 77 46 78 87 4 93 10 16 15 63 80 2 17 7 58 55 93 54 36 25 89 13 77 9 78 90 35 33 95 77 31 55 76 17 93 82 84 71 65 95 22 37 27 19 25 67 75 43 54 36 61 24 50 34 36 57 80 19 79 20 99 37 98 53 85 69 45 14 67 22 80 30 49 21 42 64 56 92 21 43 53 23 57 64 87 80 69 55 50 5 44 10 81 4 30 12 63 49 65 26 61 10 72 55 19 87 36 9 72 70 17 89 
11 89 30 55 94 58 47 21 18 29 39 91 4 2 35 94 27 66 35 64 1 28 98 92 13 6 70 7 14 39 12 47 54 83 86 6 32 13 10 57 71 66 63 76 30 100 46 38 76 25 67 45 100 94 100 58 76 95 63 94 89 68 76 15 87 5 32 6 63 44 64 2 7 86 17 42 60 63 78 54 14 38 23 0 36 44 77 11 91 79 13 95 16 81 46 47 66 79 74 36 26 64 95 42 89 62 12 11 14 51 67 8 17 42 4 61 68 45 84 11 60 92 93 62 41 5 4 75 74 30 43 72 23 64 86 98 81 74 77 75 27 32 75 69 24 74 13 75 12 25 90 91 50 83 16 53 48 32 82 90 15 68 44 13 
42 76 65 61 39 89 82 49 32 83 92 14 55 40 5 44 13 82 36 74 37 33 13 60 87 51 99 87 20 88 54 86 55 28 10 62 95 81 53 76 59 94 62 56 86 12 95 8 5 24 88 50 9 1 72 75 53 23 97 45 83 54 31 74 98 88 86 66 56 30 82 0 18 75 79 85 65 34 47 92 74 54 2 40 86 92 89 68 1 64 81 97 2 0 4 75 69 65 14 57 55 38 1 34 1 23 64 86 96 89 71 50 86 55 53 69 35 51 73 17 31 75 79 29 85 75 81 98 76 75 11 41 22 59 0 9 55 47 76 9 28 18 20 79 74 52 2 8 11 7 21 55 17 19 89 74 90 48 10 92 86 6 6 11 
78 8 48 9 64 100 45 62 12 92 62 76 48 71 61 63 18 68 90 31 4 17 8 32 64 77 68 29 71 36 81 78 72 87 4 67 28 30 27 30 36 31 87 62 81 58 7 72 82 44 54 90 69 65 10 40 38 70 51 18 30 49 83 62 59 9 12 6 26 90 0 28 16 38 80 84 5 96 92 22 97 61 32 13 89 67 52 42 50 26 27 49 65 90 96 50 44 18 21 9 15 16 32 54 28 56 44 40 78 23 82 7 22 48 58 50 83 16 13 49 27 71 93 98 28 1 58 46 80 48 23 35 97 62 39 95 98 67 24 71 88 94 88 93 82 54 95 95 29 81 41 2 7 7 1 67 71 40 94 36 41 57 50 93 
90 82 59 73 58 33 48 99 90 35 68 7 24 15 97 89 77 94 89 37 23 91 4 42 96 20 3 63 61 54 78 72 29 72 10 70 35 17 97 52 53 54 14 28 74 94 53 64 2 34 3 39 26 77 100 96 31 96 10 23 5 33 17 33 11 100 42 66 72 23 48 14 19 23 97 12 54 25 100 57 24 11 36 96 59 8 24 71 73 42 14 78 34 2 4 93 85 50 16 43 76 61 19 31 50 88 50 53 75 50 79 48 68 80 86 50 0 90 77 65 32 71 78 25 82 81 36 99 52 61 72 10 41 17 25 63 51 44 98 43 40 6 53 25 78 20 69 7 84 28 61 6 83 44 9 55 69 20 19 16 20 18 80 49 
71 6 61 46 74 81 65 100 85 89 11 20 65 88 15 65 45 3 35 15 13 55 58 47 26 64 11 57 67 0 70 40 54 17 44 67 32 19 94 57 27 34 69 13 22 75 98 53 26 81 5 3 87 39 26 64 69 65 28 8 30 3 70 23 47 77 79 38 15 18 40 82 15 36 92 3 83 36 54 31 70 32 3 25 16 50 45 26 85 0 16 93 11 73 42 21 61 83 96 53 61 34 44 27 65 21 71 18 97 7 3 28 39 83 11 12 73 58 5 55 6 58 64 31 90 93 77 7 55 72 80 39 27 100 67 45 71 78 94 74 43 49 51 18 76 55 58 85 90 58 61 37 72 33 25 98 98 75 15 27 64 75 78 10 
66 40 76 74 77 83 34 48 29 79 59 12 84 62 23 71 66 81 59 72 11 29 14 87 22 17 50 53 62 42 53 75 45 68 57 56 84 88 80 72 32 87 82 70 31 12 30 55 73 12 50 88 44 31 93 100 24 35 69 66 82 96 57 36 69 10 22 98 21 71 95 22 91 18 23 0 86 2 40 99 24 56 89 31 74 21 5 7 74 80 90 85 70 32 64 28 88 24 70 74 85 91 63 74 67 96 79 44 49 35 17 6 22 80 32 50 21 86 76 65 35 9 38 1 72 4 88 32 52 98 64 79 44 75 44 97 1 22 46 11 0 50 8 22 2 16 14 35 54 48 37 11 3 3 42 67 62 3 30 69 61 15 82 94 
24 33 38 15 4 57 3 7 7 98 90 56 49 59 7 8 22 85 15 72 44 13 3 77 92 59 2 90 25 91 0 87 58 87 92 94 96 7 9 58 81 2 53 51 55 11 13 49 69 30 19 39 74 19 71 40 17 36 74 80 78 46 42 76 26 87 78 18 83 11 10 100 98 75 90 45 29 32 93 50 95 39 79 97 89 20 65 62 42 46 22 38 56 53 7 53 41 74 29 37 21 34 48 2 69 90 17 35 0 74 18 38 29 82 97 27 14 43 73 30 16 81 18 3 61 0 37 1 76 10 93 52 83 98 91 40 10 30 56 38 19 55 45 16 18 49 69 0 23 27 35 32 11 68 41 13 53 33 56 38 96 84 23 23 
90 54 51 32 66 90 71 83 42 28 47 96 28 86 71 20 0 29 5 78 95 55 33 20 67 15 70 36 70 95 48 100 30 82 87 27 18 14 65 64 39 83 57 47 31 64 17 3 100 86 50 96 95 75 2 40 62 11 93 81 60 58 69 58 57 56 81 65 38 35 22 85 85 43 59 57 32 24 67 21 49 34 60 22 24 2 39 49 28 45 47 67 67 69 16 17 88 87 49 23 8 56 85 47 27 63 1 44 36 66 28 61 6 90 62 29 75 52 88 89 55 48 7 21 29 98 50 59 40 6 74 26 10 18 46 28 24 6 38 16 59 57 5 13 89 90 94 80 81 50 71 47 16 69 92 55 63 58 62 76 42 54 40 57 
63 45 93 89 45 68 75 71 0 68 51 58 75 6 27 96 70 27 63 15 90 55 54 20 5 74 54 61 100 23 81 56 23 24 18 18 2 47 76 61 66 95 30 34 5 30 1 0 51 52 16 25 59 84 42 64 32 57 57 51 89 74 84 26 13 53 92 5 53 88 43 2 48 9 59 20 43 22 62 10 96 31 23 69 89 95 20 5 15 32 20 73 72 25 22 60 32 76 33 88 22 22 57 60 39 42 64 23 31 78 89 56 28 64 82 100 26 79 56 26 78 45 5 77 75 69 10 50 45 52 51 56 4 95 100 61 34 0 15 6 100 58 84 2 38 60 66 91 29 96 84 40 39 48 7 46 49 93 7 49 35 55 27 74 
56 51 83 50 80 44 38 13 84 46 65 76 23 69 67 2 16 61 24 59 85 67 24 45 53 57 75 29 20 36 18 63 99 54 10 82 53 17 79 32 80 7 53 22 55 11 53 40 70 0 28 56 6 84 91 4 73 50 72 48 11 45 56 75 24 60 14 32 98 63 36 21 91 74 95 63 27 69 41 38 90 57 69 62 36 93 58 49 24 0 70 59 92 68 72 64 43 90 0 98 18 10 60 40 51 79 76 82 27 23 19 24 74 50 14 71 73 62 75 69 85 0 23 52 92 56 16 22 30 22 35 9 55 32 43 96 39 83 81 44 7 59 24 66 14 16 68 53 55 80 27 70 55 53 92 99 93 100 66 25 6 79 64 54 
60 46 79 86 44 3 13 3 55 77 43 20 5 17 82 92 37 68 54 30 52 53 37 56 65 13 72 57 83 95 9 26 65 88 10 8 83 50 2 66 17 7 89 38 29 45 53 40 3 71 14 43 100 38 89 9 80 4 37 66 1 91 68 97 53 31 12 94 60 3 53 64 38 57 12 72 85 71 3 7 82 94 79 0 24 8 93 7 49 19 11 66 79 2 8 55 22 45 4 84 65 87 94 79 86 10 20 42 13 49 92 48 5 47 28 89 63 70 39 17 52 95 21 55 52 15 94 35 32 67 58 65 18 22 56 73 7 44 3 29 30 41 76 58 5 34 18 95 16 19 74 59 57 32 68 24 15 34 58 75 23 92 62 12 
