53   77   53   92   62   94   99   67   54   23   28   90   8   40   17   47   50   33   81   53   7   48   54   65   13   54   97   25   49   30   85   10   5   51   4   30   52   30   39   42   30   34   64   70   40   90   19   89   54   30   21   100   2   97   42   23   31   66   98   1   57   65   17   94   52   7   59   15   24   85   5   85   25   69   36   20   38   28   75   92   88   96   23   92   30   40   97   48   10   93   95   24   79   1   98   22   21   53   2   54   52   55   99   99   71   96   5   19   71   60   97   60   50   12   30   81   100   88   
71   3   66   19   36   87   0   26   42   5   0   10   71   73   73   32   61   63   97   1   0   43   15   58   8   15   85   89   71   94   42   17   58   35   18   85   2   31   38   68   98   4   43   11   35   52   91   28   88   89   68   31   71   100   62   12   100   83   33   92   5   2   78   30   65   98   98   35   4   20   34   11   54   39   89   22   1   48   35   46   63   66   22   19   47   66   76   0   9   82   72   94   98   13   84   66   44   67   61   5   17   21   79   28   59   8   10   53   9   38   24   44   59   81   8   89   57   70   
96   76   100   69   40   32   77   27   6   8   41   70   14   94   57   53   31   10   54   37   61   18   83   76   48   98   71   88   61   59   21   14   28   5   35   21   22   14   19   37   35   97   87   68   79   43   51   51   18   62   49   65   65   90   10   69   69   18   68   24   49   11   73   15   71   85   5   94   9   39   78   16   39   43   23   19   50   68   23   51   61   81   59   21   50   80   0   32   84   85   66   50   2   40   21   35   46   95   27   68   66   72   58   4   71   57   18   24   70   15   36   9   8   42   36   73   71   43   
54   74   38   68   4   86   34   85   9   100   98   36   82   61   86   25   64   95   68   0   61   89   100   38   77   98   43   27   72   47   98   16   16   43   81   21   17   97   37   42   77   40   65   27   60   83   67   41   94   71   20   54   100   28   0   27   89   54   59   81   21   66   28   93   29   22   14   10   6   76   42   43   12   16   71   15   37   77   23   26   64   49   42   20   3   14   41   19   98   53   90   100   68   75   53   34   27   63   43   82   39   44   62   64   10   75   51   39   37   44   41   6   26   94   11   24   57   93   
35   28   1   23   10   89   100   21   50   73   61   84   37   14   74   5   73   78   9   7   64   68   3   88   10   61   13   91   6   67   36   32   23   75   97   17   26   80   42   43   97   53   7   41   36   54   2   28   5   36   69   84   93   99   29   50   52   31   47   36   78   2   0   71   30   11   67   72   53   12   94   49   33   99   51   70   71   45   74   61   26   42   74   81   19   5   11   56   3   36   10   36   30   28   62   90   19   65   20   43   58   97   76   53   24   32   91   50   12   96   46   84   68   49   29   13   72   65   
88   9   42   90   99   36   63   94   98   94   28   13   44   49   96   22   8   24   88   39   0   22   52   80   46   6   44   75   77   15   62   54   89   59   27   70   82   78   65   97   97   81   63   36   50   45   1   31   94   72   54   24   77   40   61   77   8   84   52   24   8   65   74   22   82   15   36   71   30   56   7   40   55   33   44   97   62   76   85   1   43   59   44   16   25   61   98   97   68   14   0   52   88   64   97   87   11   1   75   53   93   7   42   37   61   88   50   96   50   61   97   13   24   55   78   95   50   12   
52   27   81   49   64   80   65   72   65   28   46   33   8   10   28   3   51   36   41   39   3   36   86   42   57   2   17   35   38   73   34   56   43   92   99   89   58   10   16   30   69   67   34   64   64   21   74   29   98   92   88   65   11   58   83   86   78   38   75   18   52   47   27   86   30   32   62   65   52   100   86   92   63   99   42   60   16   22   85   12   39   57   23   80   8   31   21   75   78   98   68   17   60   86   30   12   31   54   1   50   34   80   17   46   33   57   56   77   91   54   56   100   68   98   76   70   35   71   
44   76   48   33   59   51   2   39   80   16   8   0   14   26   5   95   66   96   54   69   69   9   80   30   84   75   66   38   11   16   33   46   1   77   1   39   58   30   87   46   64   68   51   36   1   7   19   17   55   48   59   3   12   53   94   28   65   45   36   88   34   87   65   8   87   91   21   99   43   8   59   37   54   84   36   25   44   29   15   65   44   41   29   53   31   95   21   29   52   56   75   19   58   22   1   85   22   26   0   24   40   30   2   41   27   46   23   44   50   48   24   99   94   1   94   84   70   25   
88   45   70   83   30   40   24   14   51   77   98   47   33   36   29   34   59   50   95   44   3   72   0   64   48   24   96   25   32   87   18   65   28   18   1   90   61   73   56   98   36   14   21   49   2   27   82   64   37   76   88   94   23   13   32   13   52   22   2   36   32   33   27   90   54   85   96   92   94   39   14   27   37   76   46   15   3   79   7   27   81   30   89   46   9   11   46   92   36   74   8   20   43   69   24   34   58   68   63   32   73   36   20   23   33   44   85   53   95   37   100   73   55   92   15   10   64   5   
75   32   77   17   39   82   61   9   64   93   66   91   14   52   30   88   20   87   68   45   92   13   81   96   88   0   15   70   90   5   23   21   29   32   55   12   11   79   52   91   16   56   2   81   24   52   4   98   4   12   75   91   4   9   4   54   12   81   79   19   75   72   32   59   5   29   14   67   98   24   33   74   48   60   64   71   61   8   11   15   21   52   0   60   27   34   9   11   86   92   52   13   55   65   18   48   53   18   0   0   57   74   17   28   48   77   41   60   17   51   83   16   61   48   17   73   31   82   
70   14   51   63   85   84   86   23   44   18   45   65   4   20   30   11   13   7   99   65   49   80   31   84   89   66   40   85   56   53   60   13   94   13   82   100   11   90   16   93   0   14   23   76   55   6   5   38   94   96   1   17   69   3   43   89   68   61   48   19   27   29   47   13   65   19   33   68   84   0   14   75   61   73   62   31   48   21   99   0   79   59   20   70   10   0   50   46   79   19   29   84   18   77   20   80   8   32   66   81   15   75   61   83   89   42   86   73   93   60   64   46   50   37   85   23   73   89   
91   88   27   68   21   45   54   8   79   33   70   25   97   20   17   55   75   65   86   24   12   21   47   52   89   53   32   15   42   14   97   49   30   40   85   28   100   94   96   98   26   73   15   16   57   2   68   4   64   14   42   71   33   57   24   37   13   61   66   6   58   58   16   72   36   46   70   61   33   88   44   84   28   23   85   22   12   21   33   2   33   64   47   26   86   86   39   9   71   92   4   38   65   87   85   87   26   4   64   24   18   28   69   86   40   0   16   69   47   76   22   91   29   90   45   87   25   91   
100   24   12   36   89   68   54   100   65   96   33   85   0   27   26   51   97   13   89   30   2   2   43   96   75   70   62   90   10   4   6   24   93   78   42   51   47   18   19   75   57   71   35   28   14   70   28   59   69   68   61   62   79   68   62   47   99   67   47   69   1   7   92   20   97   39   40   33   56   89   77   98   95   40   34   42   35   47   35   49   95   84   68   5   7   60   32   20   10   78   25   75   34   54   98   72   25   23   13   0   92   54   87   19   71   88   48   0   94   66   37   68   71   37   20   77   20   98   
57   70   14   24   1   25   62   99   83   31   39   62   59   15   37   4   13   26   59   88   86   39   69   79   56   72   99   86   15   82   57   62   38   97   75   12   83   6   49   0   37   50   40   16   33   24   91   7   90   36   16   94   61   80   72   25   76   61   74   1   55   11   66   58   60   80   31   79   77   13   25   24   65   40   49   62   89   39   59   17   96   31   70   59   9   9   40   23   58   20   29   78   37   97   52   44   65   87   66   38   85   73   27   60   14   89   41   10   64   63   50   14   10   31   37   32   74   37   
80   86   25   96   36   50   79   11   51   53   36   1   24   61   61   16   86   95   51   28   15   9   98   35   92   45   49   47   72   60   79   78   19   88   19   74   27   86   60   24   17   7   89   64   26   15   19   78   36   80   86   29   0   90   12   31   44   81   50   47   65   15   94   85   87   91   12   59   62   8   48   69   88   7   21   23   92   50   52   12   92   62   36   30   0   31   64   47   53   12   23   23   26   92   84   40   85   4   33   64   89   64   47   84   68   53   38   16   97   12   39   13   76   86   4   40   19   5   
70   53   2   12   12   43   4   4   32   28   47   17   13   19   89   19   55   73   84   87   36   30   84   66   96   53   52   51   41   8   48   57   84   12   27   3   14   32   13   42   56   75   10   13   46   68   48   45   13   0   13   46   14   29   85   74   73   51   17   10   15   37   3   25   97   34   59   24   66   49   81   30   2   86   26   29   1   57   80   72   36   80   35   48   68   82   89   36   71   15   46   68   7   11   41   14   41   14   22   13   37   71   37   81   30   0   57   35   18   54   0   8   6   45   96   95   44   57   
68   5   97   42   29   40   59   93   42   69   5   69   46   54   4   52   44   84   78   1   89   41   40   67   85   77   33   2   88   99   31   21   54   48   80   67   100   73   10   59   42   46   57   17   79   5   61   55   31   50   3   59   6   69   1   79   79   82   61   97   75   24   7   73   12   2   36   40   86   100   6   76   31   1   79   94   63   97   62   60   88   37   26   45   91   91   35   89   37   76   46   4   64   31   76   29   100   43   60   93   62   13   85   76   46   4   15   60   41   65   11   29   25   52   1   39   19   20   
14   22   48   95   10   77   23   95   55   3   52   68   40   59   36   42   32   85   68   39   48   0   43   84   40   99   98   85   39   2   6   4   81   53   85   100   94   34   27   87   11   2   21   0   91   75   11   94   83   40   84   54   2   49   72   53   40   58   4   79   63   2   42   13   51   32   77   82   98   32   43   95   86   99   25   51   13   66   67   25   31   53   58   59   33   48   9   97   31   57   41   100   33   64   73   32   9   46   95   0   18   45   4   7   87   24   80   30   57   93   49   76   94   17   56   27   3   72   
40   7   61   91   90   81   34   14   47   72   73   65   86   33   94   38   70   97   11   46   58   97   0   0   51   42   44   64   88   81   76   40   56   37   24   19   89   89   12   58   80   6   55   17   13   46   36   1   12   87   40   40   17   3   60   100   81   4   54   80   91   50   14   85   92   69   67   80   84   99   69   18   67   34   1   74   83   39   59   7   82   40   23   28   66   92   72   57   70   53   100   55   10   53   78   46   6   70   76   37   46   25   58   46   94   100   22   70   51   76   75   89   89   19   86   42   79   72   
95   9   69   57   24   53   56   94   11   43   61   63   15   17   37   86   11   32   66   13   82   90   81   85   22   81   8   96   51   24   85   67   89   22   19   56   56   70   65   46   49   28   14   63   80   56   57   58   20   85   4   37   54   96   71   29   27   5   46   77   44   23   84   5   75   22   80   15   33   19   11   61   20   69   86   28   77   37   30   89   0   83   63   29   93   82   57   53   39   40   15   0   76   24   52   17   53   28   46   87   14   4   52   98   80   48   49   2   91   8   21   75   91   20   25   48   10   3   
58   100   48   43   18   98   73   45   15   40   25   5   99   21   55   0   11   48   95   17   86   78   72   38   29   30   30   14   98   30   65   66   22   57   88   70   28   19   22   64   58   49   79   6   40   0   44   72   89   31   43   58   46   63   79   52   17   52   93   88   63   60   11   95   20   99   65   52   46   66   61   2   87   82   82   44   100   50   63   89   88   28   45   82   95   8   81   88   98   74   55   63   24   82   70   40   10   45   4   28   19   28   100   22   28   22   24   97   68   96   19   69   58   87   59   25   3   52   
70   2   45   11   25   41   98   94   48   72   4   12   62   76   78   26   72   85   88   16   31   92   8   100   53   90   88   50   24   29   84   100   56   32   46   53   28   24   96   32   34   49   74   18   74   34   89   44   45   76   99   57   15   31   36   13   9   18   47   72   5   42   100   10   56   52   45   17   42   70   54   7   33   30   22   54   71   86   30   43   63   13   9   56   83   75   81   11   7   26   82   74   37   18   48   35   14   36   73   9   67   16   73   9   23   78   82   66   96   89   31   30   85   7   57   67   48   34   
62   52   99   78   76   45   62   20   0   32   88   90   60   32   17   74   98   56   39   34   15   64   98   8   79   94   53   78   57   7   38   38   21   18   55   45   20   71   1   1   32   71   70   99   71   92   60   61   42   96   43   27   78   48   33   36   69   96   54   13   31   14   48   68   96   36   98   26   26   31   91   4   68   74   55   89   79   91   100   77   31   100   30   16   16   30   87   48   46   82   5   44   70   69   8   81   15   31   57   43   16   71   3   28   3   26   48   23   50   61   60   62   80   3   88   21   66   54   
3   79   1   83   48   22   1   57   65   59   72   68   52   58   42   0   24   28   58   51   67   91   25   67   14   28   69   12   99   52   57   10   91   93   55   14   40   31   5   62   45   45   97   13   2   75   76   51   79   59   25   16   95   67   87   76   14   85   24   92   39   76   16   71   66   0   81   66   15   93   64   0   77   5   37   31   59   73   7   87   5   92   57   49   13   69   58   1   80   61   30   7   24   67   91   61   71   56   6   88   22   67   76   59   54   47   11   52   24   86   54   42   25   69   49   30   32   90   
31   66   45   57   8   67   100   97   2   47   61   68   15   4   45   62   10   4   35   67   79   6   18   28   37   85   37   59   12   98   54   97   100   9   48   20   45   47   94   37   81   80   94   5   2   14   56   96   23   38   92   15   37   4   70   46   47   77   29   11   13   49   42   59   24   64   82   86   30   59   88   3   40   50   45   53   37   43   80   94   28   55   25   34   77   91   57   2   66   39   96   4   9   84   45   90   46   63   75   88   7   37   63   75   46   70   12   82   71   65   4   52   38   27   74   82   34   94   
24   57   89   45   47   8   7   25   55   45   30   1   9   4   91   12   44   3   31   63   1   24   33   63   35   70   72   0   42   50   13   24   31   39   0   76   68   72   1   45   79   82   10   16   33   42   15   9   36   31   84   17   24   65   8   1   59   44   38   62   13   46   94   26   35   54   36   16   17   89   83   83   14   16   36   24   57   87   74   13   98   44   78   63   84   100   100   18   89   99   72   28   5   54   75   22   76   22   60   31   83   64   47   65   57   52   89   86   84   68   64   71   41   30   13   62   20   70   
67   22   37   10   87   10   57   18   51   62   38   100   69   36   98   9   35   90   6   24   34   5   19   70   39   37   80   98   59   15   8   92   39   96   11   40   100   13   73   2   18   61   90   79   80   85   86   54   76   7   76   34   40   14   6   54   33   55   27   6   96   18   21   60   90   5   74   88   75   88   44   35   58   17   75   99   96   4   87   55   67   61   94   58   73   73   30   81   8   77   23   7   29   13   27   86   53   5   62   77   12   49   15   36   5   88   23   75   24   1   96   57   2   8   45   70   9   71   
53   24   22   2   20   37   44   42   56   9   16   100   93   34   10   5   2   58   6   21   88   16   54   93   21   33   93   86   13   35   97   60   70   7   58   34   91   4   0   24   38   69   49   11   35   89   48   26   44   8   60   71   31   89   55   70   67   73   85   48   22   84   35   91   73   71   72   48   35   64   39   46   7   70   90   92   55   37   48   13   52   26   67   11   50   16   73   54   40   79   34   94   8   69   39   5   1   67   48   50   73   19   86   69   27   54   2   95   42   43   99   71   25   19   66   19   70   23   
63   66   71   73   100   74   32   88   5   48   3   42   59   7   48   78   26   47   45   38   68   82   92   54   69   96   27   72   55   93   73   56   52   42   46   33   30   71   69   76   80   74   92   25   18   80   98   8   53   93   48   97   37   75   18   2   94   37   93   11   13   56   72   33   73   70   71   68   29   41   6   94   55   36   18   19   89   22   81   4   91   45   36   36   93   85   94   94   58   12   33   15   21   21   9   14   83   15   74   90   59   98   44   35   82   2   59   31   14   80   14   6   69   7   18   80   69   57   
70   81   54   35   26   63   47   58   80   41   17   41   55   95   27   12   16   71   97   90   84   40   56   46   97   99   95   76   93   35   57   32   56   7   19   19   69   71   26   82   29   70   0   19   93   73   42   68   76   72   41   8   100   61   66   46   63   43   27   94   30   52   56   97   15   87   69   38   28   3   7   82   54   45   30   100   69   81   40   65   23   39   78   75   30   73   72   100   43   91   48   58   21   19   98   38   64   21   56   62   16   49   0   71   9   24   19   41   38   88   73   8   43   9   69   57   78   8   
81   59   54   9   33   64   6   92   35   77   32   65   51   59   75   13   5   53   19   19   43   71   23   31   78   24   17   65   32   43   9   15   25   25   30   7   48   6   86   65   97   66   39   2   62   53   66   36   85   19   98   82   22   1   93   5   90   41   86   75   20   92   77   93   68   14   76   10   95   19   21   27   56   10   18   19   22   60   33   32   67   87   9   22   62   78   99   59   31   41   23   70   3   73   29   7   51   40   61   10   55   3   34   67   74   15   23   65   73   83   24   45   99   74   86   36   19   64   
25   20   55   95   51   60   14   93   48   15   75   68   77   57   10   27   86   99   18   61   72   92   7   69   81   93   58   100   60   75   73   0   13   6   79   15   9   76   76   78   59   99   4   75   60   45   19   61   86   99   33   31   88   22   95   14   31   31   42   51   53   99   15   65   40   40   5   11   69   9   32   11   1   92   80   79   34   73   96   20   23   1   6   41   18   0   13   49   92   1   89   56   3   35   80   73   27   20   64   88   58   53   6   41   33   45   33   59   24   33   37   51   73   97   8   34   55   13   
0   86   81   32   50   71   100   84   91   38   33   10   8   36   64   28   92   46   48   76   10   16   81   46   21   46   5   88   4   50   10   33   21   51   11   43   86   59   99   72   67   100   34   31   60   99   58   60   41   36   61   69   59   44   51   55   37   5   17   80   8   19   15   25   27   29   7   37   27   73   69   38   46   61   14   54   46   51   33   38   2   14   34   92   74   69   28   83   22   59   25   1   92   28   83   68   13   17   100   80   14   75   0   82   58   74   13   98   76   69   70   16   61   42   40   100   2   53   
34   58   80   98   42   100   18   35   24   70   66   55   20   33   31   68   66   12   27   50   58   42   16   97   8   6   55   43   31   52   18   68   48   96   61   87   94   21   86   40   7   31   19   66   8   86   3   22   99   66   23   59   68   5   100   24   49   36   77   2   67   95   61   38   80   28   69   28   41   35   18   46   91   80   2   11   4   20   60   18   81   72   83   2   0   48   62   44   38   73   58   18   38   21   52   21   81   28   80   45   79   14   30   20   0   34   56   65   59   34   83   50   40   3   84   23   85   75   
51   5   30   49   60   64   88   35   78   35   60   74   33   28   2   68   57   74   0   81   19   20   8   45   67   2   3   23   16   2   23   73   83   82   35   42   96   20   74   35   30   77   70   15   37   67   81   48   29   16   78   32   45   96   96   19   14   92   23   12   21   94   83   27   58   93   50   1   94   35   35   91   54   52   52   3   75   15   5   14   43   10   87   92   0   71   0   14   10   16   42   3   29   77   42   28   43   57   95   21   23   71   65   74   44   33   21   67   83   91   31   61   94   95   22   27   69   29   
23   8   2   78   86   13   37   67   35   62   4   49   71   98   11   81   29   0   19   59   30   91   13   80   85   39   71   24   55   51   12   14   58   40   60   92   36   55   79   90   66   87   72   36   87   89   82   55   24   3   7   9   85   27   60   76   15   59   24   4   72   62   80   27   57   50   95   33   89   1   97   90   99   65   65   98   100   92   64   96   11   63   48   31   94   11   100   19   83   59   10   2   66   49   25   59   33   84   92   6   54   70   37   54   83   88   58   21   69   42   72   42   31   43   85   61   23   45   
68   34   57   86   84   9   64   44   31   41   92   4   99   5   54   75   5   37   17   65   21   29   56   52   46   63   92   8   6   28   6   84   88   1   66   82   59   49   71   76   97   5   43   0   98   90   98   84   94   68   69   25   88   64   71   41   85   54   98   84   79   9   35   37   73   75   62   66   9   50   12   88   72   20   53   3   92   57   67   52   39   55   4   7   44   51   20   60   43   86   34   99   39   19   81   93   82   69   67   50   28   60   49   59   50   35   21   1   81   55   11   44   86   50   85   85   43   74   
72   1   82   64   15   3   31   85   100   23   9   67   87   59   17   34   79   1   10   49   18   80   58   26   31   74   36   35   93   30   46   69   82   1   23   89   22   97   74   18   19   96   70   0   38   37   26   30   61   8   29   43   3   38   78   37   8   59   75   43   9   81   72   78   27   61   37   37   53   71   86   88   89   95   20   80   68   90   82   57   31   9   59   80   42   75   69   67   16   78   50   56   37   25   25   31   56   99   43   28   6   11   70   92   63   22   3   89   96   47   69   40   32   74   5   85   31   19   
94   5   21   69   40   36   34   85   28   41   88   30   78   29   43   29   2   88   37   85   38   36   9   87   38   66   33   30   72   2   59   26   83   22   34   72   73   84   3   1   67   47   59   36   97   83   6   51   59   75   67   37   75   27   9   53   49   41   49   40   74   66   9   44   79   85   81   47   58   89   10   64   87   96   30   33   52   50   89   49   63   42   86   66   20   85   91   10   8   87   94   73   37   46   87   99   49   48   45   64   8   95   41   88   31   4   70   97   50   65   48   10   47   94   54   7   64   92   
68   8   2   85   87   38   17   63   74   43   53   58   0   46   20   48   9   70   50   89   50   25   81   82   61   76   18   87   60   43   16   63   96   68   8   66   12   35   39   36   67   56   74   30   9   41   86   91   85   3   51   92   10   38   71   34   100   96   15   50   75   76   62   32   2   42   81   100   4   74   96   27   5   65   39   58   83   77   90   64   43   58   28   94   28   24   25   51   69   20   22   61   6   62   34   97   1   69   84   9   34   45   64   92   30   57   100   69   25   45   93   35   17   64   97   47   66   0   
79   97   95   9   31   100   22   80   28   47   71   4   28   2   66   84   7   30   64   75   95   8   72   75   99   11   88   43   75   76   29   1   77   23   20   84   1   61   37   49   24   3   3   98   88   43   66   29   0   45   55   97   39   78   89   32   47   7   21   4   23   16   2   80   44   52   32   89   45   46   88   54   88   5   9   68   24   78   2   3   93   38   8   78   57   82   28   33   68   86   30   100   27   100   92   57   10   6   76   53   41   71   9   2   2   45   63   69   82   28   27   96   76   1   34   13   9   50   
3   37   54   1   85   62   60   55   65   46   73   41   14   57   87   43   15   29   59   69   33   41   64   87   37   82   12   25   7   98   4   25   4   100   26   24   1   57   67   88   59   6   81   87   58   56   42   67   84   8   15   79   18   51   16   62   62   32   79   91   69   33   47   100   44   67   97   24   56   2   34   59   54   20   64   18   9   19   49   68   55   28   33   7   65   99   53   87   99   40   54   77   78   7   34   53   59   6   21   70   100   28   97   53   4   77   8   15   98   15   58   12   43   62   79   26   67   73   
78   58   44   57   71   96   77   29   88   25   8   80   64   97   8   16   3   65   57   75   77   17   29   23   54   86   80   82   64   2   17   97   19   59   35   6   55   13   14   66   44   83   88   96   41   64   11   22   35   46   3   97   94   81   25   37   24   58   33   36   92   53   88   43   89   50   68   70   30   3   42   30   5   56   97   58   55   22   26   19   83   29   36   47   2   38   17   62   42   20   99   94   70   8   3   97   66   81   65   9   81   61   70   19   84   17   92   45   60   25   45   27   85   15   58   81   72   92   
46   52   15   78   99   98   56   55   94   15   28   61   90   79   30   21   31   93   93   55   56   17   58   64   74   57   44   70   24   0   78   14   49   99   21   32   22   35   3   77   77   40   88   66   5   33   24   63   92   97   73   2   55   43   21   22   21   8   74   26   18   67   46   83   78   31   23   88   90   76   29   13   70   60   63   38   12   11   90   84   63   6   28   25   42   31   80   20   50   59   8   32   66   81   60   47   51   53   0   0   2   2   38   33   9   36   50   32   92   93   97   61   72   66   87   30   74   17   
21   46   17   19   90   93   4   71   21   43   79   40   58   40   96   28   79   8   34   89   54   50   32   88   32   78   85   19   21   79   57   97   0   70   6   86   47   17   72   74   86   55   59   21   57   41   82   52   29   30   44   10   59   35   93   45   27   23   66   80   1   15   82   1   16   76   92   17   44   100   43   12   61   71   7   57   61   56   15   20   88   45   34   5   6   65   73   7   94   60   46   84   93   92   7   24   97   62   43   15   37   78   57   49   10   41   88   96   14   17   49   74   4   85   1   43   45   10   
94   46   49   77   22   82   29   2   0   80   89   82   8   31   21   23   27   71   99   71   74   76   6   99   3   78   81   37   86   63   89   66   5   17   77   7   53   22   88   0   38   58   18   46   76   16   4   49   60   89   29   94   36   86   11   90   57   54   49   35   88   34   29   66   43   73   41   89   60   57   43   12   31   0   9   80   58   88   91   76   97   85   69   98   85   98   32   64   33   89   35   16   72   33   62   11   40   69   49   62   17   43   98   98   87   52   83   60   90   10   45   22   74   86   32   1   61   14   
49   42   90   67   58   71   28   62   90   86   22   96   63   95   7   50   46   17   34   5   20   53   46   97   76   2   0   83   53   82   17   60   25   92   100   23   5   41   61   45   26   67   39   2   31   92   47   91   76   23   60   30   9   56   26   48   88   42   20   94   78   2   36   30   70   38   18   27   46   72   41   5   21   0   56   98   63   81   62   6   52   53   84   55   69   39   44   32   94   53   54   71   45   11   96   20   12   87   22   89   72   69   31   17   17   29   94   0   46   53   50   64   27   52   12   54   59   37   
16   95   27   63   10   29   73   20   11   73   41   26   12   45   61   29   92   27   49   10   54   15   64   98   61   5   33   89   84   81   5   19   29   79   67   0   74   14   68   51   41   78   6   21   84   76   39   2   80   85   86   2   72   10   10   47   12   14   69   6   16   85   5   9   59   61   60   8   23   76   92   26   64   54   29   92   30   22   16   60   97   55   34   21   41   5   95   82   25   64   96   69   84   89   35   10   51   88   65   49   84   32   21   25   21   14   75   81   83   0   5   82   46   39   20   39   93   11   
56   51   13   95   65   54   60   94   9   82   91   14   27   93   34   51   68   14   32   9   75   98   89   84   77   56   93   88   7   46   85   44   80   3   91   74   48   94   19   37   85   81   66   100   59   18   82   100   13   2   17   17   93   49   23   78   64   5   94   83   64   9   45   2   98   4   30   96   68   81   67   45   33   87   100   24   22   97   45   63   56   38   99   21   73   81   22   68   88   34   49   8   17   97   17   18   5   73   53   35   30   11   74   100   79   4   0   27   69   76   92   15   53   60   69   45   98   64   
50   81   68   56   17   1   78   91   38   85   12   80   73   29   64   85   100   60   70   93   82   80   93   1   75   92   2   1   1   18   20   47   20   39   15   60   29   2   19   82   59   93   57   38   72   97   25   27   11   22   50   53   83   0   39   77   8   39   6   64   20   66   10   69   49   32   3   70   87   2   57   76   38   70   59   17   63   72   40   29   71   26   67   35   88   100   56   17   64   68   29   38   51   64   54   84   29   33   75   92   68   98   64   69   88   79   0   81   74   68   3   39   96   98   55   75   28   78   
64   59   8   64   56   86   89   26   83   49   77   56   88   1   15   27   97   18   93   28   25   93   90   79   68   30   38   75   86   44   43   51   49   26   51   4   31   95   18   62   65   33   98   21   68   1   24   41   3   6   87   40   58   50   31   10   100   79   57   14   87   44   46   62   50   70   46   72   46   28   9   46   26   92   57   38   54   70   12   80   46   10   47   76   69   47   35   30   21   68   35   43   12   34   64   15   73   89   88   24   47   6   31   6   49   74   57   78   40   80   18   64   68   81   59   69   0   41   
50   43   83   90   3   14   66   84   73   25   17   48   51   18   16   1   76   97   85   99   82   68   87   86   90   34   61   6   93   67   54   37   8   42   40   5   84   67   31   8   80   50   78   42   29   10   77   89   56   72   68   17   23   27   71   61   75   98   34   2   56   30   69   2   88   79   99   48   71   76   52   78   13   91   8   11   91   56   77   16   83   29   79   79   69   53   66   51   25   65   64   55   46   19   14   57   31   14   96   65   8   81   50   6   3   11   26   20   4   37   6   68   10   91   64   65   36   32   
41   68   16   39   15   41   62   58   58   53   39   5   94   19   26   79   70   68   30   47   61   79   80   62   25   42   30   4   87   57   23   21   61   48   77   24   23   37   40   44   13   31   3   51   84   78   81   90   85   77   95   47   79   15   65   5   84   70   7   69   80   30   14   96   15   83   29   43   73   52   89   44   79   85   62   18   85   62   32   79   99   7   55   17   55   71   56   39   47   60   90   38   86   34   25   77   70   73   43   73   71   3   82   46   87   68   55   6   39   54   15   69   91   59   3   62   18   74   
7   89   46   73   20   25   60   35   56   24   33   41   73   69   28   22   49   79   58   81   55   39   73   61   79   48   69   5   27   89   5   93   69   98   65   90   64   89   16   59   49   33   84   44   1   89   100   12   43   30   12   83   32   77   22   54   29   79   51   92   33   45   91   27   46   49   38   44   80   38   55   44   40   36   27   79   38   58   66   79   3   14   6   25   28   75   41   22   77   94   47   53   10   41   41   75   58   11   32   64   62   2   23   63   39   39   50   25   28   84   72   37   94   12   60   36   9   45   
78   45   46   100   33   47   39   16   99   63   82   77   79   65   10   96   17   49   22   35   23   24   28   42   22   30   77   28   79   16   96   75   99   23   60   47   82   95   50   26   88   72   86   98   25   16   51   69   55   33   27   26   61   50   38   57   47   51   90   21   28   75   93   6   38   67   18   73   35   100   5   39   19   34   92   59   88   88   46   31   29   88   28   69   26   71   21   22   37   17   72   77   47   95   29   42   4   70   87   73   56   92   9   55   34   91   35   50   21   93   59   90   81   81   56   31   72   48   
73   52   26   7   24   55   32   20   45   38   14   52   92   48   37   0   46   41   31   100   57   16   8   37   43   4   51   83   7   54   26   10   12   75   100   94   77   19   77   23   71   25   47   45   32   44   5   76   83   32   4   91   16   79   36   58   67   86   46   12   3   88   81   58   36   62   78   8   90   95   62   41   15   81   97   93   46   22   16   42   37   64   10   57   75   49   79   46   0   62   88   29   15   36   59   26   1   72   82   83   84   63   62   85   36   50   64   28   14   99   72   85   48   0   59   77   78   75   
66   60   98   96   63   72   36   81   2   82   8   94   61   47   53   30   66   12   14   4   51   4   93   37   21   23   94   93   4   45   66   27   19   17   39   49   78   93   43   97   77   48   27   27   8   1   38   56   5   64   35   15   47   64   70   62   77   14   19   84   48   67   25   72   16   6   23   77   11   57   78   49   3   6   67   29   93   69   67   66   15   82   46   97   26   38   71   34   52   4   84   79   67   100   55   50   89   38   82   12   96   99   86   25   72   73   62   15   41   38   39   51   55   86   79   92   71   8   
44   76   30   58   62   53   26   28   51   18   8   38   42   61   17   48   25   47   37   25   84   35   5   21   4   71   15   83   52   92   4   88   8   6   67   82   2   44   96   63   73   32   79   80   36   21   40   91   86   65   18   13   93   94   62   87   85   57   60   19   44   78   61   74   96   81   79   7   52   71   99   82   76   56   36   23   45   16   8   64   95   64   26   86   29   54   32   54   40   18   79   5   51   36   100   78   70   39   51   54   68   79   2   39   54   42   14   5   44   59   85   41   34   57   59   62   24   63   
23   95   47   59   4   72   6   58   22   57   81   74   28   65   49   35   20   99   73   87   36   19   39   10   70   53   82   24   3   30   87   95   3   89   77   5   87   100   60   96   99   99   59   81   33   5   54   24   32   99   70   77   33   56   2   16   66   31   23   95   96   67   89   11   34   36   17   82   62   18   29   98   47   66   58   83   69   74   12   27   54   32   7   61   81   73   73   39   96   64   77   55   15   6   63   64   31   61   36   11   57   68   32   79   24   19   89   6   35   45   17   96   0   52   53   16   16   22   
21   64   47   9   27   10   49   36   33   25   94   89   97   15   0   66   30   75   97   12   98   78   3   12   53   49   25   100   7   62   2   38   88   34   63   54   29   82   19   59   85   96   86   9   94   86   60   94   3   22   84   80   42   29   36   81   4   44   94   16   65   35   82   23   91   89   21   67   29   40   52   21   65   39   42   73   19   12   62   13   41   33   8   62   31   31   45   14   15   68   27   30   86   72   72   46   79   32   33   4   47   96   37   37   96   13   51   97   97   99   42   85   30   79   7   11   27   99   
34   33   2   21   96   42   99   49   94   44   78   88   48   43   26   69   55   99   84   58   16   73   66   38   27   70   93   32   46   12   22   60   31   26   63   13   49   71   57   76   71   56   46   30   89   57   56   25   13   83   49   94   32   91   98   61   94   84   22   6   95   29   76   60   7   70   8   58   57   89   3   43   59   99   5   63   12   51   85   47   77   46   79   79   26   25   57   66   34   91   53   1   72   46   59   100   94   17   30   34   51   89   92   69   49   67   24   52   51   88   29   30   92   42   1   60   62   65   
18   53   10   54   87   72   62   32   63   43   96   92   62   85   69   49   8   38   44   97   60   61   44   56   100   42   23   11   35   71   66   28   77   93   83   7   68   98   87   35   58   87   98   48   92   68   35   43   81   45   92   22   46   1   44   62   1   1   35   45   33   65   49   31   2   50   97   93   52   77   47   50   30   60   100   32   8   29   60   63   66   43   91   20   92   50   45   35   11   62   42   13   63   21   76   35   87   81   19   10   94   77   27   58   15   17   8   80   24   83   15   20   48   90   40   1   97   26   
31   18   18   5   92   44   69   38   57   36   80   2   17   75   85   5   79   15   46   8   66   92   86   14   88   28   66   42   28   32   38   67   1   59   22   36   80   61   26   36   5   90   13   86   15   69   43   39   45   23   33   69   72   51   92   5   32   6   17   49   18   90   5   55   38   48   36   40   77   100   65   48   35   60   91   7   61   18   44   62   5   78   58   99   92   37   53   4   66   29   83   47   78   87   19   94   77   30   83   48   1   35   49   67   77   23   87   61   98   11   61   55   32   70   39   81   57   65   
13   89   12   50   83   33   34   58   27   0   31   64   79   66   94   33   8   63   20   48   1   1   85   57   9   77   31   35   23   73   62   11   87   43   84   19   96   58   95   88   86   99   78   10   55   51   25   33   23   99   69   30   13   81   45   61   24   53   6   8   74   21   86   84   13   15   52   41   10   60   65   95   28   22   91   76   44   56   66   27   53   87   99   23   58   11   32   35   18   95   62   19   53   43   11   40   95   50   1   86   87   31   93   4   61   71   10   62   23   81   27   27   86   77   29   55   3   100   
73   34   13   60   91   59   98   32   85   6   33   93   11   41   8   74   79   3   22   61   3   27   83   14   64   91   100   71   39   92   42   68   90   2   51   35   20   33   94   95   54   47   73   72   99   69   7   17   16   61   27   62   54   0   36   20   15   99   76   38   100   0   67   63   29   87   78   66   90   44   21   33   36   48   46   86   96   11   48   34   56   13   99   3   95   84   66   0   84   92   40   43   56   94   85   32   23   77   81   87   66   95   55   28   13   91   64   66   42   15   1   46   97   61   11   50   94   28   
56   27   50   57   50   8   17   19   47   25   21   75   68   12   7   65   86   86   98   51   14   6   16   47   92   56   9   8   16   28   90   37   83   34   75   16   92   28   16   15   96   7   32   25   61   15   7   42   15   80   82   7   93   16   59   100   13   14   68   33   99   96   90   13   71   78   29   8   19   8   50   13   71   72   95   13   100   1   76   69   45   96   20   98   62   25   83   62   88   53   86   10   80   9   61   31   23   98   12   75   10   14   70   94   58   73   11   64   31   83   85   49   64   82   79   62   99   90   
49   88   67   6   100   70   12   84   33   45   75   48   78   31   44   3   49   97   44   10   4   32   62   49   69   59   82   35   46   6   71   35   17   9   37   91   34   2   76   35   5   97   66   51   41   1   50   34   69   90   38   54   38   30   0   89   21   37   42   26   16   87   53   24   83   64   26   31   2   63   90   50   41   49   72   3   3   6   2   90   35   69   14   29   54   46   63   72   85   20   93   4   52   48   99   96   87   21   56   94   95   0   52   47   27   43   90   71   84   90   84   78   83   36   5   83   10   50   
27   55   62   41   42   57   89   75   82   4   42   1   92   45   84   0   71   97   70   63   76   67   99   31   59   17   48   10   81   70   99   42   94   88   90   18   14   23   5   54   83   40   43   71   26   52   49   23   70   16   87   86   15   57   47   78   66   48   37   23   23   6   64   29   44   83   19   54   51   2   87   32   63   11   55   41   39   2   35   64   17   76   80   20   71   99   68   39   74   26   85   70   67   26   60   100   27   16   97   47   64   26   63   21   74   79   90   77   60   4   86   10   97   60   60   51   67   32   
6   100   64   40   22   98   80   47   13   66   1   61   24   28   96   85   13   31   20   88   59   76   33   4   83   68   16   93   66   63   40   30   8   25   44   38   42   42   45   48   30   15   2   11   14   26   30   5   73   63   28   72   8   6   25   79   51   41   57   88   53   37   47   67   4   59   64   28   82   2   68   91   62   3   60   23   14   27   28   58   72   73   65   41   64   99   78   49   39   9   1   84   9   16   34   76   24   32   9   82   3   58   3   45   25   34   22   91   32   94   37   9   53   75   71   45   38   75   
5   89   80   76   84   63   100   66   44   84   49   55   73   57   27   44   85   32   32   6   91   72   44   62   40   54   48   87   13   71   8   13   20   89   85   54   95   96   26   8   43   80   44   16   23   24   72   38   90   53   38   1   15   94   91   97   53   37   49   58   27   50   27   2   5   37   73   86   73   53   2   95   46   88   65   83   77   82   96   34   78   56   25   6   81   59   68   19   34   78   72   33   24   77   21   19   25   42   63   3   18   25   23   13   92   66   96   70   12   26   11   63   24   50   93   92   89   82   
12   25   89   57   79   8   96   97   56   34   86   48   61   93   56   89   57   30   19   12   66   10   94   1   35   22   68   88   59   30   75   8   100   25   83   10   93   10   79   45   9   14   50   35   82   41   77   63   95   81   84   20   15   23   75   35   98   32   53   98   55   67   81   6   63   23   24   98   70   37   13   80   73   48   21   11   13   81   35   45   29   10   86   50   78   39   45   46   91   24   37   43   46   28   1   26   94   8   32   84   9   59   21   83   34   4   69   35   12   56   3   99   47   64   83   34   98   80   
79   98   58   19   8   16   18   23   54   19   21   5   83   15   51   69   47   24   43   27   27   4   36   53   6   98   73   83   18   30   10   36   100   23   28   30   18   72   88   61   71   95   83   94   66   68   45   56   96   65   84   84   62   11   78   16   74   13   14   66   10   21   0   92   71   41   99   31   32   50   79   49   51   66   75   79   17   13   48   80   83   54   47   21   4   100   39   39   1   75   33   38   31   9   99   33   94   2   34   38   17   84   23   20   65   29   12   39   35   98   48   75   41   74   67   0   29   40   
2   76   85   20   14   31   62   72   67   86   68   100   25   36   71   59   57   46   1   94   47   52   30   64   99   5   52   37   19   68   65   48   84   46   42   56   64   45   93   8   87   27   24   39   13   41   28   100   50   29   93   38   85   87   86   54   78   85   100   69   52   46   74   58   78   53   87   66   88   4   98   72   61   94   92   80   78   90   78   5   25   33   86   74   3   44   91   91   33   29   37   87   24   14   7   83   17   0   49   24   1   59   22   75   30   90   44   68   52   11   63   78   86   66   57   63   61   36   
43   91   36   65   77   75   2   32   50   20   47   16   60   97   17   44   81   7   63   10   31   5   1   66   86   63   31   17   0   52   79   60   35   5   39   97   98   15   52   14   74   10   56   97   50   54   45   28   18   92   62   32   70   62   10   50   1   96   31   73   61   97   18   64   96   28   58   6   9   10   38   28   77   74   59   17   80   10   53   47   76   23   58   93   74   5   41   94   77   92   78   25   96   4   37   54   27   19   24   32   83   62   23   48   60   34   3   70   59   30   64   25   45   59   18   21   84   46   
2   64   59   91   99   100   26   38   45   1   16   96   73   22   53   20   9   54   14   37   58   6   25   42   43   83   1   20   54   29   70   24   44   55   70   67   92   65   100   1   24   75   79   16   68   39   81   70   65   5   15   60   30   93   77   91   80   0   95   64   90   53   100   13   70   45   57   93   92   78   60   50   83   91   69   95   72   16   55   26   70   27   51   75   55   88   43   54   32   22   16   27   39   71   86   10   93   4   53   4   27   55   12   60   100   65   13   44   26   44   52   3   16   37   42   88   18   100   
68   20   62   81   65   60   18   25   45   70   55   28   11   94   76   95   19   34   52   28   20   40   14   22   80   21   77   17   8   44   30   10   28   0   72   39   89   59   12   10   69   33   40   59   9   45   3   26   48   56   42   51   50   95   13   26   71   28   16   31   7   61   62   46   89   69   72   54   36   24   41   64   37   86   33   56   87   94   23   9   75   42   88   41   22   0   56   10   32   77   87   71   86   94   71   22   48   99   14   62   83   83   66   91   42   61   41   22   48   93   45   11   4   100   98   47   75   72   
100   23   10   69   48   48   87   68   62   11   51   69   0   73   95   90   90   70   95   93   72   81   37   62   25   47   25   42   84   91   26   3   38   45   0   24   32   84   47   4   2   16   81   49   1   79   69   85   95   12   19   53   93   64   73   52   32   55   54   63   92   7   56   99   39   55   25   41   0   2   94   29   71   17   19   99   36   21   29   70   53   84   60   73   19   87   57   45   96   59   48   15   27   71   87   58   31   9   44   91   98   36   29   45   82   2   26   6   16   16   76   27   55   59   13   70   61   65   
4   73   99   91   55   82   46   13   46   53   41   53   35   63   100   70   78   65   99   57   28   95   20   62   18   53   74   89   31   89   71   16   89   45   18   93   43   64   99   70   20   89   1   24   10   71   30   17   71   62   31   55   30   30   11   13   37   75   28   22   55   90   99   44   1   56   19   100   64   17   3   4   89   23   86   38   11   90   42   52   45   85   29   66   27   95   21   69   10   75   90   21   15   4   71   23   1   68   30   53   100   55   72   71   1   75   51   95   31   22   34   34   67   20   67   54   0   36   
91   29   27   30   74   29   92   29   42   43   90   31   72   20   9   100   83   60   73   84   8   1   52   94   67   21   32   76   29   0   45   22   45   36   70   0   40   7   63   51   20   25   50   58   54   9   13   42   65   95   13   73   74   87   57   76   77   59   49   23   13   99   16   31   15   18   49   97   41   92   91   48   40   54   7   64   0   86   84   16   35   41   25   14   24   71   20   76   61   75   68   54   40   92   39   44   86   33   89   10   30   73   93   54   100   72   71   81   76   23   62   52   24   70   10   37   10   55   
77   60   55   79   96   47   82   4   79   55   80   24   85   34   58   100   84   8   30   93   12   46   23   96   20   49   71   24   34   70   71   3   75   32   10   19   11   99   25   84   8   9   57   66   13   16   56   46   69   73   79   81   95   58   79   2   30   36   66   27   18   97   83   12   10   88   68   12   60   13   8   26   77   51   22   45   83   45   57   70   48   66   0   47   21   96   16   46   21   6   94   91   45   77   49   59   25   45   28   5   43   81   81   2   5   26   16   71   22   56   52   26   38   40   54   80   4   1   
98   35   13   24   17   84   57   77   6   35   72   54   56   32   42   73   72   46   81   25   21   42   1   2   13   82   48   48   92   92   39   4   19   6   37   66   44   71   44   49   30   14   30   6   90   67   86   82   22   63   32   71   60   11   91   16   84   51   57   92   64   70   55   66   82   14   44   54   29   63   87   81   53   62   17   14   38   28   70   12   79   7   44   65   60   12   51   95   100   54   46   52   72   57   93   68   85   53   20   71   77   29   76   17   8   14   83   30   100   93   10   52   78   61   91   17   68   1   
57   43   99   32   99   70   4   46   52   31   5   3   58   35   20   46   4   39   100   57   11   47   31   59   14   27   5   93   40   17   95   0   4   13   90   4   69   82   55   84   14   89   49   87   94   32   10   20   89   20   73   6   7   34   83   67   2   23   36   68   89   50   38   51   4   59   67   8   99   41   41   83   96   37   22   52   51   87   13   70   94   99   60   34   97   93   22   10   31   42   22   28   68   48   3   49   100   11   81   91   11   68   14   11   23   16   50   1   24   26   70   2   18   59   36   95   76   42   
10   29   29   74   97   13   28   91   81   53   33   67   73   14   27   97   93   65   90   90   18   64   33   59   46   95   72   28   57   35   0   88   33   86   88   84   70   27   34   80   62   15   74   72   63   47   4   88   20   44   85   17   13   30   40   71   46   27   26   87   39   95   70   60   76   13   73   72   94   55   64   9   90   41   69   41   23   21   99   12   52   5   37   53   86   98   54   20   61   43   99   5   43   91   79   75   92   78   99   12   11   74   76   41   39   63   55   66   43   68   81   25   17   93   90   91   83   27   
13   20   40   34   92   84   21   53   21   19   22   5   24   78   40   2   24   24   54   44   40   62   57   59   76   39   0   19   31   96   45   71   17   56   16   69   96   7   28   97   93   59   25   2   55   5   6   65   56   17   31   72   74   100   56   58   55   59   30   99   70   38   5   51   51   94   11   67   99   20   82   24   4   46   100   52   90   97   17   33   64   24   63   89   61   61   9   83   67   28   23   69   27   76   42   84   38   68   35   90   50   39   32   82   68   65   3   75   97   83   17   23   35   37   90   49   22   21   
86   20   90   19   39   89   95   96   90   46   4   26   63   0   45   12   68   91   83   98   9   11   81   93   77   8   39   3   51   58   70   79   64   91   93   13   1   97   77   72   75   83   20   8   28   50   94   62   2   72   28   34   8   6   89   78   11   39   48   88   96   4   13   84   96   44   13   45   52   55   76   84   80   74   85   7   93   67   92   59   18   94   35   44   60   98   3   25   76   25   11   86   82   90   27   47   89   47   32   23   46   47   63   61   0   11   77   36   67   38   58   26   47   8   35   63   34   19   
66   36   67   47   16   91   5   60   40   9   39   30   98   94   39   8   85   60   44   66   62   88   95   61   86   33   84   65   77   1   51   65   11   81   45   11   70   2   2   51   14   42   97   87   75   50   27   46   70   89   35   0   89   92   6   85   0   100   50   66   76   93   18   85   95   23   22   76   47   71   26   80   95   32   21   58   44   61   62   3   0   69   59   89   57   31   49   68   39   46   4   86   78   48   29   59   67   62   65   2   0   87   88   46   70   1   77   13   26   25   86   34   79   50   45   32   56   95   
30   65   22   69   94   11   44   3   70   14   52   69   38   94   16   97   99   50   79   90   79   17   9   83   92   72   26   33   91   84   94   95   31   6   12   33   59   70   24   49   89   8   8   100   63   3   5   11   58   6   68   75   75   92   27   88   49   11   56   0   6   85   47   87   69   73   21   6   66   65   92   87   70   43   78   62   41   19   13   27   59   61   21   69   4   53   87   86   98   29   30   94   69   14   21   56   77   63   79   79   83   6   77   33   90   3   36   55   36   73   42   77   79   47   32   89   16   93   
45   20   23   58   46   2   75   85   78   97   37   50   88   0   71   32   94   28   83   83   72   44   69   71   74   93   0   16   79   57   8   13   24   78   99   22   70   88   80   77   24   27   51   91   18   52   61   56   17   93   19   90   92   53   64   86   3   48   68   50   96   12   87   84   88   11   57   92   76   11   96   2   49   72   39   69   88   84   6   64   22   57   21   86   17   80   80   9   33   13   51   99   39   72   96   71   47   87   57   80   70   26   1   53   41   6   26   87   24   78   16   65   14   40   66   29   15   30   
57   14   76   73   85   34   72   37   11   44   4   65   11   60   25   2   55   57   81   29   51   6   96   97   46   94   7   42   41   42   65   98   63   47   31   47   54   29   55   2   19   29   31   94   26   52   44   45   87   62   43   90   100   38   43   64   73   90   34   25   76   38   36   3   23   85   14   55   81   6   28   81   51   93   48   2   98   46   52   0   4   73   44   93   59   82   45   70   18   60   88   52   8   19   8   14   85   50   36   10   28   60   66   79   83   42   86   92   86   48   100   53   25   57   44   47   77   13   
29   70   2   44   49   75   47   44   31   29   41   87   75   37   68   97   51   54   46   11   38   73   79   5   93   16   20   71   98   20   48   47   71   28   67   33   39   6   52   48   81   21   37   59   73   4   68   45   83   79   79   94   95   31   13   18   57   99   97   25   73   80   44   79   39   55   19   62   74   55   21   100   69   15   35   91   0   82   48   4   81   99   0   33   44   74   80   92   43   64   48   48   84   100   64   5   59   64   20   54   25   61   100   3   87   36   79   69   90   76   9   94   42   44   26   57   25   72   
52   24   82   58   34   9   16   66   40   90   96   84   54   75   4   10   72   35   76   17   35   90   52   95   52   40   75   14   24   64   73   21   27   68   33   59   80   65   57   66   27   8   8   66   54   24   4   0   78   59   23   40   46   29   59   16   69   93   6   54   27   31   46   94   71   64   48   33   66   49   63   5   13   6   18   16   19   23   64   37   14   86   86   71   99   14   45   86   69   57   31   58   46   41   52   100   17   7   33   27   34   37   18   13   74   89   43   40   8   32   26   92   63   68   54   40   48   65   
81   94   62   40   45   37   5   77   54   92   85   55   57   36   24   84   25   86   17   54   50   95   12   51   76   42   85   38   98   10   50   100   98   34   37   51   40   80   64   5   69   82   14   63   24   68   7   52   54   40   34   58   76   73   90   29   51   8   56   61   86   29   2   54   89   92   16   79   61   34   45   23   17   60   0   59   55   94   58   78   59   21   69   85   76   27   21   34   86   77   85   50   16   44   32   6   29   51   19   66   1   45   60   38   60   23   54   86   55   57   10   74   87   60   34   70   5   40   
45   95   23   34   74   9   15   62   15   85   84   46   61   86   16   10   28   20   100   41   46   11   40   35   21   51   83   84   60   60   66   66   16   92   0   28   31   25   90   23   85   97   81   64   21   78   51   90   0   82   44   22   26   74   63   91   59   92   18   86   9   0   90   13   15   22   53   57   80   27   24   43   14   54   79   67   64   35   28   31   32   39   60   27   85   75   21   39   22   48   52   92   71   3   9   40   98   92   23   77   52   9   36   80   45   82   29   18   13   51   26   23   69   42   78   85   47   52   
53   0   40   45   7   82   41   9   88   7   39   48   38   35   43   56   69   60   97   20   79   84   15   71   15   12   45   53   90   41   33   63   3   0   25   43   85   98   19   22   3   64   46   77   73   12   37   40   8   14   10   94   58   79   68   57   48   29   48   9   0   54   39   22   27   59   5   45   0   44   51   10   36   86   13   12   2   51   21   1   56   85   29   96   44   8   38   11   61   39   58   0   16   99   75   50   82   10   4   5   41   97   95   31   28   65   78   90   55   32   27   42   14   15   92   11   46   89   
68   5   71   89   49   94   63   2   41   72   28   61   46   2   8   66   98   14   11   91   44   14   5   41   48   69   37   72   81   14   33   68   90   67   54   31   93   76   93   69   92   34   51   94   23   58   86   39   18   31   49   32   37   90   39   10   53   64   14   20   42   71   89   98   40   55   30   64   13   81   50   74   34   46   25   47   15   5   78   87   70   18   47   48   55   50   77   76   27   34   6   74   21   56   53   55   61   26   0   63   36   70   28   9   79   7   73   44   48   12   21   15   95   4   62   28   98   93   
28   100   93   3   10   34   5   40   83   12   53   46   43   51   54   79   30   73   15   37   2   100   68   53   1   39   53   50   51   64   58   72   42   38   88   23   25   11   53   98   26   81   15   25   31   29   72   33   95   98   81   31   17   31   55   40   61   18   64   11   70   35   100   2   5   52   89   96   9   79   82   40   42   3   25   69   28   71   13   30   89   75   60   67   20   14   79   92   63   75   85   91   51   9   89   91   86   99   0   98   31   45   68   35   73   44   66   56   68   29   46   89   38   68   66   21   45   21   
89   70   58   60   66   13   98   26   63   5   0   65   7   72   51   71   35   31   49   23   1   5   53   92   8   28   23   28   79   58   99   3   40   91   47   27   31   33   34   25   88   71   76   14   43   72   39   100   92   98   50   56   46   68   67   0   44   47   43   65   92   30   98   99   70   40   3   97   73   7   97   88   18   90   33   95   33   16   1   43   66   73   96   92   73   68   34   33   96   85   63   76   79   23   68   27   43   53   78   77   39   45   50   5   71   61   16   18   63   79   84   90   30   8   93   46   87   99   
80   59   60   18   32   31   56   30   45   33   77   11   71   8   87   8   98   67   33   82   89   76   77   23   29   77   58   18   96   65   33   72   18   58   77   98   86   39   77   90   82   30   56   2   89   94   78   59   15   77   63   8   47   29   8   68   48   42   54   97   78   26   2   30   68   4   7   99   5   26   12   93   74   30   2   23   99   67   88   2   86   49   62   51   95   34   43   57   44   5   67   42   31   25   86   16   20   1   14   98   9   6   58   67   61   95   58   11   29   15   1   78   86   31   52   12   34   68   
92   6   67   59   54   43   86   25   3   2   50   56   62   22   52   99   91   9   18   45   39   63   86   29   44   85   92   75   22   4   17   50   99   23   27   12   6   62   30   47   72   36   10   77   39   7   85   80   25   77   76   52   7   78   4   51   17   29   84   80   44   2   20   67   58   23   42   46   32   86   27   17   94   3   19   38   81   17   44   4   96   33   2   24   29   26   33   43   28   68   38   80   4   35   54   34   89   31   44   56   35   74   60   60   71   93   55   13   33   0   26   46   73   50   45   76   21   54   
22   87   89   72   24   11   19   92   63   65   69   72   63   78   37   77   19   0   60   60   45   8   74   72   53   13   95   8   23   28   18   90   92   77   40   52   20   57   10   61   81   90   97   81   11   19   3   36   71   18   58   88   56   38   9   85   36   18   19   7   81   63   1   74   10   99   72   20   31   3   64   42   39   8   75   57   57   77   86   25   21   19   6   35   6   16   74   3   37   47   47   89   31   19   29   96   35   40   69   45   3   28   75   17   43   100   44   62   98   14   93   75   32   23   80   93   26   95   
84   8   58   27   68   52   95   5   75   8   0   62   65   83   40   54   24   25   10   66   46   74   69   43   84   69   56   58   17   30   73   91   34   65   83   20   87   97   45   84   85   37   22   49   94   45   28   61   56   53   71   55   60   66   100   35   90   72   7   0   94   37   52   97   98   89   73   40   5   66   100   81   100   9   38   47   53   5   68   8   33   63   96   67   84   43   44   37   63   89   53   59   3   81   10   51   39   43   78   57   28   60   54   95   44   91   99   44   43   46   13   89   54   14   34   24   34   82   
1   10   9   25   29   82   80   66   47   61   32   12   8   21   51   17   4   48   44   24   36   37   35   49   3   10   14   52   16   42   100   100   21   30   28   44   71   26   14   28   39   0   70   72   49   81   53   100   62   47   99   39   63   35   49   60   94   65   34   20   2   76   55   89   56   7   34   88   73   53   100   82   51   54   12   7   15   35   92   13   4   50   33   5   83   83   31   63   96   4   85   56   17   91   60   90   47   51   94   81   97   100   29   22   76   77   13   40   63   38   33   85   88   23   4   2   60   41   
5   65   39   84   6   98   10   77   4   47   19   78   90   65   49   48   75   85   7   48   45   68   39   72   93   38   86   92   58   61   36   79   68   11   70   88   99   40   71   88   91   65   13   25   61   35   100   43   6   45   69   12   60   11   28   14   19   79   41   50   28   46   91   83   89   64   22   22   32   15   29   60   78   51   0   71   25   32   32   62   82   37   71   38   7   69   68   3   21   76   81   62   42   86   11   44   13   44   30   74   25   57   77   21   13   94   66   35   66   99   54   75   35   74   90   58   77   23   
42   92   60   33   9   14   62   74   32   75   64   26   86   80   37   62   70   54   15   75   55   75   63   84   87   63   76   90   22   52   88   78   95   35   66   35   81   78   7   67   36   43   8   9   15   57   93   84   14   78   8   79   26   91   24   29   87   48   23   7   55   12   3   95   40   14   15   62   17   35   54   88   32   26   80   39   33   24   51   48   85   32   55   63   51   55   42   48   4   34   3   18   8   61   23   85   58   86   3   58   86   2   22   88   81   9   35   70   73   67   44   96   8   57   89   7   30   96   
79   21   60   30   67   55   61   60   52   29   80   71   73   49   79   19   35   67   69   81   42   40   61   78   19   12   92   62   96   90   98   44   99   98   74   11   7   50   74   87   0   41   55   16   43   61   28   79   65   97   77   75   81   76   85   61   52   48   27   47   85   91   2   17   69   26   44   26   19   80   58   67   18   90   54   91   62   45   65   64   95   17   19   81   3   21   44   94   28   60   60   78   53   27   21   74   46   22   13   88   88   8   59   55   91   39   7   73   100   63   47   73   86   5   47   3   32   81   
17   79   96   70   31   23   71   11   37   18   96   54   79   81   99   53   7   50   9   3   5   63   43   26   5   18   92   32   58   98   43   14   69   86   32   12   80   34   68   20   92   70   64   46   68   83   54   78   99   94   84   63   88   31   90   87   33   51   84   100   36   67   11   36   89   91   41   20   5   39   81   21   47   42   41   30   68   4   27   31   95   75   36   76   8   32   35   59   24   98   20   37   55   80   69   58   79   18   24   17   59   5   25   43   5   19   27   49   83   38   28   98   65   91   23   47   0   23   
13   65   31   0   93   99   65   38   60   79   31   64   95   100   3   56   72   89   28   25   69   65   2   55   75   79   74   21   94   24   86   61   56   22   99   3   65   28   71   79   74   90   97   55   17   44   65   39   52   46   88   93   9   95   75   82   10   51   85   11   58   53   51   80   88   37   79   59   46   3   43   66   37   89   62   42   5   61   27   0   72   24   70   3   66   25   12   53   87   78   96   43   72   96   97   34   15   37   70   81   88   99   92   70   94   80   88   20   7   100   77   65   75   15   81   53   75   37   
41   75   44   23   66   28   53   66   41   35   100   54   71   15   58   23   15   26   37   68   11   87   33   74   61   19   43   51   64   26   78   9   33   10   71   25   78   84   47   36   59   1   11   21   49   95   66   10   66   34   37   95   17   32   28   75   93   1   88   74   50   58   97   11   54   41   83   27   23   2   45   90   89   59   47   58   2   13   7   91   51   86   19   20   85   71   25   59   41   42   41   49   66   93   32   77   9   77   31   7   18   13   90   44   96   13   80   69   4   4   41   12   71   58   97   63   9   30   
87   74   24   60   75   33   5   4   63   24   19   33   98   32   45   93   33   75   53   23   49   44   39   69   67   86   88   45   25   34   98   69   84   67   29   76   24   54   73   86   72   73   76   58   93   31   4   2   94   44   18   35   30   17   18   22   61   70   77   8   21   4   30   81   19   21   41   26   95   96   48   92   46   38   28   70   19   75   13   20   68   26   42   13   25   95   100   51   82   69   77   59   9   33   47   50   46   84   61   72   97   8   93   55   10   57   7   38   20   96   71   64   19   59   91   81   12   69   
67   11   87   32   20   21   91   76   70   38   39   30   4   37   28   68   74   27   86   17   71   58   89   67   77   40   32   58   30   67   8   17   18   33   54   57   40   62   62   42   73   66   87   82   11   38   80   63   42   61   5   63   12   53   69   18   89   55   31   31   94   100   69   66   61   67   70   86   91   87   82   45   29   0   96   58   62   89   59   36   34   44   45   29   54   88   97   49   73   22   50   49   92   30   21   90   90   74   10   74   50   73   56   88   44   48   12   62   13   35   89   7   93   70   82   74   14   47   
37   17   89   42   35   85   64   20   25   95   24   48   6   66   96   76   38   16   11   62   12   30   12   35   16   92   97   16   94   31   31   46   65   17   23   84   9   75   25   88   80   15   86   82   37   93   1   31   92   84   35   88   100   59   29   32   100   22   87   43   2   64   20   50   68   2   40   81   27   87   75   58   19   80   81   47   94   2   39   52   96   17   33   38   24   24   16   51   87   24   38   6   43   20   39   81   1   54   27   28   65   6   54   44   12   26   7   52   13   29   79   67   0   74   66   72   28   1   
39   31   43   44   99   2   46   29   21   12   62   50   29   10   54   100   34   80   65   39   58   5   68   8   92   69   7   59   13   83   55   4   57   9   98   22   50   74   69   3   26   32   14   9   8   71   88   26   41   50   51   96   57   17   18   24   7   75   59   91   10   91   44   44   6   93   88   44   54   46   85   38   47   49   68   86   100   35   64   20   15   1   71   14   46   28   58   25   58   56   39   12   99   47   55   65   13   11   1   69   59   75   93   54   53   69   66   73   59   77   34   10   13   44   28   57   87   36   
27   96   1   94   77   31   76   40   0   71   76   100   87   21   55   79   18   55   26   80   55   58   82   64   31   78   43   59   96   22   67   53   25   82   8   88   57   65   17   85   18   89   90   83   73   99   18   18   51   81   41   0   86   76   1   93   65   91   63   68   75   22   90   58   1   6   22   14   32   67   94   29   93   8   96   86   34   92   67   35   23   89   11   90   98   85   33   18   77   50   95   20   87   99   15   44   31   36   9   47   67   57   38   11   85   63   0   76   55   98   86   51   74   24   95   61   75   78   
