1   86   15   44   97   97   66   19   0   7   32   43   79   57   33   33   25   52   69   7   4   14   93   19   91   46   77   22   32   24   17   82   73   99   21   91   99   59   25   40   71   62   62   87   61   6   13   61   81   37   5   32   99   27   78   88   87   48   73   3   4   35   52   39   62   45   60   26   28   56   35   19   11   82   60   60   14   26   96   38   75   36   32   48   57   59   3   22   100   69   75   78   9   25   23   0   49   53   94   92   0   27   81   16   16   81   13   10   56   49   26   7   72   73   59   65   41   11   
3   23   11   46   22   49   25   14   10   66   62   78   90   7   55   69   31   74   41   73   24   62   30   86   88   76   93   52   34   98   26   50   13   11   74   97   1   1   4   94   4   84   85   51   48   63   73   76   36   48   95   5   67   44   89   87   75   63   24   52   76   77   15   46   73   84   5   10   97   27   2   1   46   93   70   32   41   49   38   12   33   23   43   77   42   20   15   77   84   9   39   45   64   95   96   2   57   1   18   19   52   84   27   86   2   35   81   28   14   34   76   42   58   40   58   61   71   35   
100   65   38   2   7   98   55   7   33   77   52   77   51   16   84   51   12   48   26   59   46   13   54   1   60   9   31   64   88   3   19   4   31   62   11   80   82   8   40   22   87   55   80   33   18   43   43   70   9   25   81   30   58   33   39   32   97   96   83   75   83   76   55   4   33   85   42   34   41   83   90   77   24   6   60   80   98   20   26   28   45   33   62   18   71   53   52   62   10   2   100   97   80   100   22   24   96   33   41   70   64   48   58   18   24   74   90   85   94   60   47   31   10   24   46   61   68   55   
97   99   74   48   71   43   36   48   33   17   20   18   37   94   48   99   73   43   46   54   22   31   97   38   7   25   8   76   23   59   13   38   35   37   17   39   33   5   71   75   42   10   39   86   85   86   11   89   68   24   16   29   25   9   39   33   29   63   26   47   60   63   91   13   61   9   66   13   76   24   15   89   6   89   67   8   24   78   6   95   43   70   26   63   2   40   9   81   76   16   10   41   49   5   97   29   95   0   44   39   31   5   58   64   41   32   85   25   51   56   30   64   1   67   6   29   90   4   
87   16   52   49   89   41   9   98   75   45   34   18   77   46   16   91   15   100   34   54   30   98   16   14   80   26   95   45   36   61   43   44   40   93   16   85   34   80   0   85   78   90   43   54   64   18   15   21   23   22   62   21   37   40   22   54   72   93   50   59   90   1   62   79   43   43   83   48   93   30   69   58   13   82   94   96   34   74   79   15   94   41   25   56   4   59   50   95   6   89   62   9   59   86   17   93   41   79   84   42   66   76   16   3   2   6   83   87   36   35   85   12   64   86   37   92   73   65   
52   77   78   58   65   83   82   23   56   99   20   49   38   5   19   27   6   2   31   12   32   36   43   88   61   68   69   66   39   59   35   90   81   13   85   80   57   40   14   21   52   58   10   30   72   91   43   42   78   37   14   27   35   43   27   32   63   71   15   65   23   19   36   16   21   28   49   16   32   88   88   55   43   12   51   6   38   23   64   38   3   38   71   99   18   33   44   50   59   29   87   22   77   20   25   32   62   9   54   77   96   37   71   12   72   28   97   16   11   45   54   95   73   77   26   86   59   14   
13   75   53   0   49   85   5   56   85   77   41   30   45   66   33   33   28   98   58   78   32   17   23   31   12   67   81   54   75   35   56   36   91   79   51   33   54   97   61   90   66   84   100   94   12   19   10   48   46   48   31   66   24   31   14   70   86   14   76   56   62   69   5   71   16   13   77   9   74   99   4   78   98   82   73   60   37   23   75   15   37   40   67   59   14   90   87   71   62   70   87   72   32   92   71   75   8   100   45   35   37   49   16   63   62   18   41   88   70   85   86   10   12   96   49   18   87   63   
34   97   62   64   63   49   11   20   12   30   45   46   4   58   80   83   20   90   90   25   94   45   86   28   61   15   30   8   99   82   82   67   25   28   82   10   100   57   36   88   66   96   60   46   46   45   92   74   53   45   27   10   57   96   29   5   37   78   35   78   74   99   39   12   56   45   98   76   19   42   42   29   18   1   88   86   17   22   90   17   94   95   26   6   20   21   62   36   10   89   40   16   85   4   25   27   91   15   57   32   38   60   94   32   10   11   25   99   98   34   78   44   7   44   14   29   12   63   
50   40   82   45   10   14   38   33   85   42   45   79   26   92   31   35   68   70   12   15   44   75   54   66   57   30   99   81   8   63   12   65   52   18   32   3   1   12   34   89   18   96   14   30   46   68   77   42   87   45   95   87   58   80   91   78   36   71   97   11   42   74   56   91   21   22   54   40   5   2   45   10   33   71   42   11   6   24   92   6   57   6   70   87   77   40   95   8   100   95   59   29   86   26   17   63   97   63   24   76   98   32   46   7   96   32   97   57   83   23   13   44   76   22   54   28   37   3   
88   98   61   20   64   46   41   18   66   73   47   67   94   77   86   79   79   73   51   36   70   1   74   32   78   10   16   48   30   87   57   95   0   61   50   36   93   53   81   20   93   42   68   64   23   1   97   66   74   22   74   8   67   83   45   91   73   48   97   43   91   54   73   52   38   62   100   4   4   35   35   71   47   38   38   73   13   6   34   8   13   61   21   15   32   0   16   56   80   70   91   29   4   17   18   94   100   34   90   56   81   84   0   99   63   43   58   77   0   78   43   30   48   30   82   6   77   16   
98   84   81   87   75   82   54   12   96   53   38   47   75   24   57   75   93   19   3   92   5   69   59   79   74   37   51   77   50   24   5   33   62   35   39   25   52   92   63   58   24   83   0   61   53   15   54   97   47   86   81   68   13   44   89   10   43   51   9   87   8   8   27   43   75   64   41   24   29   98   87   30   11   40   80   92   19   85   6   59   58   31   39   96   21   22   92   33   34   2   51   39   97   42   88   7   99   19   54   4   98   65   38   79   70   91   66   49   72   57   28   38   92   60   51   10   86   99   
84   3   97   75   33   27   37   23   61   71   66   1   26   16   98   39   100   91   75   16   27   2   36   2   28   23   50   70   95   90   65   43   48   45   90   95   79   59   8   39   50   41   21   55   41   47   39   38   13   53   72   7   94   69   8   100   78   11   99   54   31   50   17   77   90   52   59   67   70   57   38   16   65   70   56   53   58   30   71   9   92   27   25   12   77   71   55   37   85   43   95   32   16   35   86   50   93   99   6   45   89   41   64   88   58   12   97   59   89   34   93   5   29   87   12   27   78   3   
0   34   72   19   56   4   25   85   4   23   16   92   31   88   26   81   100   49   17   45   37   83   41   40   12   100   18   48   11   47   3   81   79   2   49   98   29   62   51   68   99   86   81   56   63   3   88   69   76   26   90   44   90   68   34   84   37   61   73   98   83   52   84   73   51   50   75   37   95   53   86   80   99   79   48   79   91   47   11   100   13   20   60   52   61   29   65   39   88   57   60   43   94   25   29   5   54   72   30   6   71   84   10   87   66   79   37   22   21   70   66   39   17   63   71   27   10   67   
76   35   28   20   64   81   13   2   34   42   33   13   44   11   16   56   35   100   71   19   14   85   87   62   77   30   10   20   19   45   99   13   79   92   12   37   27   18   96   75   60   93   2   91   96   75   20   25   98   42   85   33   35   9   1   27   26   93   4   57   76   56   51   54   26   55   81   13   83   4   32   35   97   48   35   75   20   54   33   80   4   10   15   77   14   71   21   45   4   73   92   39   25   95   52   21   29   56   98   39   6   5   86   30   17   86   79   51   97   68   51   43   32   58   44   66   45   21   
85   69   95   47   12   40   26   98   17   12   36   5   6   49   11   42   52   27   72   12   25   64   68   15   11   10   33   13   99   18   40   23   29   28   71   99   67   48   30   23   13   36   86   63   77   97   72   6   16   81   16   87   1   52   6   64   50   72   69   99   67   63   74   41   70   92   67   94   72   5   50   32   24   67   0   98   25   93   86   10   3   26   20   65   17   95   75   78   23   12   98   20   98   50   3   83   96   92   22   66   7   70   61   78   52   19   33   9   78   93   41   42   70   86   54   66   82   18   
11   97   65   79   31   98   3   81   17   22   28   83   5   49   61   21   46   94   0   5   43   55   19   57   50   95   78   48   67   30   88   26   36   73   87   86   22   73   2   91   27   85   100   3   42   94   56   67   68   69   95   100   66   3   23   78   38   4   9   52   28   70   54   88   82   19   78   29   92   100   32   98   69   59   20   61   12   99   3   9   20   70   16   41   80   17   58   17   99   52   100   25   2   68   28   17   96   8   93   61   1   100   87   75   65   30   46   78   43   0   10   95   16   47   92   31   64   3   
35   78   6   50   34   5   8   93   90   47   33   4   24   8   89   6   67   95   91   78   43   19   19   58   32   0   75   40   53   84   88   7   43   28   44   4   65   61   85   87   40   18   43   23   80   82   66   90   40   51   40   63   58   22   100   65   93   80   97   22   20   70   99   54   88   12   2   47   5   49   60   100   97   72   28   64   100   57   86   55   29   48   34   97   21   85   88   45   20   53   86   28   90   2   85   43   6   93   81   0   46   27   18   48   52   54   44   0   57   15   69   1   85   56   10   84   97   50   
16   51   33   53   72   56   4   40   68   2   72   0   15   21   3   10   4   73   96   14   67   31   22   96   0   88   1   11   14   79   2   13   79   26   19   48   53   27   2   83   0   3   31   0   6   11   54   27   16   52   99   66   14   25   55   30   27   47   84   32   25   52   9   94   20   79   85   85   2   62   68   40   55   82   93   100   87   20   100   20   59   61   27   11   21   91   60   15   1   77   38   44   30   55   27   2   97   31   2   75   28   69   32   60   7   78   20   41   91   30   80   36   93   40   38   7   91   50   
0   76   82   30   93   43   47   1   13   35   18   100   48   77   6   10   33   69   7   34   24   68   68   63   42   80   13   20   34   27   3   83   37   77   91   1   19   42   88   34   31   49   1   30   58   95   67   63   34   91   46   66   86   2   86   38   90   32   32   67   17   91   47   94   42   60   39   34   90   28   91   78   20   56   0   81   75   66   4   65   33   37   35   61   60   15   99   4   7   30   73   86   62   40   70   10   71   56   62   41   90   44   60   92   90   43   28   56   26   99   45   46   70   29   97   99   96   7   
33   95   66   73   5   23   50   67   16   85   51   92   25   53   47   10   97   51   37   77   90   44   3   54   75   28   76   96   74   53   31   46   69   57   57   11   23   50   42   91   37   5   63   51   51   50   46   33   30   95   15   32   54   34   49   17   33   2   26   84   9   74   22   73   63   85   77   69   47   56   87   6   93   7   86   5   69   62   15   97   71   63   5   96   11   79   38   32   45   62   71   39   6   31   14   93   99   25   0   4   24   42   15   24   14   38   30   34   32   14   47   48   18   20   72   22   18   94   
78   86   56   85   31   95   91   36   96   54   73   95   87   8   38   28   1   28   2   89   31   84   4   22   33   48   19   100   74   87   35   60   100   24   20   54   40   83   43   86   82   35   7   78   14   75   5   87   100   1   93   87   71   86   49   44   71   16   34   3   73   57   50   93   65   37   83   82   61   29   36   86   27   32   41   70   23   21   83   7   89   95   7   76   18   22   7   32   96   96   65   95   61   39   18   31   62   39   80   88   52   87   86   93   9   70   57   76   11   85   4   61   87   73   72   36   88   13   
24   23   43   36   33   96   32   37   11   75   50   91   14   64   5   42   7   12   58   30   58   38   90   51   64   15   69   31   47   75   86   40   26   3   4   84   16   91   82   75   35   78   14   11   58   7   0   11   76   52   28   41   9   41   48   46   100   74   40   20   26   94   43   6   7   21   34   7   38   96   35   43   84   69   28   91   31   69   82   91   65   5   17   3   32   78   39   87   65   31   68   36   67   60   69   52   65   85   61   34   1   5   17   24   6   95   77   84   65   14   67   22   10   25   24   97   2   17   
35   18   70   58   19   41   4   67   47   35   100   16   75   44   88   61   96   50   38   72   46   79   74   59   28   22   5   47   18   85   52   19   26   3   87   34   28   77   58   51   45   71   38   76   37   12   23   5   62   74   7   17   24   91   20   56   100   26   56   84   23   70   4   69   17   24   64   57   99   10   53   52   9   90   33   31   24   17   48   18   35   15   76   28   17   58   64   64   91   72   65   46   8   46   15   62   98   21   34   16   97   23   76   93   41   40   32   21   18   24   20   61   71   10   65   4   17   46   
57   28   55   48   48   6   33   47   10   21   62   14   10   91   13   84   67   49   52   62   99   88   89   52   97   89   41   22   84   87   67   1   7   29   92   29   14   13   84   30   58   41   95   29   65   19   19   96   33   58   86   49   30   90   48   25   55   84   57   3   24   69   49   26   79   90   37   86   11   50   76   62   3   24   9   10   58   5   1   0   2   20   3   87   50   39   50   95   40   83   21   35   56   2   55   36   28   32   41   56   27   98   9   71   19   47   20   52   82   30   76   15   77   42   15   43   96   42   
28   14   84   74   1   37   50   4   29   29   76   34   35   0   51   81   38   58   6   3   19   25   33   82   66   60   14   91   64   38   65   80   15   12   16   31   58   30   12   73   96   43   95   54   35   32   36   42   6   86   74   95   10   50   16   87   85   53   96   20   8   23   78   72   26   24   62   79   21   57   73   73   24   39   49   65   2   44   74   13   78   55   37   38   64   3   49   27   82   25   57   32   72   10   60   15   96   75   45   91   51   54   95   23   46   7   25   22   88   33   42   45   38   78   5   2   32   33   
30   43   75   38   86   36   46   17   89   12   8   85   86   55   87   32   47   10   29   59   54   36   13   54   74   87   48   12   82   4   3   35   85   51   94   9   3   44   39   56   86   82   29   82   50   22   18   37   50   78   41   28   75   9   26   59   4   97   49   5   67   60   21   97   88   22   52   57   89   12   49   29   15   95   77   5   98   98   32   84   32   23   10   4   91   95   49   22   86   48   28   32   70   2   9   98   80   95   72   38   70   74   16   46   13   90   74   53   79   25   98   100   13   24   4   53   76   68   
82   73   89   12   28   93   65   86   23   40   1   20   55   32   31   1   93   48   2   90   36   48   60   100   63   62   77   0   7   80   0   7   46   21   100   70   39   82   10   50   34   53   42   30   52   14   84   94   60   61   26   30   27   77   1   24   16   42   84   16   19   88   94   31   61   87   41   92   37   71   73   72   81   83   15   53   83   20   16   25   85   72   69   45   54   14   44   36   42   60   2   88   77   34   95   40   6   39   61   53   94   18   41   66   35   35   30   40   6   50   12   13   37   27   25   82   64   45   
70   37   6   71   99   47   66   1   59   47   70   31   55   56   77   5   49   65   94   87   90   57   19   30   52   87   35   61   46   67   77   82   71   56   12   72   69   24   15   42   70   88   92   5   41   49   73   79   93   30   61   77   54   45   75   74   11   84   47   17   90   14   74   97   1   74   9   25   8   43   53   83   61   27   55   10   29   66   6   39   18   8   81   12   4   44   3   36   38   83   56   51   6   78   66   90   72   89   56   0   67   71   88   16   4   84   89   51   96   28   74   56   49   53   75   31   75   32   
58   64   54   17   54   34   21   0   59   24   0   49   34   58   52   89   68   42   35   28   58   11   57   4   18   25   40   3   36   37   39   75   91   12   45   86   39   63   80   21   85   7   89   56   7   84   62   43   31   18   37   69   15   97   9   96   90   45   85   92   57   75   11   23   60   56   42   6   41   33   71   46   90   51   62   81   63   19   91   46   55   42   96   94   71   42   80   79   37   63   13   88   50   81   19   92   84   8   44   52   66   79   11   78   70   0   5   13   12   68   9   45   49   18   24   75   3   76   
56   26   31   67   3   25   93   44   33   94   2   39   57   6   10   38   51   18   81   16   19   22   60   33   32   52   90   100   49   60   49   11   45   0   29   82   68   6   50   52   19   38   28   60   69   86   24   55   10   56   50   18   81   58   66   52   64   26   75   63   70   69   13   41   11   10   95   86   91   63   55   11   67   74   44   20   17   50   22   30   17   59   97   23   73   47   66   94   9   20   31   56   18   16   20   14   85   70   73   50   7   53   32   35   55   65   62   82   83   4   82   27   81   75   51   30   52   21   
93   0   93   24   10   4   47   83   77   43   32   56   22   10   17   22   63   13   37   26   64   28   98   91   27   36   77   50   13   52   2   45   53   53   86   21   42   24   75   3   32   38   44   68   17   85   94   29   22   49   61   83   7   35   29   1   54   84   26   25   33   63   86   42   8   4   29   85   88   24   5   38   13   7   58   45   2   73   79   38   39   47   44   34   71   4   63   54   100   70   87   98   29   31   41   87   1   65   13   89   26   78   8   28   89   22   52   41   70   25   65   17   80   52   99   41   61   32   
15   22   27   44   9   77   20   49   88   70   95   83   35   53   3   81   59   75   34   27   44   56   30   0   0   29   25   39   57   45   45   59   66   16   34   80   4   97   11   99   67   44   81   13   1   1   33   64   31   84   17   81   55   61   97   91   40   83   7   43   63   44   11   37   88   76   20   6   56   18   31   93   36   0   48   61   41   35   97   84   31   84   54   56   4   65   72   94   23   50   81   29   56   1   5   29   97   51   40   40   72   30   79   10   64   39   63   1   47   26   34   68   33   46   61   23   71   61   
54   27   21   81   17   63   7   41   99   12   15   19   53   69   27   93   91   27   62   18   12   18   30   46   74   28   6   48   93   75   89   32   88   90   72   32   36   88   4   33   28   100   27   83   58   6   71   43   70   26   82   77   0   31   82   49   87   30   62   87   9   63   9   98   35   15   84   66   64   90   35   50   95   12   70   59   8   40   78   99   44   81   16   39   89   39   37   10   45   70   98   39   55   82   92   57   89   42   66   39   92   35   97   50   51   69   70   3   77   57   60   60   5   89   41   46   85   47   
36   55   88   20   99   36   98   10   82   37   52   82   13   61   81   98   6   41   7   80   90   7   74   42   0   73   83   77   19   18   5   16   63   55   7   72   8   50   99   42   47   94   94   76   32   0   84   73   5   85   84   51   35   26   21   36   57   60   57   66   60   65   34   50   90   41   10   26   27   34   89   78   93   27   35   69   4   91   46   5   54   68   74   75   97   18   5   23   10   99   27   19   60   80   53   84   90   3   84   1   98   67   61   96   45   12   14   98   47   63   57   36   44   17   46   94   51   54   
78   80   58   70   24   45   18   40   28   69   96   49   62   13   69   18   66   51   44   35   89   51   50   3   48   43   0   14   47   83   0   39   41   58   65   0   31   60   17   8   93   82   37   78   44   37   30   4   2   31   25   84   11   20   34   3   42   36   28   55   5   13   1   75   26   57   63   13   16   3   54   61   93   80   16   43   83   8   44   8   99   59   89   99   63   39   19   37   51   77   98   98   38   43   94   58   18   45   83   6   52   70   39   63   7   87   67   80   80   4   99   77   41   51   68   77   42   45   
42   83   27   94   64   62   80   5   90   75   61   94   42   6   46   74   93   68   8   50   31   88   45   10   98   38   71   29   15   85   66   53   48   1   58   67   80   3   40   62   73   85   83   95   63   11   70   6   55   58   87   56   80   31   65   54   16   38   94   66   65   97   66   35   78   55   13   85   61   3   25   10   44   51   97   21   21   27   26   7   37   44   4   97   9   39   80   15   3   58   49   5   79   42   73   20   64   11   49   48   3   1   87   50   11   37   46   2   71   10   34   6   50   79   60   65   87   46   
1   62   27   98   79   15   24   2   1   60   72   3   22   43   52   71   63   44   36   71   62   70   68   19   79   37   84   26   20   99   81   89   27   28   63   56   99   36   74   49   92   94   84   98   97   94   52   37   16   40   48   81   73   53   22   24   92   76   74   49   57   37   15   51   39   87   21   48   10   59   94   36   47   77   70   100   61   9   18   71   73   27   67   22   29   48   21   44   35   19   13   43   7   36   48   46   31   96   11   35   6   89   91   33   41   23   65   20   51   10   76   96   65   52   81   70   78   35   
84   97   35   89   27   80   36   78   64   18   43   93   61   44   9   41   5   31   39   90   96   83   73   79   67   98   92   22   86   24   2   79   42   2   41   93   52   46   32   48   46   28   9   35   88   72   23   92   78   32   95   32   64   51   99   91   46   22   31   9   83   58   62   46   51   31   56   87   82   97   51   53   55   27   44   56   52   94   9   12   73   5   78   84   13   73   100   54   61   61   55   10   58   62   95   31   18   61   50   32   77   79   15   55   81   43   78   68   40   28   92   9   53   0   82   37   61   32   
92   24   71   100   50   37   98   2   85   65   41   60   18   42   58   67   59   57   91   44   94   53   69   41   87   31   82   27   73   19   30   58   40   13   4   49   94   91   25   58   14   65   97   46   92   91   7   43   80   87   95   0   59   33   98   85   80   18   68   18   1   41   91   36   33   60   69   26   20   47   88   84   1   30   22   94   94   26   38   65   96   44   72   18   90   8   7   16   60   41   2   44   59   41   19   75   58   27   45   2   22   17   20   55   19   54   6   72   55   14   48   21   30   38   37   96   74   95   
87   78   9   86   48   77   46   46   18   74   86   69   36   36   71   33   99   67   25   11   35   24   14   72   80   14   70   39   19   31   68   25   22   60   93   92   41   62   59   0   38   96   16   71   41   93   32   87   43   59   62   38   12   66   84   94   79   84   84   4   40   59   43   65   5   64   92   15   57   41   64   11   72   24   25   19   40   50   56   6   7   13   4   35   62   36   38   31   94   14   80   57   41   52   16   49   79   1   97   61   18   29   45   12   52   2   81   12   86   25   17   57   8   62   22   38   39   93   
78   90   87   11   76   70   49   100   38   88   73   77   41   2   78   18   78   79   81   49   6   85   71   86   9   59   50   96   83   93   29   96   79   66   46   26   80   59   13   3   32   1   29   15   93   43   27   9   48   48   71   73   36   86   95   52   26   64   83   71   9   93   96   34   83   34   70   59   15   17   84   64   2   47   13   40   3   48   31   59   74   42   49   18   37   9   69   95   73   48   13   71   25   24   42   54   92   94   60   87   77   30   25   59   99   45   73   83   85   98   92   60   23   55   96   53   19   99   
98   91   69   21   0   6   81   87   62   78   55   7   62   37   12   82   84   59   92   47   48   93   4   78   29   99   40   18   6   81   0   68   6   19   66   82   1   77   44   50   68   65   59   18   70   38   29   3   11   40   7   91   98   16   58   12   54   68   83   63   16   18   96   79   36   21   3   94   4   88   99   60   34   1   83   44   13   22   79   0   71   38   71   29   77   74   93   19   81   63   75   10   54   54   26   18   89   100   87   60   94   53   95   68   25   52   53   2   93   13   12   47   89   98   100   50   43   65   
52   46   1   67   8   5   62   33   39   54   58   35   9   3   9   83   4   35   47   35   83   84   8   16   81   24   77   58   49   56   76   30   5   33   0   94   61   73   18   75   53   73   62   86   61   82   69   32   15   39   96   12   48   100   22   99   99   25   51   24   28   43   30   95   61   44   47   9   62   16   61   81   64   97   97   72   7   83   33   90   32   85   27   2   54   43   79   21   56   62   7   24   0   53   67   94   52   60   30   10   91   99   34   39   31   95   54   31   14   11   11   56   34   15   47   33   56   49   
92   54   43   65   29   46   84   29   0   64   34   43   6   99   95   38   35   51   76   59   64   48   33   66   50   20   81   18   28   12   91   93   78   63   7   24   97   66   38   12   3   89   5   64   80   9   82   82   80   62   50   74   44   31   87   59   82   12   24   93   1   56   100   96   43   73   34   46   19   54   21   68   67   90   11   91   32   64   30   61   4   52   69   84   44   92   7   81   8   99   22   29   83   7   85   99   2   37   86   34   4   56   19   57   96   81   0   77   62   64   83   24   71   39   72   31   47   5   
8   50   65   14   80   93   7   73   10   31   79   89   96   94   36   2   42   62   87   87   41   31   47   15   69   13   39   13   85   8   22   100   95   55   17   82   100   34   54   62   90   49   59   57   36   26   67   55   47   18   29   97   35   14   37   10   61   54   52   38   71   34   57   98   42   77   85   10   2   48   67   12   20   57   80   87   0   79   18   27   19   46   72   78   60   30   16   32   57   69   25   41   92   10   34   30   21   27   21   40   51   88   52   85   37   60   10   16   31   92   49   15   48   10   32   73   8   35   
96   23   39   39   17   69   29   70   55   55   16   80   35   96   94   4   77   25   79   95   52   46   91   30   14   97   72   31   88   7   81   22   91   20   58   5   48   42   72   37   26   25   88   9   42   14   16   65   15   11   37   23   9   95   91   80   58   85   28   13   100   7   65   20   49   73   70   69   50   72   42   27   4   72   75   96   66   89   54   80   23   29   56   53   0   53   90   16   49   76   71   90   80   59   87   87   73   83   85   89   38   10   46   20   40   32   79   22   11   15   91   68   63   80   11   72   4   19   
37   97   70   10   59   42   6   44   73   9   75   77   4   30   7   20   90   90   82   93   6   76   9   30   52   96   61   71   1   86   87   64   0   41   76   46   33   69   58   2   18   64   27   35   87   82   49   68   19   52   33   64   42   93   47   35   36   81   79   2   88   8   20   95   60   31   18   47   47   80   23   59   56   35   77   50   59   18   0   86   92   63   90   28   53   52   51   79   36   23   59   34   40   58   56   49   9   34   81   73   53   60   53   22   70   74   49   17   76   75   63   61   1   19   67   57   73   47   
86   93   5   52   72   68   42   50   23   92   74   3   61   28   90   9   23   23   72   7   70   25   81   69   81   61   63   100   20   31   19   86   34   40   48   3   48   23   100   4   98   100   100   19   35   99   53   33   78   61   80   56   74   77   46   63   65   3   6   39   9   90   10   36   17   58   3   13   20   95   88   44   56   84   84   13   91   61   23   46   52   5   53   54   34   13   31   0   100   85   71   50   54   21   83   14   82   21   2   85   66   51   96   51   84   69   25   69   57   86   46   80   40   29   59   0   62   65   
77   71   98   29   72   23   46   32   45   15   55   75   94   68   30   9   96   35   87   35   35   13   26   52   45   76   24   4   45   93   23   72   46   62   74   50   22   98   67   35   53   53   54   40   72   29   47   12   47   75   6   70   55   10   18   63   54   26   10   32   100   44   15   55   85   11   68   69   66   13   78   34   11   42   11   61   82   30   89   9   53   58   15   64   12   28   21   73   54   36   13   75   11   86   96   2   39   85   59   45   88   58   35   46   32   16   38   78   87   40   49   69   46   27   92   25   80   76   
84   51   42   63   72   49   91   26   55   43   9   56   4   33   27   33   84   7   90   83   94   72   94   85   29   31   92   4   22   66   57   98   59   43   8   74   92   17   63   51   77   56   60   62   49   35   67   87   83   13   54   44   19   24   4   51   67   7   31   57   65   3   7   75   31   96   4   75   64   27   95   99   89   4   5   29   78   52   76   68   23   55   60   58   96   9   10   83   28   83   73   75   51   30   97   76   59   44   16   82   33   5   7   49   14   2   59   67   96   71   52   95   8   32   23   13   27   44   
40   97   25   12   66   93   80   78   51   63   77   35   66   67   41   97   69   20   13   30   61   59   59   0   81   81   80   0   43   80   66   52   21   99   6   92   21   20   11   58   60   83   67   44   55   99   85   6   55   24   59   58   51   6   10   92   60   80   42   74   92   48   59   31   41   32   11   37   41   74   41   23   1   85   99   67   3   68   72   13   48   81   3   1   19   90   27   61   59   73   42   41   29   5   66   6   9   33   11   92   5   45   24   96   41   96   47   2   47   90   67   84   14   94   66   20   54   90   
12   62   32   44   58   44   28   38   7   94   90   75   78   5   71   17   63   51   38   13   4   69   78   96   34   98   75   84   24   10   30   44   18   62   13   34   99   3   27   3   39   48   45   23   68   71   38   65   62   3   77   72   48   55   35   75   94   50   46   50   97   89   54   10   71   22   4   65   81   94   5   86   56   52   84   88   56   46   54   19   77   69   99   10   31   74   41   88   81   90   42   7   84   76   20   53   81   32   93   64   50   51   100   40   60   19   69   2   23   17   53   19   64   62   35   17   8   75   
44   97   49   14   30   23   78   73   58   35   68   1   33   76   48   94   71   36   62   46   42   82   10   27   57   97   32   1   100   49   45   36   39   60   7   20   1   97   32   52   17   71   22   17   77   42   94   55   31   9   7   37   45   96   12   2   74   44   97   18   25   57   44   87   40   67   0   35   72   8   44   72   96   96   81   60   40   4   49   50   30   89   59   96   64   52   15   46   75   73   5   50   86   99   39   29   80   7   72   13   83   9   25   36   6   36   0   54   55   88   46   63   50   63   36   32   16   7   
17   31   26   91   66   90   92   61   33   14   22   18   92   14   21   9   79   86   99   32   96   95   84   4   32   25   97   11   16   47   56   24   50   57   26   0   38   58   2   2   24   1   4   73   19   62   51   76   32   8   56   85   15   26   48   93   60   7   44   64   8   13   38   11   68   50   58   4   100   21   63   12   56   80   28   87   23   34   9   52   18   95   81   58   29   54   100   31   35   74   62   25   3   20   17   52   20   23   75   12   61   23   54   40   64   82   85   61   50   80   42   95   92   85   81   36   80   10   
40   0   100   6   76   80   22   64   63   72   57   20   48   7   5   42   54   12   67   57   72   63   95   11   47   52   37   75   32   28   38   41   7   88   14   18   6   98   61   17   79   72   57   26   49   64   3   28   91   26   2   5   60   79   56   18   51   67   78   70   10   10   31   72   65   13   29   18   4   28   86   23   26   81   63   25   43   72   4   82   45   9   0   42   60   5   43   84   18   4   81   75   43   89   91   30   67   43   67   10   42   19   33   20   50   59   100   75   0   67   2   27   38   36   28   42   25   16   
40   11   40   52   87   56   21   85   90   48   96   2   59   86   43   82   86   91   61   70   18   40   90   50   44   58   25   29   3   30   55   82   68   80   88   73   73   88   41   57   31   0   1   27   19   91   24   17   43   1   86   6   1   16   55   17   90   24   70   82   87   27   43   10   33   44   55   73   25   81   35   58   43   31   55   53   72   92   28   79   27   49   40   25   83   27   64   51   27   60   31   12   12   67   46   81   27   36   10   5   12   50   100   74   64   89   1   0   40   70   12   64   13   38   39   67   41   35   
65   76   64   86   84   25   44   83   99   19   77   95   19   64   61   61   83   44   37   84   86   83   31   12   16   71   91   92   44   76   69   34   10   72   85   67   54   8   39   91   20   41   66   92   73   68   4   37   60   17   25   84   69   60   91   35   93   22   69   2   0   74   14   86   86   1   45   67   20   94   50   24   40   83   95   88   33   28   44   99   5   2   7   97   81   99   95   72   85   20   83   17   11   18   80   42   82   3   47   21   31   10   3   45   2   85   92   67   52   84   91   84   56   76   79   0   56   99   
69   86   95   9   8   21   22   48   37   0   0   85   99   26   65   64   61   33   11   45   31   50   14   47   19   30   23   50   8   84   9   51   10   72   40   45   55   81   21   66   80   76   16   57   47   46   58   95   0   72   20   89   99   88   70   18   77   47   51   23   69   21   35   11   36   21   2   49   18   58   59   99   63   6   3   41   15   42   77   99   52   99   95   67   86   87   97   3   63   50   58   23   31   18   100   71   31   47   25   65   20   67   45   38   1   74   87   70   32   57   55   58   29   55   83   27   29   86   
58   3   70   91   23   21   17   9   98   12   89   63   70   32   74   79   77   77   51   22   68   82   8   65   34   62   78   83   50   55   8   42   44   78   85   27   43   43   94   54   90   72   53   55   75   39   68   94   22   77   29   1   20   66   77   35   17   52   58   89   57   41   87   35   93   40   94   15   54   30   0   80   48   72   83   50   1   3   80   97   77   24   0   29   28   38   13   96   4   83   69   80   3   9   32   81   67   67   67   11   19   56   25   82   29   74   30   41   26   49   32   56   5   67   51   10   46   64   
61   53   83   85   16   34   56   60   98   32   18   48   27   73   57   88   43   89   94   65   77   5   35   26   7   57   86   31   43   36   18   9   77   5   56   69   77   83   1   46   2   1   18   59   22   31   32   16   47   45   24   36   75   50   21   25   3   17   58   98   19   3   91   1   97   41   70   75   18   57   21   98   64   22   0   3   7   96   49   56   93   33   65   16   47   88   61   54   85   51   68   15   25   29   19   86   13   48   8   41   64   90   47   42   58   58   51   31   82   95   20   56   20   87   79   36   66   66   
86   3   27   27   15   45   66   57   41   51   64   3   81   63   90   11   46   79   90   82   26   20   33   57   4   27   54   53   32   57   38   99   80   78   20   59   78   48   45   14   9   10   57   89   48   92   8   18   32   62   2   76   71   70   94   40   73   80   49   89   39   80   34   21   78   36   100   90   75   92   35   16   42   35   30   77   49   93   41   96   95   92   9   91   95   14   46   64   3   13   49   40   28   68   54   61   57   74   24   77   46   13   2   83   44   78   65   82   3   57   27   85   17   64   87   47   73   67   
36   64   33   87   98   11   68   100   24   45   44   21   67   81   98   74   8   40   36   94   12   48   79   60   35   21   75   33   16   53   72   20   83   30   23   29   48   36   57   62   0   46   21   44   84   28   20   34   39   33   3   2   25   93   54   68   17   29   100   41   9   71   52   44   37   73   80   87   6   93   14   88   37   53   49   41   6   29   68   59   17   72   41   30   36   14   74   95   82   3   60   7   67   32   4   0   55   4   78   34   3   9   23   27   16   98   30   66   59   76   94   94   95   24   24   100   66   41   
1   2   42   74   26   81   74   92   80   65   58   79   51   51   43   68   34   11   10   100   17   87   97   61   92   29   83   11   13   50   35   60   49   9   57   1   78   24   44   15   37   40   20   36   27   4   88   37   59   86   69   81   41   4   35   74   40   51   13   91   100   46   57   78   8   40   42   83   45   69   59   41   18   54   9   84   86   34   41   54   90   80   38   22   35   33   42   13   46   10   88   89   90   31   10   41   36   21   74   9   43   52   65   51   72   16   69   70   45   93   42   17   38   22   96   28   29   5   
98   21   87   40   72   48   37   27   39   33   50   97   0   94   59   69   98   39   76   68   87   79   16   60   59   79   78   75   1   46   78   99   27   98   80   80   72   100   55   34   13   85   39   48   64   30   1   44   35   88   93   46   7   98   80   78   2   6   54   6   73   23   74   43   43   40   53   91   46   34   75   28   6   75   35   55   19   39   52   31   64   71   68   89   13   81   63   73   60   76   0   95   52   91   29   45   48   72   77   45   0   94   64   65   44   3   50   68   52   22   99   18   68   86   66   41   64   65   
47   93   44   83   93   49   81   7   95   77   50   64   33   2   29   30   53   1   88   13   13   61   100   82   62   71   58   9   37   10   12   58   12   33   37   99   90   83   56   10   75   80   84   96   33   91   39   80   66   67   62   21   75   18   71   16   44   63   27   100   77   16   5   44   2   14   61   8   58   4   41   84   7   11   79   52   19   50   54   100   96   51   75   40   33   95   48   6   1   54   90   86   56   25   78   45   95   29   98   86   17   52   0   40   100   41   24   9   46   79   15   84   27   98   97   77   31   67   
90   12   11   97   95   24   42   18   90   59   88   98   12   30   68   11   30   55   70   80   46   97   72   81   45   70   2   39   52   98   33   76   3   96   15   88   54   79   9   20   15   59   86   81   66   88   55   83   58   25   54   39   32   87   7   99   45   82   96   69   55   18   35   76   78   86   19   91   93   70   58   43   81   75   32   83   91   8   71   92   28   70   53   93   2   70   0   96   46   30   87   31   39   0   39   24   71   93   38   69   74   13   88   74   71   10   38   53   30   4   93   77   88   69   92   87   64   33   
66   47   87   27   86   99   23   24   61   20   37   32   56   40   97   30   22   49   85   19   15   35   63   61   9   61   28   12   9   89   41   50   64   58   36   100   62   6   11   79   15   56   76   63   95   87   83   20   73   19   59   53   89   35   84   64   32   70   30   23   76   58   16   85   19   33   12   69   98   12   9   0   37   48   45   53   85   76   99   79   79   95   72   91   21   79   11   7   76   11   57   56   60   13   84   19   8   62   85   44   86   65   22   86   76   9   92   64   95   16   25   6   29   1   79   44   48   58   
35   21   68   53   53   30   85   5   92   57   8   11   62   92   48   27   76   79   25   80   32   14   73   7   16   8   58   72   37   19   67   2   2   78   67   72   3   68   65   62   64   17   49   100   70   21   18   49   80   77   92   13   88   19   12   26   42   57   90   29   97   69   30   15   80   5   22   87   25   10   36   58   21   3   2   3   12   94   78   70   70   92   15   71   97   82   19   22   33   21   87   42   72   81   35   70   27   98   57   77   80   25   72   85   51   52   70   97   23   66   11   85   31   63   84   6   68   81   
92   54   71   84   4   100   97   17   5   10   91   21   31   91   91   77   17   63   29   63   39   79   66   91   52   54   10   92   56   56   88   66   87   84   76   27   15   64   88   95   77   78   32   0   76   49   76   14   8   17   50   19   5   7   25   51   4   81   26   18   63   38   53   24   60   100   95   44   16   61   59   51   19   61   6   0   24   70   18   15   3   30   17   79   41   38   61   29   97   44   38   0   8   61   11   51   97   10   77   51   16   11   3   27   32   74   22   9   77   19   69   30   52   82   26   59   74   85   
64   89   46   57   91   62   29   6   23   89   71   27   71   93   9   1   83   6   85   43   9   52   4   79   6   12   63   0   21   71   69   90   74   23   40   62   76   74   55   36   67   14   76   47   17   80   23   90   36   17   34   100   5   35   70   4   7   21   80   54   45   72   84   86   3   91   42   4   64   93   17   77   2   51   69   68   8   77   61   56   23   58   22   73   15   80   52   21   73   41   59   29   4   22   35   4   15   25   11   15   1   57   20   64   75   91   46   91   99   44   64   60   2   54   81   17   40   19   
55   42   92   24   56   57   29   89   47   31   74   48   89   58   50   38   56   35   70   47   65   87   49   30   58   25   30   62   100   69   4   74   60   6   57   94   86   46   46   49   22   3   24   36   86   70   70   14   10   68   60   38   27   42   79   8   86   21   6   29   43   16   76   85   68   71   49   49   39   21   9   6   55   83   21   18   12   2   65   36   71   68   32   92   86   0   91   92   67   15   48   13   8   87   88   88   45   85   96   66   67   31   27   18   51   27   50   93   20   70   26   98   97   40   23   10   61   7   
96   71   26   60   25   68   58   45   84   32   1   21   79   62   41   7   86   5   58   52   80   55   69   49   94   49   95   25   59   50   85   14   17   82   2   54   69   59   46   57   38   84   3   14   32   1   63   71   11   74   96   45   60   95   77   73   28   100   81   6   95   44   50   8   46   65   46   44   43   37   80   100   29   100   21   9   33   82   53   28   99   96   32   90   96   29   89   44   53   99   60   32   12   33   27   8   40   18   45   93   26   86   6   7   57   88   35   62   94   36   79   23   2   31   38   23   31   78   
97   88   26   13   14   100   85   57   5   28   87   71   18   53   99   89   26   32   85   25   94   8   18   68   0   67   62   100   99   43   85   49   76   18   38   28   66   50   61   2   32   3   40   8   86   35   33   23   45   3   11   44   64   74   89   84   4   88   32   26   71   63   60   58   63   58   35   69   54   4   85   93   72   91   3   77   74   68   37   91   48   8   92   53   62   82   79   77   91   49   71   36   99   61   18   58   77   74   56   90   3   23   14   65   54   71   11   1   71   63   34   38   82   29   41   15   15   64   
9   13   28   83   35   26   27   40   14   3   44   82   41   31   15   20   38   71   21   44   13   98   22   79   36   85   17   24   36   65   80   54   19   30   84   6   23   16   68   31   4   0   48   78   33   95   49   19   10   14   82   8   83   82   92   57   30   84   65   72   15   86   38   87   26   37   5   47   2   54   14   86   54   16   35   77   82   27   81   90   45   98   20   1   97   8   3   34   37   96   88   15   33   71   15   45   74   90   74   81   16   32   2   79   56   33   89   62   35   54   14   33   2   21   84   33   37   94   
58   14   97   39   29   35   22   78   3   84   25   50   45   39   46   72   30   90   29   2   55   78   66   59   53   41   25   84   70   79   50   23   88   17   23   57   94   99   35   75   83   23   79   73   64   8   92   66   100   85   24   87   0   62   43   68   65   45   48   77   33   70   65   26   66   60   11   0   50   61   33   82   72   44   73   93   85   43   78   11   38   61   3   96   22   5   82   94   46   91   54   76   46   21   91   25   36   40   49   10   60   25   30   66   72   25   44   60   80   51   42   15   99   19   27   42   42   5   
4   5   39   55   81   21   80   28   26   99   84   35   94   51   74   62   58   70   47   46   87   24   67   18   20   6   77   27   60   75   87   98   14   70   59   67   94   64   46   34   72   77   53   71   93   75   73   33   37   87   84   27   65   73   18   78   51   25   79   80   35   45   64   53   32   94   79   41   62   82   16   17   42   63   12   26   35   34   76   3   40   39   85   71   60   6   81   89   60   72   76   79   79   92   94   77   27   69   57   8   24   66   0   85   45   47   93   93   97   50   70   41   26   0   78   79   21   47   
44   79   85   1   4   8   35   77   10   64   63   34   31   10   18   42   5   86   3   47   67   36   44   62   36   74   55   51   72   41   15   46   29   78   84   35   62   53   33   45   65   7   16   79   1   54   78   12   66   33   18   73   24   97   98   5   75   13   63   44   51   84   42   81   32   30   25   24   3   79   86   5   37   79   71   12   49   69   13   28   23   44   38   31   47   29   87   5   38   99   39   37   94   56   26   36   9   17   61   48   42   29   49   73   67   26   22   50   66   73   38   60   23   90   53   37   61   70   
38   0   16   5   59   58   21   27   57   96   84   5   36   24   42   97   30   49   89   90   100   92   78   90   48   67   87   74   77   93   20   51   35   43   42   17   81   47   99   83   84   37   51   2   15   56   91   8   23   62   95   91   51   99   84   40   77   55   72   31   69   45   51   76   59   35   52   46   40   7   84   70   92   100   81   80   55   73   86   52   18   2   88   12   75   14   51   69   68   94   71   77   66   66   63   27   26   90   43   79   3   63   97   54   45   16   4   80   72   75   80   76   30   100   92   20   54   9   
28   6   47   6   74   53   52   63   72   36   0   18   93   61   83   7   61   53   70   48   44   32   56   17   99   70   2   99   50   100   52   46   79   40   89   93   19   22   9   77   2   55   99   95   10   11   64   95   92   11   98   13   30   43   99   22   90   21   93   86   52   75   37   31   89   69   83   41   94   40   84   61   83   53   51   56   64   100   12   13   93   82   63   19   98   87   19   2   90   37   33   29   28   21   15   31   88   74   31   10   26   16   28   54   16   67   93   10   40   43   61   25   82   59   82   73   98   58   
26   23   5   92   91   85   100   33   1   15   11   20   11   21   94   44   4   6   47   65   51   29   99   76   68   96   95   17   29   5   5   82   37   32   16   81   1   88   18   53   5   17   70   34   12   12   90   30   67   19   68   26   12   67   74   77   15   30   26   5   7   18   100   73   32   7   10   13   99   85   26   19   39   69   92   36   21   18   90   1   19   22   81   20   7   13   4   90   36   25   26   33   89   10   78   82   59   0   21   68   22   68   83   3   3   1   24   19   62   7   85   29   96   41   66   17   4   61   
8   64   61   95   96   97   43   83   96   17   77   86   91   54   13   14   66   16   44   89   100   73   65   16   22   75   28   83   2   33   29   89   74   80   41   39   62   11   72   100   72   48   65   89   85   72   72   33   45   98   25   15   76   82   56   68   23   70   3   18   73   40   65   37   38   30   22   34   86   53   73   38   14   17   44   48   74   13   73   44   55   86   85   57   97   15   24   88   29   23   50   78   59   43   10   61   29   11   75   43   87   36   49   59   67   19   37   13   91   97   41   7   10   27   67   50   27   4   
94   95   30   90   21   17   42   28   60   25   11   59   4   79   26   19   7   79   4   12   3   15   12   58   63   55   89   92   90   100   0   30   54   95   66   14   33   5   63   63   73   61   48   1   65   5   83   50   29   83   79   19   37   97   5   66   33   14   30   71   17   9   57   70   25   60   15   85   97   10   7   51   80   36   23   42   97   65   69   64   90   71   21   99   89   59   99   43   17   18   32   41   22   10   65   38   29   64   87   95   50   52   91   42   41   14   74   23   19   90   20   54   28   40   51   9   60   85   
38   48   38   49   31   85   93   37   51   42   8   74   82   55   7   70   35   94   66   77   52   49   95   22   36   86   89   74   2   24   84   51   35   4   37   36   78   41   43   87   47   64   88   28   84   70   7   6   85   60   66   20   2   27   39   65   30   12   10   49   72   58   21   94   32   42   93   76   65   74   61   4   69   31   54   26   53   100   59   51   3   66   83   12   86   63   20   81   76   11   39   93   43   72   20   51   9   42   20   52   9   46   19   65   61   40   44   46   10   21   15   75   10   13   46   11   28   8   
72   21   16   7   53   10   83   68   26   90   76   51   98   51   84   91   91   55   46   45   94   38   89   41   75   98   40   82   89   68   88   36   27   21   24   53   73   50   81   60   26   84   10   44   50   97   75   11   23   3   11   57   47   45   15   47   82   14   68   26   64   44   38   95   14   11   9   76   23   51   75   22   82   32   20   45   18   82   54   61   42   62   3   75   51   2   49   40   15   49   42   6   70   54   78   29   76   6   96   13   12   67   21   51   67   40   25   36   88   59   56   84   54   73   74   55   20   55   
100   8   15   86   35   55   12   71   28   55   54   54   40   82   87   31   16   19   85   41   94   74   23   14   22   21   91   48   2   27   65   35   49   67   7   92   45   39   100   77   71   4   87   57   56   57   100   84   39   76   91   95   50   81   90   56   94   63   8   56   100   48   49   13   49   95   40   76   87   49   55   53   37   82   88   86   85   58   0   69   14   32   17   7   70   35   31   65   46   38   15   18   84   10   51   58   92   47   99   78   78   58   23   90   28   17   15   20   47   20   96   54   90   54   31   20   3   55   
39   88   44   5   80   31   8   45   67   71   6   54   60   43   96   56   67   100   91   28   99   54   79   80   4   22   53   23   47   45   64   14   69   49   9   75   45   82   49   95   69   58   2   7   97   38   76   55   56   94   87   20   69   46   42   3   21   15   90   20   79   10   9   7   52   86   47   25   71   93   100   18   57   14   56   2   49   48   45   89   69   14   72   18   66   53   12   56   17   35   78   67   21   9   38   89   81   75   86   82   4   14   63   21   36   51   36   82   81   19   60   22   17   28   79   19   9   58   
14   31   12   97   50   56   51   50   75   30   25   39   79   14   18   23   72   84   26   10   35   65   13   55   55   0   99   42   11   19   9   63   0   88   59   62   82   38   64   63   1   86   40   0   79   38   25   57   70   29   87   11   35   80   29   65   24   41   14   48   48   50   12   91   26   67   0   79   15   18   78   56   32   57   96   18   61   49   78   86   67   20   53   76   85   2   97   67   77   41   29   39   72   0   8   62   18   88   90   7   59   65   48   98   31   66   67   11   100   18   82   33   89   13   48   57   77   10   
57   78   30   77   65   78   57   44   68   79   79   18   7   0   87   96   22   16   55   27   81   14   21   73   35   4   27   77   79   77   15   25   27   60   32   92   25   68   83   8   43   60   44   66   96   25   99   25   56   2   20   89   61   22   75   89   9   81   55   94   41   86   26   96   13   32   75   30   32   50   16   16   76   36   77   37   43   86   28   12   86   73   11   90   28   19   44   73   22   51   50   17   35   62   10   66   26   46   57   11   35   47   11   50   6   44   94   67   24   93   3   63   37   96   43   55   21   41   
84   67   34   1   6   55   56   2   27   100   0   45   70   39   17   23   3   17   14   18   27   21   80   41   73   11   16   87   49   33   57   3   45   1   93   94   58   78   13   5   14   6   33   77   0   25   20   40   82   2   55   76   43   24   36   38   29   47   93   66   63   76   96   29   11   87   63   82   51   3   82   57   7   7   73   96   28   50   24   82   18   18   85   6   81   95   7   53   45   87   3   26   27   58   90   33   70   31   65   80   25   94   79   59   2   62   23   17   81   94   56   64   76   6   69   93   100   16   
31   44   25   38   26   32   24   39   47   49   71   75   69   68   37   19   85   44   20   8   4   39   55   79   47   51   81   63   98   6   96   53   42   89   91   62   42   92   6   16   24   99   82   76   33   17   62   79   20   87   35   12   35   29   30   62   70   31   100   17   53   70   51   56   54   37   62   12   25   48   37   41   52   55   91   30   33   58   50   12   4   28   68   20   16   70   64   89   90   52   5   43   32   56   39   61   19   39   75   69   95   90   80   26   21   76   44   43   20   50   50   0   44   81   53   37   87   89   
43   63   90   23   90   80   90   44   34   8   39   47   10   0   83   58   44   58   74   50   1   61   31   93   35   52   75   37   98   66   42   77   37   71   12   2   42   51   61   17   87   19   10   9   16   82   22   74   49   41   35   51   19   92   92   73   22   49   34   54   50   18   77   78   36   26   51   25   56   17   39   62   15   85   46   80   71   12   50   55   83   88   2   76   26   23   23   61   20   56   3   7   20   100   60   90   14   30   93   50   97   44   43   62   81   57   90   52   73   21   22   69   27   7   24   54   73   69   
79   80   95   43   32   8   9   29   40   10   18   29   29   43   33   15   51   51   42   35   6   37   56   22   94   1   36   31   14   30   48   34   12   50   35   76   81   82   58   99   94   29   40   100   16   32   95   22   99   64   72   41   98   52   27   73   74   95   1   27   39   75   85   23   12   42   36   92   61   16   5   59   46   11   97   80   94   45   17   61   89   72   64   81   34   59   21   41   12   29   77   92   42   44   16   66   11   13   28   3   22   99   86   100   23   47   76   48   94   41   36   91   38   58   53   38   55   41   
10   92   67   19   63   59   16   61   98   61   19   18   3   72   17   93   100   56   76   80   92   88   84   71   99   100   10   81   94   91   39   86   24   88   77   94   26   11   97   93   21   61   62   26   21   95   47   42   5   44   12   90   88   12   37   8   52   17   92   57   63   63   46   79   31   50   1   74   21   2   73   79   16   94   4   9   40   29   61   84   8   91   25   70   30   7   34   29   41   24   87   43   64   5   27   93   51   72   57   62   77   65   90   83   97   100   53   84   65   47   48   20   77   75   87   73   30   75   
19   37   82   88   71   13   51   58   86   39   41   70   39   32   45   17   75   92   84   97   18   93   42   77   57   53   21   8   51   1   41   41   26   38   36   69   45   94   49   64   53   43   37   15   4   17   91   29   86   59   11   75   25   66   75   96   98   18   44   18   57   50   21   66   58   58   35   24   79   31   92   69   85   61   16   10   22   23   73   73   56   14   23   97   42   82   21   46   75   8   31   66   78   76   24   34   2   8   82   38   63   70   100   41   35   16   81   49   31   12   1   51   92   88   88   90   88   99   
12   35   39   96   72   13   78   83   14   45   52   67   43   65   66   24   85   93   58   89   38   0   56   17   97   35   61   22   40   24   88   18   66   94   20   15   61   94   21   7   29   17   93   48   25   30   29   29   58   92   15   86   8   54   32   17   94   67   61   62   36   81   85   5   60   2   24   33   16   80   96   68   21   47   53   9   15   77   74   28   93   56   66   75   47   47   31   36   9   30   58   88   90   43   44   87   96   12   90   39   88   56   12   6   81   36   24   77   2   19   83   10   28   93   49   27   93   20   
80   5   59   40   45   96   51   48   100   97   21   94   35   42   75   67   2   50   80   95   63   23   6   73   9   70   36   71   49   61   96   40   36   76   72   66   79   5   31   50   53   65   63   77   30   97   23   63   96   12   36   38   98   23   97   25   68   34   22   42   88   47   100   48   10   73   22   4   39   89   51   3   49   81   18   3   55   5   57   42   69   43   91   26   35   24   20   56   98   3   16   65   43   49   19   95   74   75   24   88   6   50   48   69   41   81   58   23   26   24   0   41   28   90   50   90   46   78   
37   15   32   35   0   36   34   83   82   29   5   64   3   72   39   11   74   91   52   46   72   100   74   84   28   8   81   70   48   20   12   16   46   88   100   67   53   71   58   100   43   12   35   36   96   5   31   88   90   43   23   76   37   98   94   68   32   68   71   49   98   73   22   81   76   21   93   4   59   77   16   1   87   24   48   10   21   33   96   97   7   92   2   95   88   92   70   40   43   78   39   55   29   33   18   18   100   80   85   32   4   92   58   68   20   19   47   45   33   37   51   100   59   97   15   5   80   73   
94   83   94   76   88   91   0   27   82   56   60   59   91   94   35   20   39   15   44   13   36   61   43   83   2   62   14   7   38   70   51   100   1   71   52   71   61   57   37   81   82   59   20   44   95   49   8   80   8   30   59   72   55   24   39   93   60   85   45   25   15   7   85   29   84   24   67   56   67   29   5   10   74   60   14   62   82   66   17   35   83   78   100   82   46   64   18   9   76   71   66   40   1   15   99   99   57   30   74   24   10   34   95   54   90   26   43   5   15   12   69   17   68   74   26   3   94   84   
6   9   46   54   15   98   63   8   88   99   63   16   5   59   8   35   50   29   27   65   98   5   87   95   89   61   12   61   51   22   94   12   6   1   14   73   18   49   90   0   38   78   3   14   87   68   95   25   5   59   97   71   0   5   54   81   85   80   33   62   27   97   50   27   6   75   20   75   6   46   14   25   60   71   30   60   13   51   61   39   3   91   42   90   6   90   91   5   89   63   46   12   7   27   75   94   53   17   1   50   84   62   4   15   11   46   81   39   67   29   9   4   45   33   8   29   84   20   
87   42   2   20   47   15   25   44   64   79   18   92   66   86   22   90   6   73   82   35   95   8   58   25   83   14   71   98   6   35   74   31   62   80   74   28   54   57   93   17   98   78   15   8   64   25   47   15   63   30   46   31   14   47   75   80   46   58   53   60   74   4   79   5   73   63   11   71   80   0   15   81   34   78   85   31   100   29   9   51   21   10   6   54   48   98   66   12   31   93   81   54   99   68   7   91   53   79   66   28   37   54   83   76   23   92   96   20   14   60   64   44   81   64   98   48   4   85   
24   41   49   94   58   98   18   2   33   39   49   99   42   27   79   49   30   13   5   5   11   49   55   65   26   30   40   77   72   42   16   68   95   22   82   7   41   21   99   93   50   51   44   30   34   43   42   60   51   28   14   36   49   42   45   56   15   1   100   54   5   57   74   29   89   50   36   75   9   68   100   34   4   26   87   33   94   52   5   0   50   13   93   19   59   23   34   66   61   82   30   87   77   31   6   52   32   4   64   35   22   29   49   72   69   60   64   95   99   10   85   63   76   38   27   57   72   29   
79   25   88   9   35   71   11   97   53   63   33   46   64   0   86   33   36   31   2   20   47   45   85   37   99   14   0   67   65   70   80   57   33   95   83   48   69   70   48   47   63   61   68   8   49   10   60   87   67   24   32   18   60   87   89   26   84   97   16   84   27   48   18   15   10   80   65   49   61   54   79   27   94   35   76   16   95   61   36   77   60   79   25   90   75   70   79   77   18   9   68   94   50   35   8   23   39   90   31   84   13   19   25   88   12   48   67   37   81   31   75   58   96   78   96   91   93   77   
86   21   78   21   9   24   26   52   46   48   43   73   59   91   9   31   98   27   82   77   71   90   51   41   48   38   31   73   6   32   80   6   85   64   82   75   62   44   4   54   93   88   5   43   4   27   37   94   91   64   0   44   34   4   8   7   44   0   56   14   22   26   58   61   43   3   78   45   10   58   93   30   70   80   29   11   27   42   21   94   51   62   73   18   65   42   60   19   18   21   70   21   64   29   8   22   37   31   92   1   75   73   61   51   47   41   19   89   31   35   43   18   26   86   5   83   31   90   
29   52   15   40   1   18   68   14   23   70   9   49   34   26   60   77   81   36   43   72   23   28   93   66   97   50   69   37   1   96   75   78   30   57   27   33   32   16   16   90   4   92   81   44   36   73   77   84   99   95   54   13   78   35   55   39   44   77   16   44   92   86   22   72   95   38   31   96   100   20   89   50   4   55   18   82   45   37   36   36   75   57   25   26   24   75   69   33   17   5   55   99   68   22   98   81   95   81   8   71   88   76   99   59   11   33   29   0   51   94   82   35   1   81   39   75   26   60   
60   86   92   46   8   96   53   85   21   47   36   100   81   70   9   77   80   49   58   73   5   18   84   21   57   39   98   62   28   71   65   83   7   52   18   96   21   99   45   94   77   56   83   73   82   4   29   57   80   21   20   11   66   87   58   35   16   13   10   62   19   93   68   26   32   29   84   16   98   78   62   30   35   33   37   15   47   29   96   43   48   89   13   83   67   86   33   89   1   53   20   31   69   14   23   0   40   78   4   15   58   20   20   29   29   65   36   58   63   66   11   5   27   32   94   42   19   29   
80   24   99   12   93   100   80   63   43   6   5   99   100   44   13   47   10   94   39   63   64   31   39   30   96   40   70   46   12   58   27   11   19   28   77   84   20   84   14   88   21   12   91   15   5   26   16   53   61   66   97   41   21   90   34   90   7   100   11   54   22   16   57   4   14   15   40   55   57   88   33   59   55   55   41   5   87   67   4   75   39   43   0   49   34   38   25   37   3   23   75   92   47   15   35   27   92   91   45   43   5   83   100   64   20   43   6   24   97   13   30   51   18   4   7   50   44   24   
83   14   76   23   89   96   95   86   28   24   44   70   17   88   31   98   53   0   93   42   87   99   82   31   23   78   78   79   70   15   5   30   64   44   44   62   15   50   26   43   39   74   56   51   11   33   99   55   40   12   72   73   13   27   45   56   16   51   18   14   95   46   0   14   20   44   28   8   58   36   74   29   44   47   6   49   87   80   9   14   74   58   0   48   93   71   49   44   59   95   27   63   84   2   28   14   45   6   46   99   86   44   48   76   28   58   41   64   32   82   87   81   44   93   51   91   17   56   
46   56   35   70   56   39   16   36   84   64   73   45   31   81   78   76   43   29   6   34   17   0   7   25   76   49   83   25   76   16   82   46   69   37   45   63   100   51   9   70   2   82   84   2   32   96   41   62   81   42   29   93   18   38   34   33   18   60   16   58   74   86   31   76   59   56   54   44   27   84   39   53   34   9   84   82   63   15   9   51   77   26   55   72   1   59   27   79   15   5   74   12   82   79   48   25   62   64   29   18   36   94   51   37   27   13   42   21   90   60   35   80   11   53   31   4   78   97   
40   50   100   80   45   85   50   7   47   94   10   93   24   52   65   23   25   94   12   43   43   31   34   39   6   1   67   65   36   19   63   25   55   26   54   53   9   69   48   27   70   77   58   36   68   9   27   57   79   25   69   41   39   91   79   19   82   93   73   100   84   59   63   87   12   36   79   16   61   32   35   73   81   51   64   55   20   1   32   71   75   16   61   95   33   50   74   32   30   71   90   75   3   76   34   40   68   89   2   81   50   58   69   80   18   9   85   21   16   35   74   8   99   73   29   60   98   3   
80   84   89   92   80   46   97   23   38   63   26   62   0   90   55   78   43   13   74   28   48   24   45   14   81   78   68   44   88   93   4   1   47   5   80   79   55   77   1   40   30   57   86   94   51   6   4   48   90   74   96   6   90   24   70   81   76   82   85   79   93   16   53   75   13   2   33   92   2   51   45   82   43   59   79   69   63   83   54   39   83   71   51   87   30   100   69   58   93   76   9   24   12   4   4   75   1   10   13   51   22   50   44   42   76   21   5   72   53   38   15   17   79   51   100   69   97   9   
94   64   33   42   60   33   35   58   69   43   98   29   0   97   46   16   1   92   81   78   10   87   22   27   33   63   81   95   96   58   15   19   18   35   76   13   38   10   2   44   2   84   41   38   10   64   52   55   29   62   0   34   29   47   15   48   40   7   62   2   26   78   23   8   92   54   96   47   15   67   32   71   37   9   21   94   55   41   49   36   20   29   9   5   4   54   3   87   74   6   74   18   26   18   16   52   32   72   26   72   80   22   84   25   2   77   18   24   62   92   58   87   58   91   72   84   50   0   
68   72   19   69   34   70   56   29   10   69   47   76   95   7   64   16   84   62   89   63   97   5   91   16   26   57   2   76   98   18   53   34   100   8   33   31   48   57   97   62   54   52   78   9   74   6   69   65   91   1   30   16   93   22   25   16   63   11   28   19   68   1   85   2   2   7   69   91   50   78   78   27   0   49   33   85   51   92   32   5   21   64   1   32   75   57   25   79   22   61   94   47   85   7   68   24   45   27   100   96   32   44   49   31   85   31   13   45   95   13   83   61   73   15   37   44   86   59   
58   63   67   68   53   51   19   52   49   64   74   29   2   83   38   18   53   31   27   79   24   16   79   76   5   43   53   31   76   24   54   31   75   24   84   25   11   37   98   6   1   97   73   24   1   88   18   90   79   94   63   64   40   36   25   36   26   68   54   67   77   33   38   72   24   67   19   76   48   97   18   23   42   98   29   43   40   24   96   79   98   87   24   41   47   11   35   77   8   96   32   27   67   60   71   14   88   73   33   28   62   91   14   63   38   97   0   82   13   72   77   31   32   41   20   59   99   0   
