41   5   99   87   0   73   67   52   92   88   22   68   30   27   61   2   10   13   87   28   73   13   81   12   9   97   1   28   2   68   31   78   5   65   59   17   14   81   25   41   49   75   62   97   1   42   48   75   46   37   13   17   73   93   25   8   68   81   81   91   94   14   85   22   56   31   77   83   82   35   98   42   15   59   70   24   83   13   92   86   93   4   95   65   73   56   5   57   92   100   41   74   20   74   69   76   88   60   71   24   54   12   0   31   10   97   15   41   30   90   62   57   8   36   20   17   45   6   
97   54   76   95   28   5   66   13   37   53   70   65   57   85   71   44   46   44   92   81   28   87   88   25   35   51   32   70   24   38   12   61   15   33   16   63   29   34   88   7   32   34   68   99   12   55   42   44   61   5   41   6   47   28   72   78   89   58   93   14   7   78   91   38   3   92   2   85   77   33   53   88   96   58   6   16   73   49   65   4   69   48   90   27   8   23   90   30   34   18   18   63   92   30   47   70   76   6   62   50   66   34   0   38   77   27   83   18   14   81   13   43   32   2   1   7   16   19   
27   30   68   73   13   46   24   21   18   33   75   81   98   17   80   66   46   22   11   82   81   0   25   78   26   13   15   63   6   55   32   49   34   42   16   22   42   8   48   66   38   33   1   79   26   82   79   79   29   85   86   92   58   0   64   97   7   13   85   53   88   21   58   8   59   81   50   66   32   49   0   78   48   85   3   37   79   48   88   29   71   7   25   21   36   73   13   52   64   90   16   49   90   57   52   42   28   66   34   6   55   64   59   31   53   75   63   96   29   10   11   49   88   98   29   77   51   36   
25   100   24   89   39   3   72   71   77   41   61   57   95   98   69   87   37   40   60   39   82   27   53   1   25   86   38   16   47   49   100   29   15   23   56   72   51   2   22   68   7   12   19   33   62   61   46   26   31   90   33   1   60   49   95   98   46   55   25   31   82   67   34   36   86   45   52   34   87   98   75   6   88   86   95   5   84   69   90   63   37   43   55   98   23   11   35   92   99   18   7   1   54   47   89   82   23   36   57   87   68   32   93   51   15   95   36   89   59   86   24   31   83   33   46   65   22   59   
68   0   42   65   58   19   3   22   10   96   50   56   69   69   66   88   1   7   39   84   99   4   49   5   6   60   54   5   41   69   12   10   34   92   18   17   62   62   100   88   4   13   13   53   34   0   1   29   19   31   10   68   4   99   52   79   89   1   37   69   15   61   7   71   26   40   7   18   48   52   93   12   93   70   56   84   46   64   51   10   29   53   96   94   71   13   78   83   33   23   69   4   91   89   38   85   8   63   33   45   45   23   12   61   99   100   93   58   12   55   42   3   84   47   9   58   60   40   
2   50   73   51   6   73   81   8   48   66   55   26   37   40   25   93   83   29   72   23   94   10   79   70   22   60   28   37   67   100   85   0   12   47   100   50   91   3   81   47   13   11   51   3   89   9   30   74   31   91   71   39   30   31   5   55   23   92   27   31   19   60   6   54   22   37   56   96   38   98   39   34   78   55   38   22   60   46   42   76   65   98   96   72   15   96   74   48   77   88   4   80   64   69   7   66   75   1   33   82   83   77   17   29   16   14   53   96   46   17   32   58   61   4   54   15   6   36   
89   32   98   91   50   39   93   22   43   22   22   90   11   55   35   44   82   40   83   46   71   99   6   27   11   97   93   57   18   21   21   5   39   2   49   71   56   78   1   100   82   56   34   85   76   13   11   19   11   46   72   58   44   14   70   13   64   8   14   70   2   48   98   16   30   50   9   34   84   26   28   77   43   42   88   23   82   36   63   31   30   38   81   18   61   8   63   25   56   89   69   3   68   77   41   72   46   47   82   56   45   25   25   43   96   73   20   93   37   99   93   84   38   36   51   21   1   7   
55   51   57   10   47   76   15   7   12   22   100   44   5   60   78   10   72   0   78   54   44   75   40   21   5   62   76   92   23   80   81   60   37   39   26   9   70   43   96   94   66   12   92   58   23   87   22   0   20   6   32   55   0   62   87   34   22   22   70   60   38   89   9   3   0   47   63   39   96   36   80   59   81   6   34   78   98   59   21   44   30   73   9   48   27   46   29   3   68   33   20   62   77   24   14   33   67   26   31   74   94   6   18   67   66   38   23   51   49   0   79   73   76   7   1   77   52   63   
15   79   78   99   100   87   86   84   13   29   33   24   74   78   36   31   22   82   37   15   38   8   43   23   29   28   37   85   29   4   37   97   6   77   3   67   64   26   100   40   80   39   23   29   52   34   17   92   26   11   70   89   28   36   68   6   61   34   20   54   29   5   100   69   75   12   11   41   33   34   36   76   42   22   25   96   21   61   25   76   34   72   5   58   67   54   97   60   24   83   47   53   41   25   77   37   51   95   73   51   85   29   96   98   29   77   23   38   14   74   72   49   9   29   77   30   70   3   
100   4   76   78   98   24   4   19   20   51   39   38   30   93   77   84   26   60   74   96   59   44   65   76   65   75   60   96   10   25   78   35   57   13   30   99   6   22   13   51   69   3   21   50   76   5   85   52   62   13   69   90   96   96   1   79   19   9   0   19   16   62   65   48   58   12   76   54   77   91   26   86   30   29   47   68   76   64   21   69   64   55   7   30   18   85   48   71   64   39   24   13   75   86   71   62   49   64   67   20   62   10   56   12   18   48   34   16   62   4   6   91   51   93   2   29   44   42   
54   0   45   18   33   60   69   40   92   8   86   89   28   71   69   94   97   63   25   20   96   65   41   38   46   40   93   99   24   13   53   41   14   95   77   89   58   58   54   60   72   10   57   31   59   99   50   41   80   83   28   57   66   72   9   59   1   60   91   23   50   80   90   13   2   37   39   87   38   79   86   58   0   49   15   55   1   9   7   42   99   63   100   96   56   56   1   94   64   47   25   27   73   77   50   86   19   38   42   66   81   67   52   33   13   38   1   89   69   36   95   30   37   70   8   100   45   10   
73   16   78   47   95   24   28   63   14   52   54   26   69   78   36   64   60   99   71   74   27   63   56   0   76   88   94   77   27   85   82   19   34   23   63   14   10   77   39   50   3   81   33   47   82   19   6   49   8   24   10   31   22   63   26   45   20   43   97   2   91   86   63   21   77   47   96   69   96   32   100   64   100   50   88   64   44   56   84   86   60   33   29   19   23   92   0   58   5   80   18   26   55   41   60   14   75   11   96   83   57   50   37   53   20   90   14   75   43   26   7   72   0   95   99   96   16   88   
37   91   31   35   7   55   57   66   86   52   78   70   49   6   10   25   20   36   0   13   35   7   10   28   65   83   81   21   18   24   71   46   53   1   71   23   24   27   74   92   26   73   81   5   64   13   81   79   75   85   5   97   90   44   91   60   76   40   34   38   61   30   16   70   28   40   55   43   73   54   50   12   82   56   21   61   75   85   50   54   66   19   64   79   53   15   98   7   3   55   13   24   53   79   35   67   63   100   54   59   52   54   18   79   92   76   35   59   43   85   78   78   80   14   85   14   58   8   
15   8   29   25   30   96   71   78   68   7   90   77   36   58   13   78   13   95   83   85   38   44   32   2   24   19   93   12   27   11   75   3   97   26   13   40   8   4   35   28   91   2   4   75   11   61   13   35   45   89   42   30   39   89   60   43   89   12   86   79   69   37   59   3   82   100   4   86   35   55   7   96   43   49   1   27   64   57   90   68   98   52   14   70   87   85   1   70   24   9   74   8   23   25   46   48   24   33   60   82   39   47   91   69   23   7   70   24   57   3   0   3   32   13   14   95   3   2   
99   11   68   50   64   96   49   30   12   81   14   25   25   39   19   24   94   50   58   6   29   11   61   98   47   60   100   49   17   40   86   55   10   81   49   84   11   77   35   47   99   78   54   47   44   56   40   33   85   84   24   7   88   38   88   13   49   97   55   40   81   17   21   29   10   6   93   52   21   90   82   20   4   69   10   56   65   75   21   3   45   78   85   13   76   81   95   95   70   29   44   56   49   73   39   21   81   4   55   79   79   91   80   23   30   7   33   70   67   56   68   8   89   42   12   58   14   1   
58   100   63   77   36   9   32   0   84   79   90   73   31   5   44   96   26   88   41   27   79   5   4   56   71   78   44   16   0   0   86   25   96   59   67   97   25   13   4   18   51   28   92   67   58   51   42   6   63   36   43   66   25   32   27   39   16   75   68   59   13   28   1   33   64   96   99   7   61   72   26   41   36   40   67   37   33   26   37   15   44   48   73   39   29   70   28   14   66   87   61   34   56   36   29   10   38   97   73   54   76   58   2   5   92   92   35   36   86   8   75   32   37   85   29   16   80   43   
88   38   92   77   41   99   4   56   68   86   37   71   48   61   56   48   53   3   91   11   43   33   73   37   86   56   27   43   55   11   76   17   78   34   34   46   40   46   28   41   42   89   18   73   88   72   72   39   55   49   1   35   94   37   87   37   60   50   45   49   31   8   19   46   78   60   23   21   18   37   47   3   73   6   59   53   16   48   86   98   16   32   16   47   9   11   17   37   15   66   6   23   1   20   18   79   24   45   14   99   31   33   52   1   90   58   25   60   1   100   54   85   55   13   97   98   68   53   
30   90   3   22   65   84   64   29   79   77   36   53   94   77   42   61   73   12   27   34   72   53   27   22   74   36   61   7   25   87   89   57   32   79   44   55   79   1   1   70   72   97   94   64   91   100   84   94   78   36   18   100   70   100   55   70   25   2   67   21   23   14   9   3   46   60   70   23   7   53   72   73   0   55   45   33   97   88   11   1   19   98   25   86   3   64   73   20   43   66   60   26   93   19   4   8   69   83   52   81   51   54   51   74   5   52   89   54   87   10   17   33   91   63   92   67   26   10   
81   19   29   65   41   18   11   98   61   61   28   54   52   97   18   95   22   22   50   66   92   41   47   60   75   2   4   83   72   44   63   38   19   22   93   6   65   64   29   55   48   90   8   25   5   28   21   37   34   12   45   56   79   74   5   52   2   57   14   58   13   99   95   13   64   42   48   50   5   21   13   5   22   6   70   98   40   37   25   62   99   77   60   75   27   91   50   22   32   19   36   98   2   7   48   72   89   10   54   4   55   59   95   61   6   55   67   100   1   54   97   87   47   49   9   7   52   70   
70   37   89   19   40   56   74   18   96   99   41   76   70   3   27   39   83   39   14   50   87   3   71   72   86   48   6   21   90   78   41   67   49   36   12   19   9   34   79   68   40   88   23   12   85   91   48   67   3   39   20   48   34   37   18   61   74   94   56   1   45   32   24   2   67   28   28   49   17   36   5   94   60   90   43   79   32   21   84   11   17   57   97   89   82   3   56   14   85   0   88   80   58   59   98   95   50   79   43   11   50   78   38   41   98   99   20   82   31   100   59   66   94   60   30   36   52   79   
48   39   80   60   97   91   65   90   86   59   60   98   60   98   85   80   32   33   68   41   95   92   33   78   34   74   99   14   93   39   86   86   84   88   51   65   28   28   93   28   43   46   34   92   17   32   75   45   74   74   59   8   21   66   50   4   92   47   60   39   40   90   91   24   56   46   18   22   34   82   4   47   8   77   70   88   13   63   69   71   100   7   3   50   71   80   93   40   82   17   98   18   52   71   19   0   15   43   5   92   88   66   43   41   29   76   98   82   64   5   58   100   29   88   100   32   28   26   
49   90   84   8   50   54   23   34   89   6   48   23   64   71   48   16   68   82   11   6   45   72   76   48   8   49   25   48   85   33   92   12   31   39   23   57   64   21   6   1   86   21   73   42   29   100   89   99   73   19   18   23   72   65   55   83   100   8   78   53   78   76   28   2   65   22   71   62   51   99   10   63   42   83   65   82   47   100   96   76   67   45   63   37   43   64   14   65   22   93   87   26   62   33   22   99   79   76   45   22   27   10   99   16   66   90   8   76   72   27   56   44   12   69   20   14   9   1   
21   35   94   8   34   12   36   91   58   36   16   46   94   75   97   44   32   20   25   88   57   24   22   6   12   98   25   42   0   64   64   17   78   79   59   53   95   51   13   64   45   30   15   46   22   21   94   59   22   68   31   25   50   69   4   30   0   11   29   71   39   34   64   94   91   78   41   74   88   2   81   7   19   82   40   92   19   99   79   84   30   11   31   3   85   2   48   83   21   35   96   1   44   69   65   0   77   0   18   57   35   3   83   29   72   28   2   57   67   41   83   25   89   66   34   41   69   37   
67   10   35   31   48   97   9   94   82   18   97   34   1   10   14   39   37   94   18   71   26   33   93   36   21   89   30   48   97   24   17   89   65   39   63   19   12   94   52   30   0   59   76   7   18   86   72   47   31   70   62   81   32   5   53   18   6   67   9   77   11   78   8   47   4   62   68   90   23   17   20   71   32   64   53   100   25   30   8   96   72   83   13   32   26   84   88   76   100   3   39   91   95   31   66   92   77   55   15   33   79   15   34   5   55   78   47   51   92   4   59   91   62   40   40   26   54   13   
42   25   66   72   78   16   89   28   14   44   55   14   5   76   2   86   99   38   61   62   46   91   41   35   83   50   1   3   27   88   31   93   95   84   35   19   66   13   54   79   42   26   66   92   97   88   59   29   13   18   85   20   55   94   90   25   73   57   17   73   48   92   55   53   3   31   21   13   47   3   96   99   99   30   19   8   25   54   60   90   48   0   12   67   48   83   93   99   81   74   52   40   38   89   70   93   74   24   88   69   14   49   47   88   88   35   68   29   5   14   62   44   20   3   14   40   95   74   
80   39   18   39   95   84   92   90   35   54   74   46   2   27   26   76   12   91   18   30   69   36   64   55   60   83   42   66   38   36   97   18   19   42   23   25   84   18   47   67   27   96   38   53   50   74   50   0   74   41   30   63   95   62   100   54   56   66   51   9   66   36   54   21   26   57   76   42   42   25   58   23   77   66   27   59   73   14   9   83   17   71   29   4   54   81   22   84   4   0   17   79   21   78   62   78   33   56   0   37   75   82   40   5   8   4   38   27   62   77   43   24   19   20   11   1   52   23   
79   19   62   85   69   21   33   98   85   35   1   36   11   52   60   17   60   12   68   49   29   81   28   68   30   38   76   93   23   9   30   44   49   42   60   14   14   16   95   17   26   97   27   89   73   57   83   42   85   61   94   71   94   57   76   29   62   76   94   93   0   52   5   31   84   75   88   36   36   61   44   35   13   2   89   65   81   42   37   68   62   14   24   76   50   14   87   53   98   89   100   71   19   99   42   14   6   0   8   51   68   25   6   68   40   36   25   20   86   76   80   55   60   60   85   58   47   63   
8   36   47   23   86   7   7   97   40   7   88   99   91   90   77   36   17   44   39   81   4   28   30   12   41   87   57   40   48   85   94   27   42   49   99   74   13   73   69   81   49   55   59   57   33   85   7   71   52   98   1   38   75   97   81   94   14   86   53   20   49   78   13   76   88   57   30   92   26   91   82   26   72   15   29   56   13   35   69   60   33   51   80   6   66   23   86   25   8   83   74   15   100   33   59   32   7   51   34   52   44   39   29   2   7   82   50   77   11   90   97   7   96   89   99   65   6   19   
27   1   1   94   9   23   2   17   39   21   77   36   63   24   96   13   82   81   17   2   22   55   85   10   78   49   80   44   50   24   75   92   27   77   16   53   67   51   4   41   82   81   98   7   74   64   14   1   79   9   61   19   50   15   67   47   53   54   23   67   6   26   11   20   56   11   81   66   91   56   72   94   98   45   42   2   48   15   27   93   38   76   55   3   6   1   99   72   72   17   48   58   99   10   92   44   95   33   84   35   2   87   65   87   18   10   71   75   82   9   33   12   80   82   81   97   43   1   
32   52   59   97   76   10   70   88   75   95   32   45   21   50   54   96   61   22   64   48   58   77   81   28   90   67   4   47   73   65   33   25   55   88   75   100   82   88   91   56   85   78   82   8   81   19   47   100   96   0   62   84   9   14   18   100   33   2   76   75   81   5   10   65   72   94   0   55   1   42   77   11   94   32   22   93   63   69   66   26   17   71   52   29   12   2   44   5   89   12   55   56   55   30   67   20   57   90   71   53   68   51   25   57   99   6   37   76   43   51   90   14   78   74   48   46   25   88   
92   16   42   46   10   68   9   90   2   38   42   85   89   15   86   29   48   75   60   11   80   18   3   54   31   55   47   15   46   62   7   19   55   40   28   1   44   55   13   92   80   81   6   66   46   96   70   94   99   73   37   38   16   79   77   46   55   81   33   40   45   69   10   77   95   50   90   64   66   63   30   48   91   79   36   36   23   59   16   91   44   29   23   9   7   33   2   12   43   73   3   42   0   22   55   12   25   62   94   39   71   13   44   90   2   59   99   84   61   93   12   8   94   77   19   53   88   89   
59   5   18   23   59   51   65   75   2   4   20   34   39   95   19   9   64   33   43   70   86   35   74   8   39   92   26   18   50   43   52   38   22   66   6   49   3   70   91   12   78   51   62   80   13   94   74   57   67   57   53   1   81   72   31   97   87   99   60   33   82   7   0   46   20   93   39   98   22   16   32   34   98   67   11   70   28   19   90   40   43   94   14   51   32   13   69   36   75   34   27   57   26   36   63   13   53   90   54   48   63   11   43   96   29   91   100   9   63   55   3   74   82   69   92   75   25   35   
51   88   32   32   6   55   30   75   69   48   98   23   63   30   9   100   81   47   37   25   95   57   86   29   22   40   39   59   9   85   0   6   35   80   72   92   98   41   89   86   41   75   51   20   96   46   40   85   42   60   28   53   55   7   62   43   1   22   48   37   8   5   32   50   71   64   30   4   5   25   97   8   42   29   62   3   80   39   34   90   98   29   10   70   30   9   35   16   11   41   75   57   47   49   43   23   9   18   43   58   90   37   13   10   58   97   61   34   12   62   57   85   0   53   49   49   26   73   
37   91   89   60   51   64   42   71   100   0   58   54   29   88   1   52   96   61   82   58   84   46   65   76   81   66   13   88   14   14   62   39   56   40   52   78   75   100   75   55   13   63   33   76   83   22   54   1   35   80   74   44   0   80   38   87   45   94   37   43   51   26   44   62   62   8   89   97   74   81   61   25   42   33   11   63   41   20   52   37   48   28   88   69   51   62   26   49   80   54   15   0   60   15   28   44   46   9   23   62   84   42   2   1   66   29   7   78   65   90   21   62   38   76   76   29   67   33   
88   56   83   57   95   1   82   64   33   90   8   96   63   69   76   55   89   13   34   41   5   53   1   34   5   43   98   84   76   15   6   99   54   81   17   98   13   87   58   63   10   48   92   83   45   79   44   97   93   0   64   73   18   60   16   47   24   20   71   78   54   80   23   15   86   40   75   31   30   0   13   20   58   92   12   87   1   46   20   27   73   31   59   47   81   100   18   6   97   87   22   33   59   41   9   45   12   30   2   42   91   64   14   27   18   92   86   66   93   91   78   63   92   27   6   89   86   67   
45   9   36   92   16   33   65   22   100   96   20   32   3   93   1   66   17   30   53   52   0   68   17   47   97   58   1   74   5   86   24   39   93   51   95   7   40   26   17   14   58   15   11   38   96   73   59   98   6   62   59   90   18   13   50   83   64   21   76   90   16   6   18   94   45   68   2   19   17   43   24   94   80   91   58   97   45   46   99   35   46   86   30   52   77   10   0   87   61   50   95   8   9   55   18   48   20   77   0   9   2   43   35   23   20   39   52   81   26   86   96   30   49   81   12   62   22   72   
9   42   9   88   79   37   97   68   70   9   44   29   51   55   75   13   13   66   52   46   86   25   8   92   8   34   23   24   49   100   9   81   34   93   36   40   90   7   76   39   49   66   51   98   25   31   74   44   98   20   99   51   28   37   36   50   22   68   62   12   62   98   13   5   97   77   86   51   76   71   8   100   16   3   39   7   72   83   20   50   91   89   59   24   95   6   41   2   97   2   24   64   65   48   58   45   70   1   48   82   72   12   52   48   53   32   41   13   52   61   44   11   16   70   15   90   27   61   
35   95   99   39   53   34   59   49   77   79   15   59   42   68   87   13   63   84   58   56   68   59   57   70   55   0   99   24   38   43   98   31   21   64   76   17   44   5   6   92   77   65   19   48   91   87   7   1   73   81   37   64   18   7   90   85   89   47   5   24   51   51   98   58   66   77   15   12   53   79   52   13   8   38   17   60   87   38   31   63   31   36   5   31   24   13   87   49   32   81   51   34   57   2   46   56   89   91   36   41   15   53   19   42   67   51   24   17   92   43   93   40   33   49   68   41   82   40   
23   70   91   77   75   90   9   64   85   91   89   6   48   99   59   72   49   100   14   43   86   71   68   59   81   16   75   77   25   8   73   64   85   87   58   83   12   34   77   97   57   18   89   53   79   99   24   72   13   69   58   43   87   12   81   96   9   26   23   37   92   51   33   36   48   52   48   85   21   67   36   37   77   78   95   77   23   95   59   60   42   38   0   3   2   25   74   20   39   91   91   99   58   6   3   20   53   2   60   21   20   62   37   2   51   55   82   10   0   86   94   54   2   75   16   92   39   87   
80   43   89   29   12   30   14   56   59   70   7   18   47   14   18   75   28   40   79   89   100   10   10   44   18   22   73   98   17   95   76   46   51   38   34   99   98   14   34   7   7   93   54   32   12   97   71   53   21   83   99   27   17   90   98   46   88   28   8   78   10   44   73   22   96   34   84   36   92   41   96   15   78   8   18   70   61   83   74   78   96   0   60   48   98   49   2   91   27   27   73   27   61   9   59   33   11   86   86   94   20   61   62   82   40   63   0   17   21   15   5   63   48   58   9   85   15   39   
6   38   58   15   90   22   47   76   14   24   8   33   40   91   73   35   8   71   18   6   26   99   38   95   30   48   52   46   12   43   53   68   55   21   26   8   2   55   54   55   54   36   30   36   57   57   74   97   95   59   41   77   79   61   48   46   62   8   7   24   36   83   18   39   95   75   67   43   88   62   17   10   4   72   61   85   23   65   95   14   74   33   32   30   5   58   92   95   43   19   78   66   58   55   73   20   99   48   79   23   90   67   74   58   85   12   66   59   22   63   82   36   20   97   9   92   90   25   
88   18   68   21   74   27   1   40   76   90   46   52   64   86   73   44   19   96   84   42   73   100   95   71   49   58   79   20   6   27   43   19   36   100   17   78   7   34   27   90   2   57   31   94   26   71   91   22   32   54   33   95   72   65   18   33   83   100   99   29   25   22   55   19   65   71   77   92   23   20   6   94   82   71   28   28   75   59   99   68   2   47   61   51   44   86   87   35   25   75   32   37   11   24   45   46   22   96   59   95   39   10   6   41   62   79   90   48   79   58   19   95   37   43   27   59   80   33   
23   0   93   4   61   80   53   20   56   24   48   95   78   17   40   36   63   28   53   48   12   93   83   15   78   63   56   26   82   74   77   68   22   83   45   21   19   44   9   62   20   41   59   60   35   97   96   25   99   17   74   67   46   54   60   20   32   76   92   11   45   53   88   5   26   67   51   32   99   18   46   20   80   22   97   91   19   2   43   12   73   80   93   23   21   17   41   39   27   66   15   85   25   64   29   36   1   79   41   92   68   50   88   89   67   3   77   48   67   49   86   61   17   95   83   12   80   53   
66   74   80   31   93   29   88   15   35   84   52   88   78   76   85   33   55   24   20   54   77   60   0   64   45   22   66   75   10   7   23   73   44   67   18   29   74   73   53   55   49   99   26   85   68   99   12   8   98   8   75   95   82   47   56   88   34   91   53   31   0   36   81   74   6   78   7   3   74   65   49   25   65   17   41   55   33   75   20   52   79   96   30   35   1   71   95   18   98   89   47   90   80   88   38   44   49   36   57   76   55   6   43   7   75   93   24   37   5   98   68   40   19   3   29   86   76   86   
18   36   65   79   70   6   68   92   2   64   11   52   56   9   76   94   40   47   88   75   73   85   8   15   97   59   33   51   74   23   11   67   12   59   48   61   30   22   20   16   51   45   51   71   35   91   39   74   47   53   15   93   74   41   62   70   7   92   18   1   100   97   44   27   36   60   53   58   91   99   46   55   57   8   56   42   73   61   48   37   79   58   7   24   39   62   88   0   52   47   87   82   80   21   66   38   40   35   68   53   78   27   50   12   63   4   2   9   2   55   72   41   52   41   7   22   0   93   
34   10   49   19   93   88   1   72   55   28   26   49   91   84   40   55   50   17   71   73   96   85   96   52   17   25   21   21   63   95   19   13   30   54   92   81   98   23   85   32   94   71   0   48   68   33   30   80   49   0   95   76   60   0   59   58   7   15   39   95   98   1   23   34   98   71   11   39   6   93   52   10   96   42   52   31   15   63   53   78   60   5   7   35   78   36   82   13   81   79   96   30   18   68   68   49   34   0   4   34   24   66   23   90   9   86   51   47   99   97   37   38   41   0   37   74   99   4   
93   97   88   49   17   49   25   43   65   3   57   68   62   63   89   67   63   90   19   68   81   47   91   8   40   1   76   85   80   5   19   30   52   96   48   33   55   17   55   71   62   89   57   94   92   1   56   19   2   90   73   73   22   47   59   37   100   48   46   95   56   79   65   86   5   72   94   28   12   45   26   1   28   90   80   71   51   4   54   21   73   50   37   16   81   51   19   87   33   18   86   12   82   90   46   53   43   55   22   62   79   20   86   69   20   58   55   56   51   60   1   23   12   47   61   18   84   54   
36   25   90   14   2   76   79   30   24   46   52   35   49   44   94   36   38   95   47   21   11   36   95   27   27   95   77   44   88   60   34   86   87   26   32   72   20   0   16   32   82   63   47   93   42   65   62   16   30   33   99   23   65   43   49   97   96   32   49   76   21   67   68   4   64   23   93   40   32   48   38   46   89   91   48   2   1   21   62   7   36   21   76   80   0   94   50   93   51   56   57   12   11   30   65   97   91   89   51   59   80   63   90   1   25   20   83   80   53   62   28   11   0   13   88   76   23   17   
44   76   77   64   84   27   25   91   26   61   36   39   99   57   33   69   68   43   8   96   51   51   9   3   61   88   78   97   100   16   62   75   99   43   58   54   38   39   41   70   65   44   38   97   15   58   59   76   11   49   89   79   72   19   41   99   80   56   36   43   48   42   59   16   81   11   75   9   45   57   86   23   42   64   93   68   39   67   31   94   16   10   70   72   31   77   59   55   12   68   95   37   15   80   52   61   6   82   61   40   14   16   18   44   23   36   78   42   45   28   96   97   52   84   25   20   40   23   
55   13   7   39   86   77   51   92   16   77   22   43   11   27   56   26   23   60   56   4   3   81   78   63   67   2   15   48   26   60   14   7   49   82   57   60   17   5   21   52   92   38   2   37   97   90   94   82   80   66   61   59   50   99   84   29   5   40   33   7   43   76   96   51   79   79   31   7   36   100   58   36   56   81   61   99   86   18   96   91   53   32   80   100   77   36   35   9   54   47   49   29   83   80   4   47   25   12   69   47   10   91   62   48   88   90   29   3   18   31   99   65   76   25   22   4   58   16   
97   93   77   9   44   82   73   27   30   72   94   36   80   23   60   69   52   32   26   37   75   26   46   64   3   49   32   86   58   96   39   86   44   68   42   92   91   63   49   25   24   81   81   90   20   40   54   69   4   42   3   30   90   71   35   34   14   20   11   54   59   17   9   56   6   26   49   13   92   25   85   89   58   86   64   87   62   23   69   37   49   88   57   54   86   87   82   14   88   86   37   34   5   64   74   84   75   60   3   42   43   78   78   60   90   45   53   11   86   53   30   92   46   13   68   99   60   8   
85   43   27   97   66   57   86   39   47   66   40   66   61   29   4   50   5   9   96   37   60   35   89   75   88   14   74   5   21   100   35   46   33   64   89   29   26   48   93   36   92   59   13   21   1   11   4   93   14   37   65   60   55   82   59   53   95   32   60   88   75   18   20   14   100   51   16   84   32   12   54   27   23   61   93   70   5   88   97   8   97   24   21   2   56   43   43   22   60   40   58   82   4   3   63   42   95   92   7   0   1   62   83   54   83   94   98   69   28   48   43   61   69   76   10   71   46   24   
76   56   34   78   27   8   81   69   88   15   46   21   27   2   64   13   48   59   53   25   100   74   39   18   94   69   29   93   3   32   73   37   95   42   0   13   38   39   4   83   53   79   6   11   2   100   68   11   21   98   64   88   27   41   0   47   39   84   23   80   78   76   76   9   21   96   88   45   55   64   97   47   80   53   40   79   71   8   25   3   77   59   41   35   8   70   96   60   44   78   54   87   84   76   74   36   18   95   6   62   69   79   41   19   19   63   49   71   90   50   58   37   87   66   51   85   76   51   
51   22   5   40   84   73   68   90   16   3   77   34   90   66   40   98   1   88   6   97   0   93   6   6   93   66   62   45   65   41   97   64   51   70   85   71   100   74   6   47   22   9   90   88   26   96   3   83   11   57   47   72   42   82   29   53   35   10   59   98   70   82   54   84   20   26   79   54   41   32   16   16   15   22   88   78   44   23   93   64   95   96   67   50   87   5   21   79   19   20   61   94   66   64   83   49   71   39   87   98   96   86   46   45   87   34   62   43   99   51   71   59   15   23   65   54   47   22   
72   31   74   33   67   58   37   70   34   89   43   87   77   2   78   81   91   99   44   49   62   37   26   100   98   30   81   27   44   59   81   56   91   60   93   21   1   20   84   42   78   56   83   70   34   4   18   62   40   75   33   43   73   66   25   9   85   92   46   29   64   68   68   16   0   99   46   6   57   72   94   96   62   91   1   89   50   63   81   4   7   39   95   84   41   47   42   15   68   79   13   89   30   67   34   30   54   75   38   33   3   59   83   69   38   21   44   67   14   79   97   70   72   24   17   44   35   94   
35   4   98   99   55   5   52   41   69   19   14   21   42   5   92   68   65   90   1   50   87   48   63   26   58   6   70   99   81   34   80   66   46   70   3   66   97   81   6   63   85   57   18   32   32   79   35   38   70   60   15   93   7   35   88   43   57   66   29   90   0   99   96   18   18   37   18   40   49   97   14   57   42   42   54   86   85   85   3   32   36   39   13   64   88   34   1   0   22   71   60   70   23   44   69   36   79   4   45   41   84   45   65   89   15   96   31   10   49   62   87   6   31   99   79   50   9   33   
57   68   76   50   90   0   58   7   31   73   79   34   19   63   17   72   86   9   97   73   90   34   34   61   30   45   21   75   6   62   34   65   85   16   44   19   19   21   99   21   27   2   18   72   89   15   89   87   67   74   50   82   48   55   52   60   15   9   20   6   91   40   45   43   85   78   8   39   63   63   20   85   16   75   9   9   5   85   28   78   45   16   81   29   20   58   6   64   93   46   21   67   55   81   65   65   35   83   23   83   60   53   13   19   55   1   2   38   7   93   64   85   93   39   57   3   79   62   
68   41   24   88   40   26   49   41   98   29   25   24   0   13   93   21   22   7   82   57   44   26   43   85   31   22   78   32   0   32   72   97   6   64   68   5   53   96   88   45   59   4   63   52   52   40   86   83   83   26   26   61   62   95   35   39   60   43   100   77   74   93   89   54   49   85   90   56   86   75   95   98   13   84   84   36   49   7   44   54   76   75   64   73   99   49   23   19   75   26   94   59   31   95   5   21   59   33   33   17   80   78   90   93   3   36   37   65   31   66   92   42   2   73   42   57   38   92   
54   23   96   19   58   10   45   72   17   58   68   0   2   18   64   78   5   46   9   75   48   82   61   8   47   13   30   66   45   70   34   80   60   98   44   88   8   16   32   54   25   58   57   83   7   78   25   80   84   44   27   60   40   29   44   72   53   8   79   55   9   98   56   40   37   51   72   77   67   16   67   59   100   63   72   19   85   84   15   91   52   57   36   37   80   56   63   64   63   100   40   30   23   49   32   33   22   0   82   60   12   92   51   81   17   2   75   61   19   43   5   59   95   43   57   23   2   96   
65   3   80   0   49   99   64   61   43   40   83   59   61   96   29   41   31   58   90   69   84   3   52   27   75   21   54   4   90   4   83   43   62   79   54   26   36   71   89   56   19   77   40   17   39   53   10   22   48   33   11   67   2   69   96   50   52   1   63   35   93   36   84   19   75   82   76   7   4   88   62   82   3   13   56   8   64   79   14   93   71   48   29   10   55   58   33   0   82   50   42   58   41   100   97   82   42   46   82   70   27   45   34   18   27   88   50   35   44   22   97   9   8   58   10   3   2   97   
54   26   43   43   21   20   19   59   95   20   2   45   60   92   85   46   80   17   30   32   60   67   7   71   45   40   5   5   89   87   52   9   54   32   38   53   60   85   64   95   61   98   77   20   32   95   43   79   57   8   72   44   67   96   65   52   57   81   8   45   80   31   26   10   20   58   90   92   37   84   17   32   6   79   76   54   73   56   95   74   1   98   99   97   98   45   99   74   2   16   30   48   15   10   18   24   52   57   82   45   35   2   26   55   69   39   89   16   23   49   96   90   93   47   62   66   31   39   
23   34   89   22   81   59   76   36   78   58   63   82   85   30   60   76   2   9   89   13   44   74   9   19   2   49   61   94   25   49   31   60   66   85   59   68   83   43   29   51   22   50   34   68   83   30   65   20   99   11   30   65   90   19   52   29   71   69   16   2   24   10   65   84   30   2   72   17   48   20   27   92   23   67   50   21   10   45   64   86   16   41   4   32   39   26   76   28   96   71   58   59   50   49   63   49   71   71   30   99   98   97   2   25   62   32   42   76   29   10   33   0   42   82   86   63   44   95   
53   49   98   29   24   43   33   55   20   69   28   63   49   57   98   31   65   71   26   23   58   41   14   20   12   39   8   66   60   85   65   25   62   12   11   33   73   91   43   15   30   27   98   12   22   37   14   49   42   68   94   40   18   15   46   20   76   89   80   76   8   9   17   24   6   47   20   60   13   27   82   82   59   84   29   20   18   2   57   59   29   15   1   3   2   69   56   88   45   66   71   72   40   93   67   77   46   97   63   79   22   27   77   4   7   8   85   15   91   39   52   99   94   76   29   81   79   66   
40   85   87   50   34   23   85   42   40   15   97   67   41   45   50   40   77   4   55   39   98   60   23   4   21   59   29   4   54   91   25   20   98   80   40   9   86   98   40   97   90   41   5   2   98   71   62   17   70   57   22   51   57   14   30   32   86   21   81   73   85   32   72   23   63   5   87   22   83   59   71   12   80   17   28   12   97   36   19   92   36   93   95   71   36   1   20   17   33   71   50   17   72   69   19   80   76   35   70   16   55   41   50   71   71   88   84   59   31   95   36   79   61   55   41   56   75   65   
84   32   56   29   25   52   89   61   81   83   36   40   37   50   8   69   30   93   73   41   36   33   44   44   88   59   23   90   10   6   1   48   60   64   78   24   67   54   17   57   8   28   87   84   23   90   49   29   70   34   54   78   20   79   88   26   88   32   40   55   75   2   24   39   49   55   30   58   49   65   29   14   89   91   77   17   65   85   6   10   77   61   19   50   100   46   90   10   39   0   93   77   27   80   98   90   67   53   98   10   55   95   9   85   78   13   80   54   84   87   34   42   54   0   79   84   35   15   
94   82   89   20   52   30   12   34   77   14   55   75   67   89   72   17   44   24   6   44   96   11   45   14   86   53   48   97   73   10   42   21   15   54   95   1   26   68   37   13   2   34   46   52   90   23   9   94   56   57   97   71   15   89   8   25   41   26   7   89   78   6   53   9   35   46   98   33   1   41   10   65   50   26   39   57   46   0   80   92   89   100   21   47   35   18   80   62   71   5   76   85   92   31   74   86   86   78   76   75   51   68   93   74   35   100   37   74   42   62   0   30   45   19   3   9   77   73   
58   11   45   55   64   49   5   94   7   93   55   8   82   21   100   38   72   59   1   33   93   84   20   2   96   55   27   98   83   30   73   42   36   56   76   62   67   88   51   62   47   23   45   36   58   17   8   51   57   95   10   72   38   76   72   84   3   60   18   78   52   51   87   10   11   26   57   47   19   91   21   26   77   88   40   64   38   24   63   65   97   82   9   52   38   30   40   0   49   6   36   70   2   42   35   88   67   30   42   65   30   55   42   69   42   48   84   78   94   77   53   13   2   51   29   75   65   95   
61   77   61   95   72   51   22   10   71   83   17   7   85   61   98   65   51   36   7   44   97   15   64   7   62   76   64   84   42   25   23   27   89   78   100   8   49   46   22   60   4   78   25   34   84   78   30   30   31   57   6   30   49   48   34   38   2   58   3   80   93   6   78   31   51   74   43   2   42   75   37   20   64   64   31   50   70   97   54   51   37   92   43   14   99   30   8   48   55   64   95   99   11   51   78   55   59   28   75   79   44   95   0   3   55   3   97   61   55   9   64   3   51   94   12   87   97   85   
9   71   76   3   60   89   53   31   23   89   67   47   64   84   79   86   92   55   49   12   45   58   8   1   7   13   22   60   98   14   64   51   59   99   35   74   59   26   22   33   29   45   25   25   71   77   12   94   18   69   71   7   88   40   30   9   79   29   24   21   70   68   72   48   79   53   27   17   4   78   84   86   70   90   59   72   1   46   43   32   68   63   99   46   29   37   87   32   89   46   77   70   45   37   41   28   10   94   27   8   12   78   37   3   28   89   55   82   45   88   84   24   61   39   63   14   45   0   
57   85   24   47   88   58   29   51   76   20   92   38   55   64   11   48   27   8   64   63   5   95   33   85   62   85   91   87   34   93   54   26   79   83   84   47   48   43   93   77   0   22   97   39   92   49   88   13   51   38   39   32   63   15   53   59   47   40   10   28   81   24   100   69   86   15   71   10   26   19   73   33   89   87   59   86   50   63   55   71   82   30   78   40   96   14   35   31   19   33   31   51   36   31   29   70   49   98   23   62   49   35   5   53   98   21   56   72   10   12   13   63   29   7   44   39   3   37   
30   24   9   59   8   21   69   88   72   6   64   61   91   2   24   53   71   72   89   28   88   5   10   37   53   34   15   81   48   10   23   32   71   100   84   12   75   24   74   30   33   68   49   90   4   68   86   72   27   74   46   24   53   69   78   96   16   98   1   100   23   64   19   71   70   38   60   2   75   99   14   25   64   15   17   54   64   82   67   70   26   33   19   63   16   29   32   60   0   39   64   88   60   75   73   49   92   23   71   18   6   90   58   68   99   94   3   13   24   36   100   70   35   94   90   48   25   1   
11   9   18   1   81   84   80   77   87   87   27   18   23   25   84   95   36   80   75   36   28   9   41   78   8   83   64   34   35   8   30   45   10   39   48   79   18   24   77   62   22   77   63   68   42   32   48   89   7   57   4   65   69   39   8   41   35   54   60   35   39   29   27   86   76   3   43   89   58   0   4   3   33   86   100   98   60   78   44   28   93   75   19   43   87   28   95   21   74   57   50   8   37   67   44   45   46   78   83   93   66   13   23   27   90   88   9   50   17   6   35   2   36   74   50   97   40   94   
31   20   79   0   64   2   25   52   21   88   4   6   15   66   41   41   85   72   25   90   72   38   26   96   44   91   59   51   38   7   61   57   82   55   37   2   95   9   10   35   99   34   7   38   9   32   37   0   98   35   15   16   29   88   98   33   66   31   65   76   68   5   32   68   78   37   67   56   85   66   0   37   65   46   38   17   85   95   53   74   99   45   45   43   15   33   26   12   9   50   34   76   0   90   11   70   6   10   12   84   45   29   13   93   92   59   75   25   23   97   78   69   90   47   96   74   67   21   
36   8   34   12   63   68   10   50   99   10   90   36   9   2   2   18   28   4   24   18   36   56   66   32   88   44   89   70   63   64   4   29   0   2   5   2   18   25   0   97   19   90   22   79   90   27   97   16   15   20   40   18   49   51   18   92   46   37   80   35   91   68   42   23   24   79   24   34   84   31   17   66   42   51   30   53   96   70   58   30   55   90   64   100   9   67   31   15   82   78   78   59   11   74   77   89   62   6   90   6   29   76   21   15   59   58   39   41   51   46   4   58   62   60   39   66   18   80   
12   47   40   34   21   53   17   58   55   84   28   18   89   14   85   84   100   55   46   82   42   4   63   45   85   80   93   71   37   28   1   55   9   77   66   98   17   12   72   12   92   82   8   33   2   11   99   86   54   51   10   87   28   6   77   56   95   70   74   27   84   84   68   28   100   10   90   52   64   28   100   46   72   1   82   25   88   99   87   14   54   65   54   24   62   48   79   62   3   60   60   22   49   94   1   6   57   99   8   82   51   4   10   4   80   44   83   85   48   76   50   39   88   76   71   38   45   54   
73   21   17   95   0   72   32   65   100   39   79   10   22   58   55   52   20   28   34   73   100   48   100   36   4   76   48   99   27   73   86   48   65   72   39   85   67   31   27   14   25   99   8   41   24   37   70   15   67   46   8   67   36   52   47   24   41   89   27   76   72   95   88   49   99   12   18   77   38   13   43   48   40   50   97   29   87   92   17   14   55   63   99   43   15   36   81   44   27   1   62   48   43   37   46   4   74   31   27   8   83   16   100   11   90   80   44   57   97   28   26   34   31   97   21   13   58   7   
21   92   39   3   60   80   57   74   84   22   55   61   50   43   87   9   62   11   27   63   30   39   39   98   98   76   77   43   58   72   78   16   16   4   9   43   20   86   59   19   26   72   80   91   96   63   63   54   88   11   8   14   5   65   72   6   62   15   91   42   62   91   22   92   21   99   24   70   80   64   32   12   53   32   28   34   2   54   83   24   14   75   78   84   32   74   52   19   50   18   39   86   77   93   1   0   30   23   18   89   33   20   90   64   95   11   43   63   61   75   35   93   17   40   5   16   21   77   
79   0   38   72   51   2   16   80   21   36   64   45   11   63   65   39   58   34   25   93   63   6   9   65   34   86   75   17   80   35   83   73   75   51   99   92   89   45   39   55   63   49   45   54   90   11   39   79   44   76   5   4   59   18   12   47   35   41   10   54   99   68   87   31   17   75   90   84   17   84   40   89   81   62   80   10   82   71   15   19   52   68   5   86   34   57   48   7   2   24   58   24   43   85   48   89   96   59   93   16   49   22   75   49   4   76   85   4   68   12   65   25   62   19   27   10   84   16   
96   17   99   39   30   44   77   23   49   63   64   8   42   36   37   64   54   71   40   96   41   16   39   7   85   22   3   6   87   79   53   27   33   23   51   38   24   100   59   5   48   77   75   3   2   58   47   11   93   52   14   52   99   89   64   26   49   75   22   66   70   27   37   3   4   79   73   35   40   54   22   14   85   33   52   9   83   3   78   93   28   15   35   100   32   30   46   34   7   63   74   43   44   19   12   86   14   11   48   65   14   79   61   48   52   85   44   85   75   21   79   21   81   73   42   31   71   44   
32   79   76   54   30   51   15   6   31   21   46   67   59   42   79   74   74   2   99   89   18   86   38   60   52   90   52   9   88   92   92   54   52   73   22   1   0   21   56   41   23   6   72   15   75   42   29   6   66   3   16   76   87   57   94   61   25   97   39   20   74   91   96   100   12   59   88   85   66   20   55   3   87   81   3   76   78   41   37   19   89   67   24   10   10   90   99   21   67   26   62   58   23   35   19   53   31   74   30   1   53   9   93   44   54   27   17   32   40   8   68   97   30   43   50   43   66   75   
49   10   2   71   42   69   5   50   24   60   41   62   18   30   84   4   39   76   97   68   83   10   43   59   80   75   1   64   61   28   60   80   48   42   76   8   23   30   60   18   53   19   69   52   22   1   55   92   97   64   23   86   36   98   39   65   100   12   25   55   89   8   43   85   57   17   10   46   93   93   68   6   23   26   10   39   85   80   71   24   98   6   3   15   83   97   67   19   44   72   71   84   88   96   88   6   80   64   68   79   85   43   79   45   9   64   80   49   1   48   41   62   63   95   63   84   73   30   
72   17   78   66   94   93   34   5   9   18   17   36   92   59   68   91   87   70   52   35   70   8   78   29   23   13   12   81   43   96   7   9   9   6   6   81   81   30   100   1   6   93   72   42   52   60   72   14   37   44   52   27   78   91   82   8   67   17   6   74   8   55   52   17   41   78   67   4   62   89   46   50   39   22   45   57   72   86   52   76   63   50   3   99   48   20   87   68   79   73   32   81   71   70   17   84   61   37   64   89   95   11   36   93   54   42   58   59   46   56   89   37   20   59   23   10   97   37   
2   92   83   7   16   81   92   27   33   12   21   0   52   76   86   95   64   94   37   11   37   87   29   54   89   83   22   88   34   91   71   69   55   61   40   91   57   42   36   24   29   4   83   95   16   16   15   63   91   58   58   48   33   41   25   90   1   38   71   89   76   21   29   57   49   60   67   12   40   0   42   33   8   66   46   19   25   99   50   13   51   56   31   83   25   28   60   98   55   43   65   9   7   80   50   45   69   12   37   38   88   18   84   4   67   63   64   56   14   67   82   80   11   81   2   70   79   79   
12   91   25   77   4   10   82   22   37   21   24   18   29   97   61   39   94   41   27   99   65   29   37   57   22   40   87   44   54   81   88   36   14   82   57   16   39   64   17   8   13   34   24   77   78   12   100   31   25   53   98   34   22   81   31   12   17   64   95   89   81   51   38   98   21   74   50   23   61   34   79   94   100   50   3   89   20   62   0   15   33   10   95   63   17   30   90   44   23   43   27   63   68   30   95   0   68   65   2   39   25   13   54   14   63   71   52   78   53   44   87   13   67   49   76   99   30   42   
78   37   80   65   64   19   89   3   100   54   4   24   38   72   1   86   18   73   33   65   87   63   45   88   22   49   29   80   15   20   17   36   19   70   76   74   74   28   5   20   64   54   94   72   27   1   69   65   89   84   86   26   34   87   76   87   43   15   67   67   88   75   61   100   71   83   58   49   81   18   16   49   55   2   93   92   57   79   4   56   0   29   11   93   70   49   86   36   91   12   63   20   3   67   24   88   80   15   89   55   28   95   96   15   53   93   82   24   14   58   53   78   14   23   27   95   98   86   
25   32   87   89   92   100   19   35   34   31   85   49   94   16   5   41   56   60   60   75   56   46   13   86   88   52   37   93   42   84   55   57   38   52   5   52   23   58   26   53   33   80   100   13   57   5   17   29   32   83   65   10   85   36   28   46   44   79   17   18   19   24   41   63   13   43   5   14   49   53   87   7   76   17   88   65   25   33   70   9   40   27   66   58   68   36   30   47   62   12   87   84   6   69   56   89   19   87   19   48   85   62   76   36   54   63   32   80   98   24   55   73   28   73   22   90   6   7   
89   68   60   49   44   45   21   30   82   100   3   13   34   62   45   65   48   80   17   98   29   62   32   73   41   44   26   55   11   76   75   21   31   26   44   54   17   95   4   33   11   83   45   29   88   13   34   70   7   68   28   32   29   21   38   96   36   26   4   96   90   37   8   50   45   92   46   71   69   0   9   25   44   15   31   35   42   65   29   67   24   73   79   9   69   58   95   89   79   54   54   97   13   84   94   64   84   95   20   68   94   90   45   6   29   99   6   90   10   48   3   14   12   19   50   13   27   22   
83   75   60   9   42   60   71   75   55   79   28   60   37   91   53   47   93   16   74   97   59   27   3   45   1   17   67   17   46   44   0   62   65   39   25   53   79   52   59   43   34   74   40   72   12   36   85   33   85   92   22   39   19   70   16   1   41   17   65   82   45   20   55   41   74   58   69   81   57   64   28   96   59   30   71   7   29   84   88   78   82   30   66   84   35   34   56   31   100   40   54   80   16   28   24   69   48   20   62   0   72   25   17   37   44   42   36   16   61   98   17   14   66   39   4   93   92   97   
55   100   7   44   87   31   17   94   14   34   61   36   43   50   80   74   80   49   46   85   27   70   14   52   67   17   21   73   49   74   50   65   48   20   31   69   87   35   37   56   76   59   53   49   35   76   49   17   78   10   40   64   27   92   38   72   47   50   98   44   86   89   41   44   74   7   7   30   75   98   48   40   64   48   40   95   99   2   65   76   21   30   37   13   100   29   58   83   70   54   3   31   96   67   49   22   93   47   84   91   56   37   1   35   84   17   78   96   57   16   68   14   81   50   49   71   15   14   
33   53   46   47   52   39   75   66   28   19   91   73   44   99   97   91   73   11   86   21   23   92   92   84   89   25   88   1   25   26   85   72   12   95   44   6   97   19   25   61   47   22   63   51   8   59   67   13   98   27   79   69   21   68   13   81   78   55   9   50   69   73   35   36   62   61   13   1   41   16   28   49   41   32   62   39   70   68   81   70   74   56   46   90   47   48   43   83   57   44   6   47   68   88   34   85   43   26   93   97   94   29   43   4   84   30   49   52   69   23   61   11   47   51   51   0   100   55   
21   84   18   84   12   100   73   48   24   76   92   61   79   87   8   37   11   49   64   55   18   56   17   40   71   66   39   8   80   100   25   90   87   25   56   26   23   17   65   49   62   39   27   81   57   28   86   72   84   21   87   10   33   6   9   29   9   82   72   35   77   21   31   1   99   17   77   93   48   85   78   59   14   86   33   98   86   85   14   46   91   72   69   65   58   83   86   47   54   94   1   37   31   83   34   4   70   61   57   63   8   80   77   76   53   39   59   7   68   66   95   84   0   6   33   41   37   28   
41   1   12   35   75   21   70   42   74   39   44   44   22   55   24   25   85   32   27   55   83   58   52   100   10   46   42   83   39   64   50   67   23   82   38   92   78   46   69   52   37   97   66   74   78   18   74   2   59   97   98   76   59   32   56   30   14   23   63   39   97   81   19   87   56   29   78   37   11   59   16   98   45   51   72   31   98   37   64   41   8   48   28   45   12   24   87   93   64   5   76   66   28   80   24   62   10   62   58   53   64   67   4   22   41   32   37   14   61   49   23   88   96   1   0   95   87   30   
43   6   83   88   87   72   41   41   30   49   78   75   74   53   91   3   60   74   41   40   43   3   94   79   37   52   54   78   1   2   11   81   89   83   44   44   92   92   33   59   97   81   9   24   10   77   67   25   97   49   89   7   49   28   45   64   41   96   98   90   100   93   85   75   2   38   100   30   21   60   32   32   52   81   52   59   86   7   79   22   98   70   19   24   47   79   65   59   68   85   94   93   10   23   0   13   59   74   90   41   89   23   9   1   17   27   40   9   75   83   98   71   93   94   18   40   23   84   
45   83   39   93   55   40   58   52   33   12   65   100   54   72   67   51   58   75   9   78   70   39   15   22   34   94   15   0   65   82   84   30   6   59   55   52   99   49   49   15   40   48   39   36   26   11   90   65   81   59   64   87   80   35   89   83   4   93   44   69   97   82   90   27   36   67   43   69   61   26   52   31   56   0   16   47   100   34   29   24   71   42   45   68   16   35   80   5   91   44   84   62   94   37   36   68   43   93   72   88   50   82   65   19   45   13   97   80   80   16   62   38   27   37   44   72   0   16   
75   61   90   50   69   29   72   98   90   86   28   66   53   80   42   66   91   69   8   52   17   3   82   59   48   69   41   35   42   29   32   45   9   100   40   1   14   8   95   72   1   24   80   15   83   65   68   4   95   55   75   86   60   50   71   64   51   46   29   80   22   75   42   90   45   71   50   3   12   68   93   52   15   32   34   100   89   48   90   44   8   19   12   8   25   65   2   73   35   72   63   39   65   35   84   58   72   1   91   59   67   56   53   39   8   56   23   31   72   58   97   96   97   71   69   39   35   10   
55   6   63   11   100   67   88   33   37   4   79   61   50   39   38   95   83   90   16   81   16   54   19   53   5   78   61   60   9   84   94   53   46   29   73   66   83   20   88   15   43   14   57   6   95   55   44   90   51   60   91   61   82   71   47   41   89   25   83   29   91   41   55   29   2   52   65   87   58   13   14   55   54   5   95   77   52   16   95   1   27   14   7   49   87   26   21   85   4   69   86   16   34   20   11   48   78   66   45   90   80   91   72   75   17   7   60   69   74   40   74   86   6   99   38   43   64   81   
75   91   62   18   53   100   67   53   55   86   48   99   6   62   16   68   19   76   53   4   7   72   3   95   34   14   54   52   52   92   93   90   89   69   79   48   46   27   89   48   47   88   49   54   69   17   74   26   30   66   56   76   76   36   60   60   30   15   77   11   16   66   51   48   31   70   50   72   27   75   52   25   60   48   66   16   37   56   40   81   74   78   61   4   67   78   11   82   25   50   29   29   53   49   19   61   15   12   94   5   23   99   38   67   90   48   84   7   38   28   42   58   79   26   11   2   66   69   
77   55   14   4   57   95   41   76   12   16   90   79   34   74   8   5   87   80   100   33   26   74   51   88   40   5   23   63   40   54   24   31   37   63   68   11   33   12   65   84   73   65   76   72   55   45   58   91   89   59   95   16   77   15   11   21   25   10   32   14   59   5   79   77   69   95   13   43   22   42   42   59   79   60   91   33   97   44   9   25   83   21   63   71   80   100   0   38   17   3   44   83   26   25   24   82   8   79   27   74   35   96   59   93   40   65   17   58   91   60   18   54   57   94   67   99   59   41   
3   21   49   54   55   8   57   24   48   64   50   27   53   94   10   15   69   56   72   56   37   52   85   70   85   85   7   65   78   35   37   53   70   86   26   86   40   25   56   3   44   37   78   87   44   5   9   76   66   58   96   100   48   82   77   13   75   16   25   94   95   44   23   17   32   14   6   47   88   86   23   68   39   63   88   0   31   84   42   37   91   84   20   22   1   55   64   44   63   47   62   0   64   1   58   68   69   22   18   1   38   1   36   10   46   42   88   89   12   67   9   66   67   37   95   47   40   15   
52   4   63   72   69   41   38   21   73   100   16   25   49   50   20   79   15   38   19   65   74   80   42   14   65   96   89   26   51   95   96   89   73   17   8   15   53   57   48   13   75   67   1   73   71   97   90   21   83   24   49   25   83   30   19   92   41   7   84   63   1   42   76   22   73   88   10   11   17   74   22   32   69   73   99   63   97   70   54   1   32   46   67   97   36   64   49   79   87   81   71   57   85   98   83   55   17   79   95   82   43   82   88   69   74   60   24   77   6   17   1   44   81   7   58   20   35   84   
71   84   21   84   29   54   62   4   75   32   13   26   4   50   37   8   46   19   32   59   51   21   23   20   99   80   90   62   37   36   90   42   19   4   98   14   5   91   15   55   8   46   16   8   18   46   11   77   0   51   18   99   27   65   1   28   39   68   68   18   60   58   18   3   36   47   43   35   26   82   20   17   74   73   28   82   85   94   88   24   100   95   56   18   68   21   19   59   17   2   71   66   49   78   98   10   11   99   70   0   19   78   34   95   100   67   89   36   85   74   95   67   51   1   1   100   38   83   
47   22   1   19   57   93   37   42   6   55   36   20   32   42   10   97   64   51   97   67   2   57   87   80   6   79   12   22   54   93   52   98   83   92   34   98   48   100   39   73   28   23   43   45   16   4   70   97   18   70   46   90   72   97   16   59   69   52   12   27   48   55   67   88   96   22   13   88   48   16   75   85   98   53   2   69   18   82   23   14   39   27   81   78   90   5   34   84   77   98   73   89   24   64   78   96   42   78   57   40   29   2   43   61   75   19   66   82   68   70   77   87   97   93   100   3   66   73   
91   14   85   67   54   77   69   21   49   22   28   17   30   56   84   75   56   78   45   27   95   65   1   31   1   91   65   70   65   0   2   92   95   9   2   13   84   54   1   85   31   83   81   48   8   43   76   75   13   27   47   38   29   51   80   18   56   11   63   71   93   70   4   6   78   11   65   18   40   36   48   26   47   93   10   64   41   61   84   89   64   69   43   8   85   59   93   51   62   67   49   46   66   0   64   40   65   36   37   58   97   86   42   34   37   84   11   16   88   60   77   82   71   94   65   84   48   3   
54   12   4   55   62   81   55   33   59   68   86   56   20   64   22   7   62   8   11   30   1   42   41   97   47   36   15   70   9   43   81   39   2   66   98   24   100   40   29   54   26   96   26   98   42   10   26   44   67   14   45   47   82   94   72   72   1   89   11   57   63   59   68   73   28   79   69   58   42   87   52   11   22   93   58   5   90   53   1   76   80   10   62   20   13   68   19   52   43   54   64   83   16   42   81   79   22   18   55   54   82   62   29   41   77   36   53   51   73   59   79   89   80   64   23   73   90   24   
75   49   0   45   87   0   10   3   28   45   19   39   88   49   43   86   97   34   30   72   55   92   44   36   83   42   78   11   85   69   84   4   72   17   77   85   2   19   24   100   80   6   83   99   28   73   24   94   6   71   80   77   92   2   17   78   63   48   31   40   37   5   2   54   93   60   81   70   7   76   12   9   0   95   70   57   63   88   40   61   19   88   93   68   90   46   54   93   77   41   43   84   40   75   85   52   90   35   70   17   84   85   99   1   81   78   2   15   8   99   2   93   63   51   29   44   95   0   
19   45   5   17   20   41   32   62   57   26   98   59   87   97   10   70   41   30   90   5   78   31   30   63   3   100   81   93   66   75   83   27   19   85   20   35   67   20   47   85   92   88   23   56   11   17   51   8   84   33   23   3   76   60   36   90   30   41   74   65   41   30   81   6   57   40   16   36   10   5   23   79   72   33   41   84   19   16   43   89   14   80   95   93   15   31   93   7   75   0   78   66   17   24   69   63   4   97   43   17   94   39   35   18   16   36   82   50   20   25   10   45   32   56   13   53   81   20   
42   51   99   30   25   11   41   64   26   84   41   22   88   13   46   40   54   11   29   58   93   74   46   14   57   19   63   28   34   92   59   11   54   6   52   64   59   3   78   20   41   4   78   91   51   57   64   5   63   57   45   32   82   71   45   13   20   27   88   8   91   0   69   67   30   82   61   75   2   86   8   81   50   38   82   36   83   76   8   4   95   36   5   97   53   41   87   96   74   33   20   28   31   7   48   51   50   49   15   91   83   8   60   3   54   26   89   9   83   77   76   18   34   70   45   74   79   65   
92   13   18   43   40   27   46   63   61   80   2   13   18   55   47   66   45   99   18   14   34   11   36   13   82   82   86   39   92   9   8   33   9   0   65   94   100   5   96   13   24   28   27   89   73   38   74   14   59   100   72   86   53   81   27   12   59   55   25   76   82   98   92   90   79   45   78   34   33   7   67   88   17   93   69   52   80   64   22   63   11   100   9   8   93   1   45   56   78   64   45   76   6   73   71   5   9   12   51   38   28   16   73   66   94   33   83   38   40   86   31   31   30   91   89   87   31   43   
28   41   90   87   61   29   67   9   66   93   15   88   35   79   6   91   40   34   60   49   41   52   84   35   10   27   92   55   53   39   19   70   60   81   93   11   82   95   94   79   20   57   71   46   37   29   55   33   14   20   39   2   97   81   96   64   90   57   46   62   73   95   38   75   32   36   89   75   51   12   62   54   83   24   38   68   30   68   43   15   18   55   68   47   9   83   44   81   18   35   29   39   70   10   67   52   79   99   86   70   17   78   70   46   60   98   21   33   94   5   59   65   96   44   88   64   55   18   
94   20   37   40   25   24   47   55   32   20   51   61   23   89   15   29   4   87   40   95   87   5   13   80   15   44   85   53   22   99   13   12   24   55   66   89   11   16   58   41   61   83   56   83   20   61   91   66   100   41   99   0   67   97   33   44   45   77   67   56   33   69   93   4   7   12   3   5   100   43   25   96   72   50   8   64   49   73   14   9   65   37   69   35   42   16   55   6   43   20   6   85   67   55   25   20   97   52   12   41   52   39   23   87   73   23   65   67   1   62   32   44   48   25   62   100   65   44   
86   75   82   88   78   50   26   51   34   66   93   51   17   76   98   31   95   49   69   35   94   47   8   21   44   33   45   69   12   86   79   16   88   51   46   61   78   33   55   5   60   9   15   98   85   31   87   32   86   60   53   67   64   7   73   16   76   93   87   62   77   82   58   66   38   1   85   19   51   38   94   9   23   16   11   7   15   77   66   53   7   20   65   74   62   72   67   15   28   75   23   10   23   10   52   95   0   66   60   10   35   23   56   68   68   81   24   83   98   84   47   44   2   94   66   58   94   65   
77   80   81   37   55   53   41   11   36   59   100   16   41   28   71   38   59   80   44   77   31   24   4   70   85   9   68   41   4   10   79   98   62   64   45   59   61   36   42   66   18   35   95   8   40   86   82   77   26   48   88   69   17   84   78   89   99   2   30   65   72   21   87   51   28   31   56   35   61   30   0   99   76   12   2   37   3   86   56   17   27   31   83   39   64   28   16   98   87   27   83   15   59   24   77   22   19   69   73   52   54   70   62   26   37   3   0   70   58   9   71   49   4   55   92   10   37   88   
89   64   30   58   98   26   38   31   53   3   16   5   26   36   20   80   85   78   64   16   67   75   5   40   55   29   14   90   76   56   97   73   12   63   93   16   19   5   55   25   59   40   24   93   21   33   77   80   37   32   19   94   61   95   51   94   32   19   66   98   92   25   17   36   91   50   93   7   35   49   72   10   92   53   23   79   52   56   68   25   52   71   61   11   16   86   58   64   57   41   23   7   33   53   39   68   91   94   5   24   92   64   64   49   73   46   46   34   83   93   11   89   5   23   0   94   35   25   
