83  0  90  76  9  42  8  97  76  39  5  22  35  83  52  51  91  10  80  39  64  47  52  86  56  64  86  81  91  85  84  61  23  58  20  1  79  49  20  87  48  47  29  91  20  37  39  78  34  66  97  60  41  11  30  68  50  7  91  77  34  52  25  87  85  96  56  53  34  28  34  18  58  4  41  58  20  89  94  65  12  59  97  80  57  86  18  43  71  57  89  55  89  9  59  22  78  86  31  2  66  54  22  99  9  81  24  96  50  80  50  95  79  93  92  98  76  51  
95  5  74  35  76  87  75  63  56  89  4  18  79  19  21  56  48  28  64  84  71  62  22  98  28  48  52  43  100  21  77  51  52  57  3  58  39  86  99  62  57  15  18  26  29  50  43  22  7  56  77  56  81  35  84  0  19  86  33  2  12  15  32  10  37  12  61  58  13  16  33  93  0  3  42  23  43  66  74  17  4  77  81  34  8  98  81  71  5  90  57  67  61  93  27  35  93  77  19  11  38  12  6  61  42  77  2  27  73  97  99  34  91  12  28  15  14  65  
76  16  6  68  2  82  56  85  11  42  92  75  53  23  18  29  56  37  35  90  33  58  86  36  3  25  92  63  51  72  90  59  59  11  75  5  60  0  6  100  67  42  27  47  83  83  38  23  70  19  99  49  85  43  54  34  46  35  96  52  30  11  19  11  80  21  6  27  45  97  87  17  35  15  51  75  67  1  24  14  28  98  88  45  16  34  25  81  40  1  64  2  9  49  79  25  55  45  21  89  7  77  72  53  17  9  18  71  28  79  75  89  27  35  53  69  98  88  
13  10  36  18  74  84  28  89  37  43  97  48  71  41  4  29  69  67  49  69  14  59  58  5  30  50  1  77  48  2  21  28  94  14  14  86  73  74  19  49  88  48  77  80  96  34  56  32  62  56  51  89  30  79  36  64  21  75  62  28  66  46  17  80  96  11  20  79  16  73  34  74  89  60  86  68  93  60  23  83  81  38  100  41  50  30  44  57  49  51  34  45  37  45  15  52  27  19  18  47  9  27  77  27  22  98  58  46  10  24  36  88  44  85  82  25  23  54  
19  18  81  20  1  60  45  24  29  34  80  39  71  57  74  57  79  67  35  58  87  84  42  36  37  50  55  81  85  92  39  65  27  90  48  44  37  19  83  62  61  4  26  39  70  82  13  8  84  2  96  17  63  8  28  78  76  26  3  55  54  47  72  86  76  35  85  15  38  47  82  22  69  15  81  16  86  82  93  45  5  53  43  34  57  89  99  78  33  54  79  41  13  31  48  25  21  59  46  22  53  65  30  66  88  48  96  71  33  50  47  70  68  14  70  93  31  89  
61  57  92  16  30  79  64  52  22  62  83  20  17  49  15  48  80  4  92  80  95  31  78  21  31  68  69  34  44  56  29  62  48  32  69  95  12  40  93  86  75  64  22  55  80  76  24  21  28  25  36  77  46  27  65  33  87  57  46  65  63  19  36  63  6  47  51  14  61  43  42  74  18  95  46  81  46  87  75  25  36  84  30  24  64  52  45  5  18  39  5  12  77  53  10  26  19  27  66  1  27  43  70  17  18  22  93  1  35  47  14  77  11  18  64  22  20  97  
22  89  10  29  46  64  25  5  57  43  78  33  13  15  5  18  71  50  23  56  30  95  92  87  37  87  21  0  15  25  60  14  3  68  40  41  23  28  83  68  37  4  59  21  53  20  77  50  38  35  91  35  36  83  36  14  82  50  37  86  65  22  40  89  6  41  22  76  28  57  90  16  75  10  90  81  86  29  28  51  17  0  0  67  13  24  22  50  96  94  82  84  92  94  51  47  72  93  68  38  0  91  18  90  97  38  20  86  44  21  68  30  60  58  36  42  50  44  
40  53  3  64  59  26  4  31  9  31  93  7  23  37  36  83  9  23  81  91  61  24  32  35  96  67  89  79  74  1  85  68  5  32  64  33  38  86  5  7  11  78  95  30  50  58  34  89  68  23  99  63  44  50  80  93  34  62  0  28  20  44  17  23  47  0  31  13  24  65  4  70  16  45  52  49  90  15  90  71  52  72  80  81  100  37  57  41  39  14  0  41  31  17  85  61  54  50  13  14  67  26  33  79  68  11  73  8  68  2  74  60  37  29  72  79  4  0  
91  49  86  65  97  95  81  95  50  54  50  46  44  13  17  87  28  61  9  39  53  97  86  2  29  30  4  32  30  37  8  7  22  79  18  17  57  36  20  83  94  10  7  8  81  85  20  18  69  14  7  54  74  26  34  58  2  96  21  56  63  37  52  13  95  69  11  59  94  66  46  91  75  48  22  70  26  18  73  96  51  96  48  65  29  99  22  64  13  50  3  60  73  96  27  96  25  14  86  87  37  17  55  100  99  64  51  86  48  26  31  7  24  66  58  52  13  39  
60  23  58  54  49  67  92  70  11  66  93  57  17  88  24  82  28  50  24  51  41  12  85  26  91  88  76  39  77  22  16  71  53  100  73  36  72  65  24  46  8  31  37  67  78  76  53  48  63  74  94  53  90  3  38  19  76  4  42  4  65  97  6  85  81  93  28  11  39  19  45  31  39  29  30  18  38  17  12  81  100  89  29  83  20  100  93  80  42  72  90  69  15  40  9  12  83  62  64  74  7  59  53  73  73  86  28  90  8  76  99  60  77  86  10  98  31  24  
23  93  63  21  9  90  13  33  53  87  46  30  43  23  3  36  12  71  13  62  32  41  86  37  87  52  84  58  83  24  27  91  25  45  78  100  66  45  70  97  34  32  89  63  13  31  90  15  37  3  72  26  88  31  80  79  15  35  42  22  98  82  21  79  15  82  18  8  36  34  59  67  100  27  3  61  75  30  80  93  80  92  57  4  66  50  51  3  1  47  62  7  27  51  65  58  13  14  61  46  2  44  99  36  8  13  99  34  39  40  97  40  79  56  6  94  73  75  
24  14  50  32  10  32  91  0  32  27  85  35  32  32  81  8  2  48  15  34  83  85  47  35  93  81  60  56  58  93  43  14  94  0  53  10  72  84  18  25  65  26  53  89  65  53  26  62  89  37  43  79  28  86  85  22  79  60  65  61  62  69  14  9  58  50  62  80  82  50  46  94  60  67  58  33  82  78  50  25  40  60  33  55  11  57  26  66  58  41  1  76  19  83  59  82  47  78  59  15  73  49  98  12  63  74  24  58  96  8  49  27  91  56  40  26  96  89  
89  27  67  85  31  22  5  93  96  34  25  11  92  18  25  18  3  30  34  6  67  53  80  26  73  60  23  73  42  87  26  77  53  83  1  90  92  67  33  80  42  52  19  22  51  26  76  13  72  67  91  64  9  51  20  83  18  90  61  39  89  10  57  78  35  18  91  87  83  29  22  11  4  61  100  81  8  95  16  82  40  51  29  5  0  15  96  27  49  47  88  43  7  10  11  18  74  5  95  14  42  15  58  99  73  73  27  85  4  42  80  86  39  3  41  74  93  84  
26  99  52  31  29  41  88  17  93  100  37  96  81  22  55  93  58  33  89  71  43  59  53  100  58  39  73  90  79  69  56  54  82  11  74  98  53  66  95  0  3  0  99  93  55  60  17  53  59  2  3  33  78  55  60  59  23  6  35  65  26  79  37  89  31  61  76  25  20  96  67  25  91  4  47  92  47  93  25  61  83  20  79  91  38  80  95  37  27  70  56  46  31  29  32  63  59  89  16  38  41  52  46  42  42  19  93  95  86  12  95  29  28  53  93  83  32  70  
6  80  100  18  36  92  7  86  84  31  24  76  8  19  23  56  32  36  49  45  28  31  15  44  11  100  86  32  52  12  51  68  22  99  18  79  20  17  49  32  70  84  27  14  44  77  23  96  75  43  87  14  48  64  74  82  44  30  92  60  19  83  20  69  71  82  15  52  70  83  43  14  19  0  5  10  6  28  8  17  58  23  64  49  2  65  87  52  63  44  54  76  67  96  8  83  40  37  49  93  17  92  49  34  42  78  4  16  21  4  73  76  68  12  1  71  97  80  
47  51  45  55  25  12  50  71  95  98  89  73  13  88  43  34  49  60  6  0  29  10  41  88  84  44  98  4  59  27  89  69  70  86  11  54  26  95  59  57  21  27  8  93  18  40  85  28  67  35  100  69  17  23  70  10  26  16  5  46  73  8  46  13  31  70  75  26  40  4  45  45  34  5  74  35  56  88  79  32  54  36  31  11  99  56  57  54  1  32  5  23  13  48  59  45  61  92  65  96  45  23  75  24  87  20  51  18  4  77  66  97  73  27  23  43  83  98  
34  50  97  92  32  21  98  3  17  14  0  29  47  92  66  49  46  35  51  15  95  96  29  97  24  69  94  10  75  68  38  23  83  46  9  92  97  19  34  7  76  14  3  14  62  99  41  87  100  48  41  74  17  74  98  14  90  35  28  75  74  26  58  98  85  71  97  98  79  93  45  47  10  43  65  70  91  39  100  38  20  53  54  39  21  77  52  56  66  20  35  74  93  39  30  6  75  36  41  55  78  4  91  65  92  19  33  49  98  61  92  86  32  38  19  38  28  94  
67  87  63  45  86  47  96  54  42  3  69  22  100  70  12  92  71  74  8  22  59  52  29  71  35  98  88  39  40  73  92  75  28  60  74  79  58  90  45  82  33  78  14  86  6  75  66  78  86  26  59  49  77  28  75  35  1  43  71  65  55  82  31  91  52  58  41  12  55  95  18  99  15  23  68  97  26  72  62  79  70  29  55  8  98  53  47  83  29  33  30  92  48  9  82  69  42  7  42  42  20  58  98  97  69  87  28  21  79  46  30  11  80  81  17  55  45  95  
50  42  37  27  93  51  74  32  20  33  80  93  26  77  95  42  19  83  68  91  31  91  88  24  78  65  60  85  81  42  26  68  12  24  64  74  12  41  86  75  40  44  19  81  40  85  35  10  47  19  11  72  61  1  98  26  96  68  21  51  24  93  0  88  67  42  23  82  91  5  89  17  89  51  30  80  71  56  75  99  78  75  3  0  23  40  40  83  90  76  97  94  5  96  30  45  78  31  1  60  98  15  27  93  15  85  21  23  72  1  87  56  88  25  59  3  15  97  
71  49  13  2  30  2  42  80  23  30  53  34  33  31  22  37  96  16  48  73  81  89  45  99  8  61  16  37  81  54  7  30  1  92  99  22  56  9  64  20  92  80  1  28  48  82  57  11  92  93  47  78  50  18  29  61  10  54  92  73  6  52  24  50  31  64  41  58  64  27  14  55  12  89  54  61  92  52  95  40  90  43  98  19  74  79  92  63  76  90  29  46  22  64  37  66  89  45  45  23  3  33  11  0  10  1  85  97  47  89  66  88  87  43  69  91  58  42  
12  6  58  90  31  56  66  46  45  23  86  12  66  58  32  7  36  74  28  8  61  64  44  70  68  10  6  90  88  57  69  58  67  75  67  67  0  81  35  84  73  37  22  83  46  61  58  83  100  82  7  16  80  90  41  25  7  79  22  21  84  67  8  7  47  58  64  55  54  93  13  30  11  29  43  41  34  90  52  13  56  45  86  88  39  76  49  94  63  3  57  51  19  5  43  46  57  90  29  59  21  9  43  57  96  51  99  60  26  14  76  62  2  71  54  41  30  98  
66  41  41  88  10  90  2  9  50  71  19  43  16  1  84  9  30  54  88  35  40  6  35  4  91  4  89  3  28  81  78  33  63  85  32  1  46  27  20  49  97  96  45  64  100  1  16  34  21  9  87  68  38  87  88  31  74  88  27  11  33  22  70  5  19  82  97  69  60  10  65  59  37  92  97  30  52  6  3  68  8  10  84  57  34  98  17  97  44  46  23  60  10  83  86  29  27  43  42  82  22  96  30  42  61  36  86  14  37  2  3  31  19  24  60  89  68  0  
46  82  48  63  44  60  59  86  23  47  30  86  6  77  44  97  12  70  83  0  59  46  32  55  55  76  66  57  45  98  59  79  33  32  22  58  78  59  78  49  6  11  69  32  18  8  75  66  22  79  37  47  7  64  69  98  49  66  60  84  86  81  63  25  20  82  59  78  47  92  60  97  64  36  44  40  72  72  89  17  42  97  97  26  37  81  6  57  80  34  11  50  55  5  20  5  81  69  51  33  5  1  88  83  41  64  80  47  48  30  41  52  22  13  52  40  68  64  
29  89  49  67  52  89  56  57  87  100  25  68  66  70  66  5  53  56  21  21  81  37  69  45  92  7  44  58  23  70  55  73  72  67  32  71  59  44  4  27  15  35  33  83  84  69  56  73  63  11  96  37  77  77  89  68  95  97  80  77  53  8  27  38  9  18  90  58  17  64  98  99  72  39  31  48  36  95  31  76  11  59  51  5  92  23  50  23  0  3  0  23  34  19  26  21  1  31  14  24  39  83  45  55  36  13  92  21  84  37  16  72  79  12  29  68  27  40  
1  25  64  74  32  34  12  98  69  100  96  32  45  51  80  74  6  52  94  9  87  56  66  7  79  4  13  3  17  42  6  25  0  31  9  49  2  68  76  99  36  87  44  72  70  13  73  86  19  8  84  27  6  21  24  5  94  61  15  49  26  35  19  95  80  12  93  1  91  56  89  17  71  31  19  38  68  1  3  85  83  64  49  0  36  78  56  71  55  52  4  62  16  96  55  64  96  84  51  48  36  69  93  51  16  64  6  57  90  33  65  68  20  46  73  16  44  88  
60  60  55  27  2  42  86  32  2  91  79  56  87  79  15  70  17  7  1  13  21  90  26  95  85  49  46  55  96  4  77  0  10  45  97  20  60  34  34  35  41  11  77  78  64  17  87  86  94  97  50  11  88  74  66  40  79  96  26  82  96  54  37  45  67  31  3  96  15  16  80  34  58  17  20  73  84  67  50  53  61  7  28  62  71  66  3  25  26  84  61  10  72  94  57  4  71  58  52  86  59  4  10  82  29  80  8  15  93  57  77  44  45  51  51  50  25  99  
37  86  85  3  41  44  86  41  22  53  79  97  41  93  93  16  32  1  26  88  11  59  40  96  84  88  35  57  76  68  33  56  85  100  21  24  1  35  40  65  85  62  21  78  72  75  87  46  55  82  50  57  45  63  80  16  85  91  77  21  93  64  63  47  38  96  100  63  56  60  9  30  39  18  4  27  25  79  29  33  74  88  14  16  6  100  79  31  9  82  40  56  1  22  33  81  46  100  46  68  14  29  98  81  57  27  87  96  59  29  23  52  14  27  69  38  31  13  
34  65  37  7  15  19  15  12  78  50  27  30  88  76  40  51  57  99  16  39  9  9  31  46  66  58  88  54  50  26  59  52  90  75  78  51  99  44  87  68  16  82  59  56  41  6  63  40  89  73  61  41  85  55  96  90  84  74  72  88  80  65  86  84  50  29  8  84  9  38  98  9  40  55  8  22  48  62  24  38  13  71  58  83  58  22  29  24  50  45  33  91  5  73  60  55  93  98  9  67  53  20  86  52  95  32  44  85  25  72  97  51  61  3  67  92  20  78  
8  37  41  75  1  85  11  67  0  99  98  37  54  32  28  10  46  53  91  89  2  4  80  92  91  87  17  0  9  60  34  96  85  71  68  73  39  63  96  78  7  11  15  91  2  61  52  20  58  46  89  18  41  71  12  74  16  44  42  17  51  4  60  23  0  2  23  98  57  55  14  55  19  35  40  20  3  46  54  39  97  34  28  46  18  55  73  5  25  67  12  78  24  87  70  54  67  46  83  48  7  98  9  33  80  74  86  26  8  90  57  46  55  77  91  18  65  100  
41  96  3  69  62  33  74  67  14  70  64  39  43  76  53  16  83  36  81  59  20  24  88  33  35  64  43  90  66  85  7  10  68  69  54  25  98  82  81  74  53  28  60  64  81  17  54  1  60  6  69  52  68  82  85  55  46  16  96  37  10  97  27  34  96  100  67  37  93  72  93  9  55  1  43  18  34  80  86  78  38  29  34  26  82  64  63  88  72  62  2  69  16  1  57  70  38  72  97  22  42  17  2  32  35  38  19  84  67  15  71  31  11  35  5  33  80  33  
77  75  69  40  92  4  26  2  11  42  8  22  83  98  72  80  10  20  20  8  61  83  34  96  70  29  100  7  18  54  0  99  57  20  15  53  47  13  29  18  48  57  36  94  41  49  10  38  21  35  90  70  49  29  45  48  84  87  100  91  3  75  90  4  35  16  27  79  43  39  77  63  39  83  85  15  42  40  92  57  87  52  30  94  40  99  35  29  37  70  92  43  73  28  66  49  62  47  27  75  74  61  81  85  61  41  100  91  17  0  82  45  46  11  90  76  68  92  
3  4  91  5  61  17  97  47  23  2  61  16  34  40  33  34  66  94  88  46  15  50  97  55  2  79  17  74  32  45  65  75  61  43  84  44  90  99  100  22  11  22  70  58  4  45  43  57  39  71  77  69  89  73  100  84  90  53  63  16  19  50  71  12  51  73  5  29  49  90  28  53  69  27  51  10  38  68  39  100  7  17  83  74  32  30  20  83  15  4  80  53  59  46  32  75  21  35  17  49  42  2  90  2  70  31  64  36  30  96  2  82  25  63  68  30  4  96  
49  76  15  50  77  21  23  66  18  79  5  80  87  86  41  23  74  10  0  31  33  58  58  78  4  68  68  49  35  52  86  47  62  85  29  10  59  2  77  77  7  43  57  16  100  61  37  21  49  48  83  10  95  73  86  43  97  15  50  46  26  57  86  46  35  59  85  50  46  84  92  98  71  6  89  43  1  52  7  53  86  62  34  38  2  80  67  51  34  1  26  78  90  51  88  8  94  100  50  62  26  78  30  9  14  11  67  49  89  65  46  0  82  50  16  44  31  38  
47  29  60  78  18  13  39  42  93  9  65  53  28  80  9  11  97  1  36  93  83  96  0  92  68  98  48  93  91  32  33  96  11  21  3  64  99  59  95  63  70  41  5  32  19  87  71  59  24  92  46  81  97  94  33  12  50  32  11  69  0  58  17  0  1  62  31  4  38  3  27  51  17  66  43  36  78  100  30  72  9  77  89  77  6  55  7  49  99  14  39  10  61  78  49  40  31  48  1  30  81  72  90  43  24  3  65  61  62  91  88  27  39  12  0  38  85  79  
24  78  17  90  34  84  50  11  36  26  93  29  80  98  73  71  87  100  34  4  86  77  99  55  98  32  0  48  86  59  87  24  39  25  92  68  64  86  58  1  15  29  52  70  69  3  63  53  16  77  9  55  70  96  44  12  55  53  99  65  81  82  75  51  15  36  2  92  14  96  59  86  67  28  37  34  86  94  98  30  72  6  32  58  62  2  66  12  29  71  34  38  71  57  8  24  7  29  100  54  28  74  76  70  47  31  37  80  96  96  91  93  70  39  80  5  66  81  
21  46  84  97  95  7  88  47  41  56  2  97  82  45  88  86  64  1  58  10  77  73  92  85  3  88  8  73  40  78  3  66  100  12  90  59  6  46  96  83  41  65  78  65  94  43  76  37  45  60  25  7  89  7  22  34  61  1  18  87  23  41  95  87  14  56  82  88  70  55  55  67  18  37  79  7  74  19  0  1  97  4  91  25  87  72  23  45  50  5  11  81  50  34  88  89  55  9  94  54  63  68  6  31  32  37  45  29  7  79  70  43  6  4  4  61  91  68  
86  35  49  90  59  58  79  80  67  60  31  35  7  78  7  65  61  70  52  76  27  66  43  88  78  69  10  89  31  81  41  59  16  36  6  46  36  80  8  100  30  46  24  96  48  86  76  64  65  53  87  9  95  8  28  73  92  93  60  38  98  68  42  27  61  63  73  84  5  13  69  53  49  98  12  67  67  70  93  60  24  59  6  32  29  25  23  33  31  79  96  97  61  46  31  18  75  34  41  38  43  81  98  65  12  35  95  19  45  51  74  15  50  99  87  12  28  80  
98  25  20  65  22  96  69  40  25  24  33  89  75  96  52  54  40  26  94  7  93  67  30  79  84  18  53  34  91  31  84  37  93  30  39  20  75  42  1  41  78  43  52  30  14  70  28  64  15  86  4  44  17  10  99  28  95  61  71  77  77  36  76  5  66  71  53  57  53  54  22  55  61  47  33  90  72  49  83  17  8  15  69  100  38  38  62  64  42  60  5  6  32  22  44  96  98  45  1  100  55  66  35  31  54  69  12  83  69  25  75  60  95  37  5  30  18  5  
78  85  76  52  99  20  39  58  39  0  37  83  81  49  87  45  64  69  95  95  3  49  42  86  26  70  85  33  23  90  19  40  13  51  66  10  15  28  84  20  73  17  14  73  58  2  66  59  16  10  57  82  43  65  64  65  59  52  82  29  30  33  32  56  28  17  71  68  31  85  57  69  41  45  78  29  76  33  27  0  7  48  33  60  89  16  17  51  6  78  98  87  46  3  10  40  29  18  19  90  92  24  84  94  64  39  46  81  55  94  11  93  31  85  31  3  80  9  
84  34  62  85  58  73  2  59  53  90  51  6  85  31  76  94  76  90  45  56  16  86  56  52  19  38  33  87  63  95  26  36  49  17  14  73  86  94  42  55  68  64  57  56  67  5  80  42  88  10  37  83  30  98  18  39  38  68  92  97  54  13  97  56  30  44  45  13  62  83  3  54  12  46  9  61  75  70  46  53  69  68  18  100  16  78  84  68  43  72  11  49  79  20  89  95  64  16  50  65  26  44  93  95  81  31  79  99  43  76  5  10  90  40  94  83  91  98  
68  45  82  75  89  94  92  99  96  55  45  35  29  64  48  60  66  11  32  54  82  42  14  82  86  73  21  88  10  88  46  7  96  42  29  64  99  33  99  43  22  6  70  71  24  75  39  8  51  13  67  25  72  43  81  28  53  12  19  3  92  24  82  46  98  75  35  22  22  41  61  68  6  75  47  51  47  65  93  9  45  89  58  61  34  26  13  58  87  58  20  56  5  90  7  78  22  62  3  98  38  31  18  68  36  69  31  38  46  35  56  82  65  97  46  59  8  91  
54  73  88  16  84  54  79  0  78  55  6  29  48  97  69  37  75  91  31  78  31  54  3  31  29  53  12  54  59  43  44  50  75  66  7  2  37  9  54  80  76  25  87  93  69  47  95  59  3  93  42  89  100  18  67  47  99  20  81  72  92  99  49  88  29  10  43  25  10  6  14  22  86  95  56  14  96  32  15  84  15  17  72  42  79  63  5  62  73  62  21  92  90  28  67  2  81  85  30  75  21  69  93  72  61  100  5  21  36  25  17  3  43  39  46  92  26  69  
36  34  40  20  32  68  100  85  7  45  42  18  34  80  60  75  81  50  54  12  56  88  72  84  69  16  65  84  16  7  98  57  98  31  52  97  62  72  1  87  83  47  40  2  0  48  88  86  70  72  6  20  8  6  51  25  73  1  80  54  72  41  18  11  0  11  70  82  77  94  62  1  25  48  81  60  37  30  47  73  97  0  26  0  7  59  76  8  73  12  29  92  83  72  26  16  73  81  29  52  76  62  85  93  80  11  78  5  86  63  79  24  92  62  51  93  14  40  
74  62  73  49  37  75  27  76  15  69  3  14  47  83  30  59  56  84  61  92  75  5  28  99  83  29  46  23  12  89  7  48  42  47  82  55  20  7  30  52  94  24  63  25  42  31  46  15  32  26  84  19  1  15  24  58  9  72  83  98  45  40  89  14  78  84  47  5  42  65  89  62  39  9  44  75  84  23  81  16  1  7  53  4  24  44  92  100  71  92  78  54  100  9  90  17  73  61  59  55  8  44  76  54  81  48  100  53  12  23  19  73  37  8  26  19  46  20  
82  2  91  62  98  77  76  67  99  59  15  8  67  87  48  53  60  0  79  21  28  85  13  67  95  66  60  47  19  5  21  5  53  72  54  76  32  63  78  64  15  86  22  12  16  63  15  21  32  96  19  9  91  15  42  81  57  73  49  69  43  21  24  97  54  68  87  65  54  70  79  50  57  61  64  23  48  1  16  94  43  23  11  52  99  80  52  86  36  9  57  16  80  75  54  61  80  88  13  27  74  32  10  25  17  8  35  51  100  66  53  97  58  84  68  6  6  94  
62  57  16  28  22  49  0  7  80  24  33  4  61  75  14  74  84  37  57  17  64  91  75  40  29  56  21  35  81  25  21  19  32  43  89  32  82  0  0  64  46  0  9  66  13  44  76  38  11  10  67  43  28  74  15  21  48  85  12  99  5  65  11  93  25  65  9  72  38  1  17  42  19  59  66  14  57  91  28  97  13  8  89  52  23  70  66  41  27  47  4  86  48  1  38  18  60  59  99  100  26  71  11  82  83  21  71  59  92  54  55  28  33  44  97  33  19  75  
28  13  27  14  25  64  22  40  84  74  44  25  86  25  26  11  48  11  39  30  87  83  98  56  44  62  17  72  86  31  61  74  71  26  38  60  50  33  23  7  21  70  23  19  85  69  14  21  100  98  7  52  44  69  95  83  64  100  31  69  10  77  15  2  72  9  34  75  93  1  9  16  30  39  8  36  5  61  34  70  15  99  26  91  85  72  41  48  71  97  42  13  92  50  91  100  52  59  82  21  0  14  48  75  20  12  92  91  45  3  95  8  50  29  45  96  32  53  
42  67  1  3  65  43  52  16  14  73  100  75  12  64  81  81  21  64  82  33  13  43  92  45  26  76  58  62  1  97  44  7  39  13  15  7  94  3  7  81  82  17  42  62  100  42  93  83  69  92  37  4  41  88  22  25  42  95  96  79  83  66  93  75  60  62  39  11  74  96  66  94  56  66  29  49  99  60  94  76  95  78  16  51  42  95  62  49  76  62  3  15  19  29  46  85  21  0  97  33  70  92  72  81  70  90  54  39  85  99  2  25  23  92  87  79  79  84  
88  39  79  45  35  73  11  75  92  19  70  90  68  48  96  93  53  9  84  87  29  64  84  28  76  60  62  92  0  7  29  58  25  46  21  84  15  89  96  51  38  14  2  2  91  48  56  17  21  83  45  50  64  45  42  49  48  39  31  98  4  8  9  10  2  55  29  85  74  56  53  85  30  96  32  59  93  74  91  46  97  92  82  59  81  23  51  56  18  46  73  10  70  51  57  49  83  19  49  8  100  33  36  91  37  92  25  21  4  55  40  64  36  54  49  81  33  24  
62  18  55  88  39  5  9  72  48  96  38  91  22  89  25  98  51  26  49  51  7  89  9  0  45  73  62  2  75  86  88  8  68  87  93  37  74  13  13  67  0  74  4  61  61  98  88  92  45  64  31  8  14  86  61  81  73  92  85  32  82  32  82  51  60  89  63  0  69  86  7  91  72  98  3  10  11  12  70  87  92  10  37  14  24  63  62  18  36  68  1  93  62  78  30  30  14  42  15  29  94  79  45  86  69  16  24  16  94  83  24  93  38  65  25  3  100  3  
23  1  5  0  8  44  60  19  18  32  67  69  22  54  87  70  72  12  36  82  33  14  9  3  64  17  53  88  20  33  64  7  83  35  86  52  30  31  65  98  9  53  11  81  27  63  28  10  88  82  97  65  16  34  41  67  97  81  40  34  93  36  48  46  94  71  82  22  70  41  70  80  37  46  61  27  0  39  47  1  15  20  98  40  9  82  35  77  80  57  80  34  84  60  22  94  66  86  50  68  85  85  45  55  66  3  21  37  43  19  82  51  95  55  48  65  86  61  
92  1  68  83  60  21  4  95  41  40  34  49  12  11  43  41  37  78  4  97  43  64  7  55  48  52  83  72  14  36  79  98  62  55  82  51  9  68  51  29  24  10  20  14  99  73  95  48  17  60  6  57  69  39  7  29  31  46  2  42  41  13  85  8  79  58  95  57  30  56  31  37  45  92  0  17  76  22  62  49  64  88  83  83  34  97  49  94  71  85  46  80  31  67  41  84  63  65  94  89  9  29  24  16  46  74  6  90  70  50  34  27  26  39  3  47  30  71  
100  0  57  71  81  11  57  95  48  65  33  80  62  88  75  100  8  18  43  57  32  5  85  77  7  47  77  6  74  86  7  96  48  35  75  72  27  53  84  29  96  9  96  74  59  85  16  77  69  47  28  65  16  6  26  5  5  75  10  87  68  28  8  97  55  2  4  68  27  32  12  75  16  1  79  13  72  4  68  36  45  89  21  19  63  5  14  31  52  57  49  35  4  80  92  62  83  68  12  2  5  90  1  58  96  49  33  27  42  34  45  48  54  44  93  26  6  7  
67  39  47  4  83  32  7  24  83  51  44  0  86  78  67  92  92  67  77  39  33  12  18  24  51  72  80  20  39  64  26  90  1  88  90  92  43  90  48  78  33  92  68  64  89  30  71  37  77  36  92  95  12  17  2  82  44  99  28  89  19  0  15  5  1  31  97  82  40  80  56  91  49  3  87  96  5  20  43  97  72  78  71  27  16  13  79  91  97  48  38  22  6  26  11  43  72  77  15  44  80  78  51  98  92  30  94  96  41  77  38  4  59  64  89  99  3  100  
10  9  68  90  40  42  41  88  45  6  71  61  77  61  2  97  92  44  96  79  65  91  71  73  7  65  58  67  84  36  32  9  28  22  53  22  66  22  9  33  41  99  15  34  73  97  60  71  36  34  61  25  25  42  29  78  74  20  79  21  16  90  91  63  55  88  45  58  11  76  33  90  98  73  51  29  56  38  48  44  100  12  59  62  48  1  4  25  19  82  6  57  7  65  26  37  77  56  61  52  55  4  17  53  42  84  3  15  82  28  75  46  97  75  96  36  71  56  
42  39  47  27  79  2  80  91  3  19  56  99  69  82  93  2  48  62  47  34  16  13  100  27  60  7  18  98  49  44  87  5  16  19  77  57  85  67  80  45  96  29  4  0  55  80  9  25  97  89  14  3  29  16  19  4  25  89  53  43  43  4  94  87  41  78  42  46  1  27  65  29  99  65  17  30  64  24  0  21  31  47  39  44  38  5  83  62  0  42  88  34  38  100  25  65  75  43  4  68  21  51  69  55  7  89  41  19  83  39  3  44  18  51  66  69  99  72  
43  78  65  51  64  31  85  82  24  83  15  1  82  84  23  8  25  73  52  75  85  94  99  62  84  13  82  98  64  46  21  21  15  36  28  26  22  28  50  54  99  91  75  99  78  67  6  47  70  12  21  8  32  69  45  85  57  7  69  11  80  5  18  88  16  12  27  9  37  66  57  87  78  72  92  45  50  11  70  47  74  56  17  32  87  44  56  48  77  94  65  60  3  96  12  77  4  12  45  44  67  84  1  70  66  5  37  94  38  64  53  12  33  96  93  43  23  34  
5  44  35  56  77  63  31  96  51  10  47  12  41  48  44  52  17  38  18  32  59  78  53  94  55  20  3  50  90  50  6  91  26  33  55  18  74  59  27  91  63  16  42  73  93  100  15  2  30  55  21  55  84  19  40  92  10  93  70  84  87  96  83  21  24  56  70  63  85  47  79  53  62  92  43  0  2  48  40  32  98  11  15  64  1  49  67  15  24  84  34  34  37  68  90  62  38  45  61  59  24  11  57  3  62  99  50  96  73  20  5  87  35  97  87  99  51  53  
2  4  66  4  44  54  50  10  29  78  40  60  67  6  38  46  18  54  99  20  98  65  89  74  1  56  49  79  34  91  8  76  69  31  53  48  78  20  18  30  39  9  80  89  92  4  49  86  44  24  36  23  28  100  72  53  82  57  84  93  97  88  26  82  36  40  34  42  75  62  41  80  32  77  5  65  14  95  65  54  66  21  78  45  95  78  64  95  92  19  94  34  32  41  74  3  67  49  54  12  83  13  3  27  31  23  93  78  4  65  72  13  7  93  46  53  88  87  
29  87  60  19  82  92  58  90  7  10  66  99  71  15  27  8  83  74  28  43  59  89  76  78  81  14  44  39  49  70  10  50  35  70  100  82  48  83  5  56  29  55  93  33  72  95  20  48  6  87  15  0  19  72  98  60  22  58  24  26  39  89  11  28  7  55  43  69  20  93  40  69  11  59  59  75  93  32  68  87  49  7  71  25  13  74  15  52  74  70  15  15  58  34  51  23  25  33  94  64  66  64  90  58  0  45  40  89  4  77  58  1  92  48  17  80  89  5  
43  95  58  62  2  45  88  8  25  12  23  91  9  64  14  80  91  60  95  66  76  15  7  29  61  88  34  58  38  58  44  71  17  59  86  39  94  52  42  84  55  57  10  72  77  16  2  10  98  0  65  69  67  16  34  20  77  46  3  93  88  51  51  20  17  84  90  79  25  79  46  69  45  97  68  49  33  17  80  45  27  18  95  63  37  20  46  38  62  5  70  85  8  13  20  33  1  38  54  98  44  9  5  58  74  52  16  95  95  87  75  89  72  75  18  79  16  26  
79  94  68  36  77  69  66  25  60  63  50  6  71  28  54  84  53  100  10  41  41  97  45  48  11  69  38  96  35  72  2  55  68  27  6  62  25  1  32  28  53  1  67  45  99  85  82  79  73  28  96  7  72  96  21  22  85  76  53  64  68  4  0  33  46  16  80  86  64  59  14  61  40  0  9  24  15  56  43  80  83  30  23  44  9  75  53  98  62  25  63  3  50  4  37  65  45  100  20  38  53  96  22  76  87  27  57  38  11  34  36  62  100  98  31  54  93  58  
97  82  9  48  57  5  91  21  89  46  88  80  88  74  82  21  3  24  32  92  36  20  55  96  34  51  55  44  43  65  65  90  2  59  97  62  74  27  27  72  76  73  22  37  72  69  94  4  48  91  56  17  95  84  8  78  77  16  68  46  33  32  40  88  92  42  17  46  58  37  63  28  37  21  32  53  65  51  29  37  83  78  88  64  88  72  90  61  27  57  94  45  89  16  23  34  58  98  60  24  33  71  23  10  90  51  75  75  57  75  42  93  2  90  85  92  61  7  
99  21  19  76  37  1  25  52  91  91  36  13  0  17  98  98  0  66  72  55  82  71  1  27  25  14  66  44  82  95  76  100  100  41  68  43  52  52  87  69  62  59  33  13  27  55  7  86  94  76  61  42  36  34  52  44  19  38  60  56  55  23  33  51  42  82  65  36  23  7  51  91  46  85  0  55  64  69  9  33  8  41  95  68  56  88  52  69  72  66  7  37  78  86  14  100  67  68  64  21  55  7  24  71  50  53  25  39  55  25  82  19  72  59  23  8  99  67  
100  84  3  59  46  49  25  61  40  72  41  84  45  38  26  48  40  92  46  100  24  76  70  82  21  55  78  39  80  53  79  41  71  35  56  56  44  40  89  70  51  41  90  38  77  71  31  27  6  5  92  80  84  33  90  23  59  73  88  61  9  60  78  70  82  51  27  34  29  60  56  9  20  75  34  1  92  61  28  35  80  32  97  76  71  23  29  60  34  53  49  37  49  75  40  4  43  21  31  72  6  17  70  97  100  91  7  42  8  36  94  27  78  83  80  78  23  47  
45  23  92  59  4  33  100  36  35  32  3  88  40  53  0  52  93  54  98  88  84  36  59  30  53  13  21  9  18  69  17  79  23  3  43  5  2  44  23  99  5  48  84  42  89  18  80  3  13  95  12  36  92  36  51  24  7  49  73  9  74  30  69  90  38  41  24  65  4  45  50  48  21  37  82  38  58  58  11  53  70  69  74  4  78  24  4  24  38  68  98  35  55  30  33  62  63  25  63  56  21  86  89  62  52  7  25  36  29  31  96  5  25  68  96  26  44  29  
52  7  64  45  97  25  27  65  96  28  65  65  98  60  53  98  60  48  93  40  79  14  14  100  82  40  7  70  28  48  24  14  20  21  10  22  32  93  47  88  17  6  71  78  88  22  20  87  59  7  55  88  8  54  67  20  57  57  37  75  11  32  26  91  14  38  23  95  84  70  45  8  0  35  73  51  5  2  18  64  14  4  88  65  19  84  82  44  22  4  13  8  31  52  63  53  50  41  75  11  98  62  57  39  88  19  7  23  20  18  63  34  3  25  97  33  77  27  
8  56  50  46  64  61  3  24  81  47  72  16  73  95  4  23  44  39  22  19  69  19  14  88  47  60  17  81  68  0  10  55  26  19  83  98  98  38  72  88  3  48  55  51  57  14  47  49  75  83  88  16  58  16  71  44  33  60  38  94  75  72  30  33  54  31  72  90  54  36  41  88  84  74  15  84  96  84  56  84  70  28  15  12  21  67  95  23  22  100  61  3  0  0  82  35  97  47  90  34  28  92  88  11  34  31  60  25  93  32  71  27  85  73  17  0  4  47  
69  3  88  33  41  39  4  0  70  80  12  64  41  0  49  55  21  90  98  52  55  50  22  21  61  98  24  79  16  55  83  23  60  90  91  68  6  57  19  53  89  9  39  91  29  64  72  100  33  91  12  80  11  52  15  22  3  49  17  92  46  40  43  20  96  28  33  40  20  50  41  68  77  6  69  60  95  26  3  99  18  14  78  90  29  31  42  90  39  84  9  98  73  69  38  98  56  71  50  42  9  70  24  69  31  29  13  64  82  15  87  93  40  49  31  71  82  16  
20  48  53  13  4  92  71  76  5  61  80  98  52  84  96  63  99  25  54  16  53  63  90  77  47  29  16  19  87  99  15  0  37  50  54  95  89  40  50  8  94  48  0  75  18  48  80  28  5  43  3  86  39  63  32  97  53  93  14  80  77  28  84  45  54  94  19  42  16  51  85  43  8  54  72  26  15  14  17  44  76  77  11  14  96  84  9  55  56  5  3  67  39  81  59  38  95  13  14  94  76  82  71  94  11  7  82  2  29  42  58  79  47  21  85  71  91  33  
70  6  35  23  59  61  53  87  89  53  39  83  58  15  85  8  39  98  87  6  6  41  55  71  64  6  28  35  95  96  43  89  12  53  22  10  15  57  64  72  62  32  57  30  78  38  26  89  84  6  88  61  73  56  100  41  5  98  14  35  11  32  42  52  31  31  51  86  38  10  34  82  56  77  47  47  35  86  12  17  58  29  95  71  23  91  11  16  8  39  30  9  55  49  89  26  88  84  69  39  100  10  88  58  36  94  37  62  13  45  34  40  74  34  79  22  56  84  
