82  47  3  70  57  74  94  64  50  27  18  12  88  72  8  92  69  2  2  77  16  96  74  54  70  66  85  28  84  57  60  56  98  100  36  51  27  28  56  90  34  98  78  23  95  13  93  87  86  98  85  49  88  99  32  25  23  86  88  20  45  16  14  89  88  93  76  49  7  45  40  73  28  9  58  4  7  26  40  60  57  21  8  58  21  77  17  25  25  75  99  72  49  100  82  18  32  56  27  79  99  61  21  92  38  64  56  1  43  22  44  45  24  75  37  82  16  83  
47  94  46  12  20  78  41  69  39  24  96  83  1  89  81  48  4  45  62  61  60  0  6  51  18  18  81  48  90  38  7  89  4  27  58  70  46  95  73  81  5  66  69  79  54  25  33  11  18  84  32  63  63  84  8  27  40  74  10  51  33  65  75  81  49  70  91  5  59  74  89  74  29  97  26  6  27  91  21  89  16  69  59  95  37  90  22  37  55  69  30  41  54  27  33  0  29  44  4  5  56  53  61  23  43  87  9  44  89  26  47  9  75  5  33  74  65  4  
43  98  90  17  63  73  74  42  96  43  83  33  23  76  72  79  79  38  77  2  71  35  55  61  35  29  80  64  33  47  94  69  72  15  15  100  13  90  74  98  79  83  86  22  28  79  40  100  90  97  17  61  50  17  68  97  18  26  55  78  44  65  54  27  78  29  46  35  87  4  13  29  25  10  98  91  20  21  67  1  27  29  100  13  29  48  49  91  7  64  78  92  37  24  88  10  81  97  91  23  35  69  12  27  79  75  53  73  57  85  16  60  5  0  74  62  65  25  
31  93  73  85  15  63  36  50  86  10  86  12  78  74  39  81  66  17  52  85  14  72  88  73  62  28  94  25  17  57  12  86  34  11  48  94  85  88  89  26  32  11  33  49  71  38  37  11  86  21  25  92  88  100  23  64  56  36  32  4  43  68  92  58  61  9  5  47  80  95  5  50  58  55  57  81  16  47  86  76  93  41  46  70  88  25  20  34  92  60  28  83  4  0  69  67  76  92  99  58  44  92  46  56  69  51  67  41  42  32  1  48  71  49  60  36  26  78  
22  70  47  60  54  47  66  54  10  39  13  35  44  66  87  20  22  85  54  93  72  20  36  17  59  28  12  45  35  48  89  37  47  97  10  16  32  85  60  41  20  71  57  50  45  93  97  6  83  30  52  77  94  84  89  56  54  77  60  65  36  17  33  45  19  13  70  91  11  30  36  55  72  78  35  55  69  86  88  96  77  41  53  74  72  40  2  27  15  3  56  4  45  5  53  94  42  41  35  14  79  22  93  47  34  27  8  86  21  97  91  25  93  1  5  9  73  9  
42  20  48  19  35  50  33  65  84  8  43  20  71  47  52  66  100  78  41  31  54  91  85  51  97  69  28  20  61  36  55  4  55  92  90  55  49  83  22  76  39  11  15  70  58  1  84  0  22  47  97  86  85  30  60  40  25  6  72  70  94  61  19  10  66  9  19  81  73  40  14  0  44  50  0  2  76  68  84  59  30  19  92  93  43  12  69  37  24  10  44  43  14  83  24  54  67  72  46  6  12  73  5  46  100  5  73  15  76  100  99  94  33  89  47  21  58  73  
67  100  100  79  64  13  7  100  83  14  97  35  3  5  17  21  88  72  6  25  10  13  84  49  55  41  54  94  9  53  18  54  59  86  100  73  82  18  41  97  72  70  9  83  78  40  93  85  75  73  33  26  89  3  21  19  80  43  43  62  67  29  100  31  9  59  13  89  64  41  73  98  67  53  72  26  82  99  97  68  82  3  46  34  10  13  79  57  12  82  93  93  31  5  55  75  9  76  81  62  53  53  43  83  15  100  53  41  12  77  22  44  38  50  29  43  45  73  
52  39  10  52  62  70  30  37  86  34  23  11  79  42  51  37  56  21  69  80  43  27  12  45  67  13  37  66  36  50  16  1  59  51  98  37  32  92  58  25  10  97  8  24  27  75  55  97  95  90  72  14  26  38  74  95  52  64  70  81  1  55  28  24  90  69  82  38  50  65  34  7  40  51  31  46  21  33  75  52  80  81  10  73  82  18  99  50  13  35  1  99  20  94  29  15  35  56  55  86  87  5  95  57  23  60  75  3  74  57  6  79  18  56  79  87  99  30  
96  25  88  42  35  20  47  65  95  34  99  50  55  6  24  32  77  6  29  78  62  90  6  34  35  12  35  75  12  7  41  50  75  86  89  28  80  55  89  0  36  66  69  81  67  89  19  7  42  39  61  21  51  6  34  46  89  83  78  98  46  13  29  93  29  82  94  27  69  24  71  52  39  94  35  56  52  94  38  85  82  21  16  17  8  75  69  58  57  7  53  73  86  63  26  96  95  75  36  54  62  64  40  88  97  87  67  64  89  3  97  54  1  29  35  40  73  11  
51  32  5  82  82  80  7  89  23  22  86  78  64  22  40  34  8  28  5  64  46  35  38  65  7  51  21  52  55  61  78  87  87  89  33  23  78  54  12  87  71  59  38  43  78  77  87  47  96  99  33  63  88  3  44  11  36  85  81  68  36  23  43  56  35  36  3  93  37  83  90  19  9  51  94  82  44  56  94  68  64  87  13  5  30  61  100  48  80  30  17  53  5  18  83  13  62  36  46  43  63  79  96  85  19  18  82  59  15  3  22  66  79  60  17  14  60  69  
38  34  89  30  14  83  13  64  90  67  31  40  61  91  6  79  75  61  7  0  34  94  66  52  39  75  1  47  88  63  25  49  77  36  84  0  0  80  28  10  35  59  15  73  97  85  65  72  5  46  79  14  53  100  39  85  35  25  16  45  44  69  6  83  81  16  73  94  75  15  10  14  73  86  2  70  15  5  92  90  62  94  100  91  51  1  89  60  48  71  44  36  33  60  83  77  48  58  37  97  36  57  76  95  49  53  60  25  9  90  11  52  16  3  22  77  64  4  
87  100  71  24  100  74  90  91  75  41  73  15  91  66  40  25  77  11  36  63  7  28  90  41  63  88  24  31  74  61  74  58  22  36  81  42  18  38  65  52  82  58  15  10  18  8  71  60  15  61  46  93  79  88  80  76  63  7  67  70  48  26  87  38  82  75  33  23  77  52  63  71  57  12  35  22  100  71  82  94  44  21  33  86  44  70  80  59  51  96  14  14  99  82  14  51  64  9  81  49  30  100  36  21  85  39  28  47  31  84  21  68  49  86  75  33  69  23  
37  92  75  4  88  13  33  1  40  43  76  57  21  51  42  56  2  53  96  64  67  6  8  16  80  62  35  8  30  67  47  87  3  51  98  99  92  68  21  55  77  97  16  90  34  87  33  66  68  55  85  47  77  69  40  67  42  55  44  23  34  49  88  99  86  44  90  53  44  9  99  77  64  20  24  72  27  42  26  74  45  13  53  86  14  55  16  13  75  50  25  42  58  52  37  55  54  17  58  59  48  51  29  100  80  45  2  82  5  2  79  71  54  23  37  81  79  26  
71  5  14  47  27  90  97  81  85  36  6  38  49  84  74  0  62  81  52  83  41  32  30  62  52  14  87  26  48  66  59  29  64  49  4  6  3  66  69  5  100  1  53  55  56  41  30  25  66  10  35  86  28  97  15  8  46  44  55  41  29  61  49  20  21  82  59  48  19  88  60  57  74  84  37  98  87  96  83  38  25  18  70  47  90  40  34  77  88  76  57  85  47  49  50  74  90  86  16  98  47  93  83  44  72  72  29  12  97  5  9  97  6  93  64  11  70  64  
2  30  74  81  15  37  32  98  70  100  12  10  83  1  46  20  70  6  100  93  59  38  19  25  77  76  92  82  36  40  34  45  80  14  1  23  75  26  93  94  77  75  34  23  41  96  81  78  71  15  97  39  13  72  52  50  7  92  27  73  32  100  1  87  46  87  56  20  97  9  48  29  53  66  53  86  93  34  14  14  16  60  65  31  66  99  19  0  25  77  68  9  7  3  55  31  68  4  27  5  35  37  47  65  49  5  70  78  61  52  54  99  58  39  82  56  3  16  
39  33  99  43  45  95  94  97  21  63  81  24  49  66  29  97  81  27  64  86  84  95  20  32  99  93  11  11  59  60  29  74  61  83  47  69  5  61  33  3  38  81  29  49  65  11  50  68  81  62  59  21  50  35  2  37  19  23  45  34  0  74  92  70  2  75  63  93  9  43  48  6  48  24  13  86  5  75  60  66  66  58  56  65  1  69  87  77  35  38  95  6  55  0  49  5  29  93  4  77  99  86  55  4  6  91  86  45  80  33  48  88  54  45  87  92  14  24  
99  76  4  19  50  94  51  24  88  56  2  82  58  61  54  0  39  57  68  9  71  1  6  45  99  90  50  23  82  59  31  39  96  7  3  80  95  59  30  52  8  84  78  44  54  53  27  9  83  15  33  76  55  44  27  4  97  5  79  77  95  80  22  82  36  83  24  100  73  36  99  46  4  23  19  59  9  55  6  81  73  82  44  94  68  12  47  54  42  62  50  84  18  50  61  92  79  32  17  97  29  27  64  73  14  40  32  44  32  45  43  27  52  30  72  20  47  88  
10  8  23  59  34  7  39  87  28  53  8  36  25  20  69  77  45  11  65  64  8  27  79  56  70  57  60  89  87  100  26  30  52  89  0  95  39  69  52  5  59  95  74  60  53  16  45  59  76  96  29  48  30  98  90  66  43  2  92  95  70  84  29  80  55  32  96  24  47  59  7  39  56  87  37  100  92  45  21  39  24  18  53  45  4  20  63  88  17  52  93  29  4  32  27  45  94  68  0  85  0  72  29  13  21  48  98  67  89  21  44  53  89  8  68  94  37  33  
6  92  87  76  64  63  26  28  76  92  10  24  84  98  1  21  3  28  21  54  39  45  60  25  12  41  34  69  30  54  63  88  68  35  19  38  61  19  69  81  22  34  100  22  15  80  64  59  16  71  65  40  92  4  17  81  98  65  34  71  100  63  63  3  85  64  76  83  10  34  38  57  44  83  7  88  29  80  80  51  85  67  19  48  31  31  72  49  21  77  66  30  18  62  4  38  15  96  14  68  38  55  77  43  81  62  99  32  75  47  32  9  56  13  16  85  52  11  
96  12  22  63  84  36  23  53  27  31  8  49  44  30  84  36  88  53  2  52  91  98  71  55  80  61  81  50  86  97  75  16  52  28  90  27  52  67  99  67  74  47  14  16  2  6  28  70  64  48  81  49  95  47  32  78  89  69  75  30  65  51  84  32  30  31  74  37  55  49  36  3  58  50  23  72  79  22  77  56  20  35  25  17  44  26  91  92  44  9  2  83  4  68  3  29  8  99  72  96  64  87  96  53  32  64  6  91  15  83  57  78  43  48  50  12  89  9  
39  44  95  47  48  54  83  62  83  50  86  100  2  50  17  53  44  14  69  74  99  91  61  76  98  53  10  6  99  91  14  98  61  9  59  39  3  45  79  79  82  56  4  34  30  80  47  79  77  57  14  58  23  36  73  37  19  6  55  66  51  74  0  17  80  75  33  49  71  54  88  62  98  62  58  95  92  65  75  42  42  98  19  3  22  39  47  1  10  68  8  53  49  49  62  50  88  11  77  35  55  55  79  52  88  84  13  20  32  32  40  86  39  46  62  49  89  78  
97  20  79  97  69  99  52  20  42  27  79  31  6  36  84  23  95  61  27  45  7  35  98  61  98  31  55  72  85  81  40  74  60  19  29  52  77  90  54  65  40  41  21  36  21  78  12  66  39  26  45  87  58  56  97  63  45  12  51  88  47  34  18  53  79  41  55  14  82  75  39  25  66  2  73  13  29  50  82  31  36  76  90  20  74  95  4  39  77  44  18  77  45  61  2  31  44  32  59  29  99  44  55  80  67  26  33  57  26  60  81  67  26  70  78  3  9  0  
94  11  14  84  59  91  83  41  73  12  48  19  79  16  17  4  72  14  82  18  26  38  55  49  69  49  86  1  56  43  39  95  85  8  4  58  26  38  22  29  62  77  73  12  98  96  71  35  1  23  59  24  9  37  31  34  47  47  4  56  93  18  18  3  43  39  64  81  5  58  70  18  34  39  86  85  71  6  87  67  83  43  21  68  50  16  92  68  42  89  11  56  31  97  30  36  73  14  5  5  89  5  67  15  21  1  54  76  65  35  11  88  0  38  69  82  9  58  
45  12  20  3  53  30  23  96  2  49  58  73  67  36  20  70  77  56  48  62  39  27  0  75  40  48  26  64  39  92  84  17  33  44  85  95  42  12  80  0  81  83  73  2  65  82  28  86  32  6  100  94  50  89  44  22  28  92  46  61  24  7  43  74  37  21  89  85  59  8  51  72  75  17  35  5  18  41  3  42  59  9  8  90  52  88  16  30  76  54  64  25  55  93  58  45  6  36  3  18  0  83  100  89  46  1  63  90  10  77  86  9  86  95  4  34  33  69  
86  45  76  42  43  21  7  43  22  77  52  99  68  21  24  3  56  10  5  4  49  48  70  27  36  27  53  70  25  68  89  41  32  65  91  25  90  75  36  97  32  16  67  96  98  36  47  59  30  10  26  75  53  85  9  8  95  97  3  5  57  39  91  73  93  73  93  50  100  57  29  11  12  41  41  42  75  7  85  55  69  45  12  50  74  11  13  78  58  25  65  48  31  26  3  46  54  67  0  17  58  55  74  81  84  98  39  7  40  22  82  97  33  52  21  100  61  84  
0  55  47  80  70  89  19  28  19  78  33  87  68  75  96  96  47  43  42  10  55  16  42  90  13  73  28  7  43  97  86  69  38  59  84  67  45  75  31  51  28  99  45  9  20  55  45  96  34  38  68  6  18  16  87  35  77  32  79  19  20  13  55  7  99  40  78  31  25  13  95  85  62  60  71  55  15  85  32  96  22  51  47  87  91  40  64  4  66  74  66  48  53  10  41  33  85  70  12  57  28  84  57  23  85  58  59  1  52  96  95  34  30  29  26  24  9  6  
12  94  15  7  1  90  8  6  84  34  38  64  77  31  16  52  65  26  9  13  13  7  100  63  51  56  80  69  30  63  85  34  59  17  88  13  34  25  57  91  63  31  64  79  25  83  82  37  80  24  75  44  37  30  77  22  70  19  22  68  29  2  11  10  8  30  75  65  68  9  40  99  22  78  23  65  10  5  55  43  52  65  46  9  6  13  15  24  12  16  37  19  96  3  51  91  52  95  87  55  35  78  94  18  55  17  72  40  62  90  42  62  23  33  25  49  23  8  
67  42  87  80  4  71  44  90  25  93  97  87  97  33  43  87  51  34  4  73  44  12  36  17  13  27  21  73  41  66  25  58  59  89  33  46  65  26  70  37  62  82  7  41  15  34  42  0  89  32  58  17  10  31  88  71  1  51  100  24  29  81  80  17  98  28  46  83  58  78  26  60  46  47  89  67  49  20  66  45  11  33  64  13  63  30  97  76  74  31  90  28  0  100  81  34  3  97  46  40  87  30  38  58  64  49  96  100  33  25  15  36  13  16  97  98  32  62  
80  62  9  68  69  11  54  24  97  88  85  12  88  10  52  46  30  66  21  80  81  62  23  58  48  19  75  27  49  51  26  43  92  61  98  75  50  74  59  29  9  81  2  35  11  27  80  90  8  22  49  41  7  12  69  40  20  40  10  45  42  15  51  90  96  79  96  33  51  100  38  52  38  17  87  69  74  70  29  69  92  6  9  52  74  71  81  98  85  10  20  16  94  46  63  0  38  61  32  74  37  20  25  63  82  24  91  82  52  50  34  42  70  22  74  53  69  34  
81  28  61  47  12  39  68  19  32  39  69  45  70  89  19  23  74  34  59  50  17  82  26  87  21  33  24  62  17  100  64  80  36  2  31  23  39  46  51  39  3  16  95  64  53  92  10  75  2  86  72  58  84  63  87  78  28  37  49  20  37  86  82  13  38  99  13  93  50  27  72  0  89  25  57  30  56  0  86  81  56  25  59  13  81  61  52  30  10  10  68  30  66  64  81  66  93  38  24  7  56  53  4  7  20  9  17  34  74  86  6  83  59  42  60  37  72  71  
86  80  37  2  76  7  83  9  65  53  22  52  92  42  18  63  5  0  99  58  0  6  42  65  78  76  68  66  60  3  54  43  87  21  80  39  28  25  19  39  56  0  13  0  77  2  47  13  20  86  23  36  4  77  30  36  14  63  0  87  23  49  39  22  33  34  99  18  22  82  50  100  0  93  87  49  66  26  26  8  91  37  18  38  23  24  30  14  65  55  88  46  39  4  92  1  43  71  15  65  69  57  33  73  39  97  100  71  78  31  12  79  12  6  100  13  49  39  
57  13  92  32  33  27  36  6  0  43  49  93  55  72  11  72  31  20  70  16  16  91  8  30  89  90  44  85  7  12  89  64  43  22  43  95  62  94  23  40  88  65  37  99  20  18  93  53  1  2  40  61  80  22  72  23  74  17  48  30  86  51  85  74  14  93  90  74  69  1  15  60  86  69  81  85  8  81  97  66  44  10  36  2  59  85  95  49  30  53  84  99  78  47  28  54  69  63  31  48  26  12  24  40  56  80  59  80  18  26  19  32  43  22  65  90  66  77  
100  12  17  73  83  20  94  64  39  29  26  17  2  82  47  92  27  76  7  60  99  33  27  49  66  25  21  40  61  36  13  61  85  89  76  96  61  17  7  31  46  66  67  39  19  79  41  78  43  35  44  1  91  59  28  0  33  27  27  5  20  10  20  67  8  77  46  77  20  14  18  17  22  62  44  10  53  39  46  97  78  38  68  66  76  65  75  86  70  37  34  67  70  41  53  27  6  93  52  27  82  94  37  86  42  16  1  9  15  76  30  17  38  82  28  100  41  73  
6  95  19  9  67  83  63  52  73  37  60  95  65  36  61  62  22  18  31  43  51  13  58  59  97  85  87  40  80  14  75  64  3  76  39  92  25  98  78  70  33  31  31  5  66  99  65  8  52  100  80  8  62  98  49  85  57  16  79  38  67  77  52  30  36  46  2  93  47  58  11  78  69  57  31  52  80  56  17  89  51  76  94  75  2  1  68  48  52  60  23  52  98  64  97  44  79  55  43  46  50  32  66  83  98  76  43  24  74  63  75  79  100  77  7  33  55  32  
95  59  3  3  26  59  2  74  84  47  91  43  0  43  46  26  46  68  16  59  46  84  56  89  24  28  66  9  45  17  63  0  49  44  21  25  14  26  79  35  80  99  74  93  73  33  59  33  77  1  2  93  36  39  53  30  12  30  60  53  70  26  43  28  38  69  35  95  18  19  93  76  77  48  39  81  82  58  30  31  77  18  15  79  69  27  31  18  78  62  81  22  83  63  53  39  4  1  61  26  23  35  58  17  98  79  74  44  87  45  6  37  59  20  22  61  86  58  
87  32  46  5  49  46  31  82  91  41  22  82  86  55  58  84  73  44  1  92  65  48  84  62  33  0  100  45  21  70  100  42  1  94  70  87  14  39  80  93  79  35  2  2  35  64  83  59  30  60  13  50  55  100  31  1  42  13  52  95  37  53  79  61  33  24  73  72  21  98  44  72  89  93  56  44  57  9  74  31  37  100  32  10  9  40  86  30  14  8  79  75  45  66  32  12  86  99  43  68  1  5  69  19  20  5  3  10  28  59  7  66  56  77  42  78  19  9  
19  63  96  17  74  49  61  44  59  39  54  73  8  22  96  67  90  11  54  1  42  54  76  58  42  86  98  34  77  66  9  64  79  14  72  3  10  64  4  49  25  46  86  80  81  47  92  89  70  86  66  74  95  32  24  96  74  76  63  87  35  76  100  75  69  70  82  33  60  9  23  86  0  15  79  50  81  18  81  11  59  37  59  77  74  6  99  41  27  65  75  21  98  0  2  10  94  79  38  57  25  25  33  67  4  22  76  67  98  69  68  64  63  28  23  5  57  48  
79  82  69  87  48  27  93  38  51  68  68  99  36  86  5  93  21  43  74  58  17  53  0  63  0  78  0  37  51  22  6  18  35  30  67  23  25  11  10  81  19  18  23  33  44  33  81  94  92  99  59  43  7  17  49  88  79  23  50  27  55  70  32  68  74  37  34  3  19  31  76  7  21  65  37  83  9  90  25  45  2  18  16  28  41  27  47  83  29  80  8  71  11  28  9  17  12  33  99  71  48  89  50  96  21  22  82  49  53  56  53  99  71  69  54  70  78  1  
98  14  99  55  41  56  80  89  89  5  87  48  62  42  35  91  42  56  96  54  1  32  30  65  6  83  84  0  90  28  95  57  31  82  54  62  93  37  23  13  12  32  49  78  93  53  12  93  35  1  35  0  14  60  45  32  88  32  47  24  82  61  76  99  56  8  45  15  22  72  74  75  73  45  88  17  87  71  57  18  9  6  91  69  44  24  86  74  46  36  60  8  42  11  57  55  8  1  61  98  79  70  71  50  76  37  25  14  67  40  66  67  19  100  35  100  5  70  
8  55  30  6  62  96  16  81  31  77  8  7  64  9  91  96  60  21  70  4  7  47  92  24  45  27  10  35  17  84  78  8  30  60  75  82  80  0  11  24  83  87  45  61  41  4  35  49  68  28  9  12  60  100  47  45  63  99  91  45  54  59  100  10  92  73  80  20  91  67  85  49  98  97  14  68  87  93  52  26  94  11  24  1  57  90  5  16  1  49  17  28  44  45  77  58  93  57  67  30  80  43  26  96  74  9  8  16  29  63  25  40  62  16  53  16  77  72  
64  15  61  14  29  19  72  82  0  33  90  67  36  5  34  53  33  77  22  3  46  38  12  19  50  58  50  56  97  35  82  38  84  61  28  48  13  90  33  50  30  57  59  62  11  62  43  36  66  28  92  60  4  91  4  93  33  90  43  38  66  69  39  31  4  86  12  31  33  76  90  47  12  13  36  84  78  6  25  30  99  34  90  84  37  67  73  53  26  86  7  33  32  53  39  84  65  4  77  72  5  37  21  29  61  61  69  89  33  67  34  59  61  46  21  80  77  33  
79  99  84  0  36  87  15  57  38  47  37  2  19  6  24  15  20  74  98  100  78  51  83  57  66  7  66  19  91  70  11  64  50  63  80  56  20  1  52  82  85  0  46  39  60  26  88  97  27  47  28  92  35  22  96  62  90  74  48  90  82  33  85  89  56  2  14  52  0  78  22  76  26  100  88  65  58  95  57  42  14  7  38  41  16  71  11  27  29  58  96  37  83  38  1  66  83  0  11  85  50  9  15  41  57  84  41  93  22  71  74  30  86  10  88  35  59  77  
46  48  25  8  37  57  70  82  72  44  52  30  51  67  6  55  71  38  24  41  30  89  29  65  4  23  90  84  58  48  3  32  55  13  52  77  100  3  67  33  70  54  61  90  95  42  7  94  23  93  40  62  67  87  93  90  51  22  89  68  51  22  57  58  87  68  74  37  53  55  88  24  21  2  38  8  25  98  91  53  39  38  1  87  38  37  21  17  58  66  8  35  94  9  2  50  13  49  78  85  73  68  67  89  83  77  51  88  2  46  76  10  20  45  42  64  1  66  
34  8  99  91  47  31  42  58  36  47  17  72  84  62  49  42  36  93  83  27  36  58  98  91  1  15  19  87  82  33  44  7  61  71  7  45  24  70  37  6  84  41  50  60  48  98  57  23  0  53  80  71  7  78  36  18  99  2  13  32  38  10  33  86  75  50  99  16  17  58  21  84  13  27  60  14  41  79  32  94  57  71  82  49  6  9  51  15  90  39  33  33  86  100  46  60  42  49  31  20  15  56  25  17  31  28  35  34  19  24  3  61  66  68  76  47  100  70  
7  80  1  67  77  76  60  31  21  27  44  47  75  93  57  31  79  28  46  7  53  92  5  34  71  75  36  93  21  30  59  72  1  67  25  21  57  51  32  30  20  47  58  42  85  79  15  14  36  81  16  23  82  68  1  9  92  5  99  54  89  53  27  26  48  12  40  59  61  52  80  13  3  97  33  46  91  84  77  87  42  75  82  62  66  6  17  13  53  91  84  43  25  54  65  67  87  49  86  90  74  40  71  37  70  35  44  33  100  15  60  54  18  68  46  56  83  92  
59  59  82  86  67  53  50  96  34  40  65  46  100  51  86  22  95  3  18  90  9  38  94  53  80  69  8  39  29  11  35  57  11  80  48  29  90  34  85  76  13  28  28  22  56  54  94  84  50  40  91  29  16  86  52  64  47  50  2  10  89  6  99  32  30  96  39  19  6  49  86  0  11  6  91  32  4  4  26  13  84  31  1  70  79  15  95  33  35  8  34  93  92  73  46  30  67  40  42  23  66  54  43  53  7  72  28  17  92  33  77  54  90  3  95  93  57  56  
10  29  19  4  41  60  99  3  66  97  13  87  79  69  12  46  13  13  51  5  74  82  29  85  60  5  50  100  17  90  96  88  83  26  19  38  56  60  30  1  8  3  38  29  90  18  72  21  39  11  53  28  3  8  25  96  58  27  24  62  72  85  98  98  21  97  55  73  79  96  15  49  24  0  34  17  77  71  39  49  22  83  90  67  57  2  75  82  87  9  69  65  34  21  24  72  40  98  60  42  48  65  81  20  68  30  51  79  9  53  85  49  88  68  72  52  14  38  
61  35  33  90  21  95  34  67  26  43  31  76  68  44  73  30  20  82  65  58  56  69  99  69  39  21  51  16  84  41  45  63  14  91  43  49  95  73  3  47  74  57  19  37  1  11  1  3  97  60  94  87  88  13  69  89  96  45  10  75  25  68  88  4  94  73  83  39  38  61  77  23  98  4  38  95  31  75  76  74  3  63  82  46  1  52  29  74  52  7  78  8  35  48  47  50  38  52  60  54  35  33  76  42  33  14  63  47  2  41  25  99  36  72  39  88  77  59  
10  74  100  34  46  22  82  84  20  89  73  21  55  66  64  43  77  11  19  70  47  11  1  38  68  63  17  48  11  57  62  41  58  99  50  37  66  64  81  11  31  19  63  38  99  29  72  36  69  10  83  55  94  64  22  92  55  81  65  30  60  11  59  79  34  22  54  4  80  16  90  81  90  3  23  21  80  19  57  92  5  53  27  10  19  78  40  52  40  15  84  46  10  22  80  17  84  78  4  4  12  69  86  6  90  74  93  74  70  29  9  85  66  61  80  100  24  30  
51  41  50  23  98  8  83  54  92  73  88  28  25  71  88  46  81  80  47  41  8  60  16  68  31  93  84  38  75  60  34  76  87  71  21  10  24  83  71  17  47  0  93  56  82  80  12  52  61  63  50  94  35  64  91  72  67  37  15  73  54  25  88  39  30  78  15  38  68  94  77  12  34  68  99  3  97  21  78  1  93  64  63  1  50  52  97  84  69  30  67  70  54  7  80  38  96  28  75  83  41  39  22  73  35  51  45  24  25  89  48  7  86  35  34  83  61  49  
95  16  67  53  32  71  83  51  9  10  96  74  57  82  63  41  91  82  14  85  34  11  72  76  52  26  48  79  0  47  37  40  77  33  37  90  0  17  83  77  17  72  32  86  88  94  2  96  29  24  15  13  58  95  5  1  94  16  98  75  76  100  52  67  5  13  77  54  70  43  45  5  96  15  28  11  98  64  26  61  13  56  1  47  92  93  89  25  49  44  26  79  42  1  78  70  75  86  12  85  63  72  86  96  40  86  88  38  59  93  75  56  58  93  64  46  2  1  
64  1  60  30  73  1  97  59  72  36  65  30  61  84  27  56  49  46  76  24  50  33  20  80  100  70  88  60  18  76  29  75  90  5  49  50  77  84  97  48  79  65  48  59  97  49  25  57  84  24  85  61  69  34  41  19  86  36  19  85  8  59  41  33  43  58  90  28  16  56  19  25  51  11  31  81  98  6  35  64  88  24  55  10  69  7  87  3  85  21  66  79  58  5  54  86  5  71  27  58  24  61  29  87  82  70  8  46  90  65  60  79  68  31  10  47  96  61  
62  44  69  5  36  44  36  93  99  71  29  28  20  19  70  82  12  1  41  57  2  34  72  21  55  16  73  77  60  45  96  57  42  85  28  73  77  50  47  9  4  97  38  4  65  33  38  3  47  32  94  7  0  42  68  94  48  22  57  94  63  79  49  2  48  71  22  37  80  34  93  45  10  23  57  98  66  1  62  69  18  9  0  25  6  2  39  28  97  79  86  17  84  92  12  10  12  55  86  61  90  42  56  58  1  17  77  52  36  52  1  97  40  32  88  34  24  86  
55  63  3  37  14  52  79  51  85  33  58  68  9  71  29  9  31  41  19  63  71  49  22  17  20  77  68  29  21  51  5  2  33  57  16  54  27  16  96  97  8  82  60  50  98  47  52  92  36  68  45  39  73  13  11  41  14  10  83  0  83  15  20  87  36  48  99  64  82  16  13  0  59  60  84  53  8  14  8  23  56  54  13  7  33  59  71  7  26  84  90  45  61  91  15  68  12  15  44  27  44  24  41  66  31  0  24  52  29  11  0  73  11  69  77  40  80  76  
5  7  42  11  41  84  68  56  35  77  92  69  52  60  96  88  26  82  79  86  57  68  3  52  15  1  41  17  84  49  65  21  12  70  17  8  38  51  85  38  10  7  38  28  99  48  15  80  77  77  21  49  38  47  41  87  47  64  68  39  5  74  22  66  21  8  45  9  41  67  23  54  83  12  78  39  60  74  33  14  72  92  3  62  42  55  53  12  68  85  8  96  33  11  90  69  67  15  88  21  56  34  86  38  52  46  100  34  83  86  83  89  42  3  82  64  31  29  
7  0  80  6  92  92  90  30  66  83  86  62  57  94  10  35  58  56  89  21  37  79  28  36  0  68  11  24  76  87  77  89  80  18  42  37  12  14  25  19  87  47  98  14  95  32  61  42  95  59  48  46  7  57  86  42  44  100  15  12  20  67  34  53  86  65  84  78  23  31  90  79  68  63  21  42  92  16  6  23  42  62  72  0  40  14  69  15  9  66  47  64  87  16  20  23  40  0  32  32  90  50  0  33  21  58  47  37  67  70  4  84  47  98  63  72  86  85  
72  63  21  15  49  50  73  85  75  51  36  4  52  31  65  80  15  92  50  1  35  11  2  98  86  9  96  62  86  65  68  32  80  30  68  91  9  26  4  31  88  12  28  37  55  27  53  5  17  91  54  77  19  58  92  100  51  18  34  29  25  62  68  92  82  76  22  69  77  48  96  57  87  56  93  15  30  33  71  33  4  15  57  62  24  85  18  59  79  24  9  57  31  31  45  94  73  47  66  63  3  14  29  2  94  67  45  6  27  6  9  7  40  68  100  90  5  8  
13  34  40  30  100  35  57  37  69  8  40  40  32  38  90  99  48  15  91  36  43  39  10  31  81  71  81  14  83  34  72  30  95  11  86  30  21  18  33  53  56  36  73  15  29  36  45  6  77  5  31  29  28  51  86  54  31  75  8  83  28  9  58  21  20  32  28  14  32  42  27  56  44  67  42  8  67  63  99  81  59  57  29  46  13  7  64  66  30  61  87  35  86  43  3  99  62  100  47  53  52  9  64  32  100  67  8  3  41  22  80  65  48  55  65  66  87  6  
57  11  36  13  79  45  80  2  89  6  69  76  30  58  99  68  84  75  17  70  66  40  46  56  72  100  35  71  13  97  76  72  19  44  22  81  73  99  33  59  86  53  78  67  89  38  53  65  17  82  64  32  59  50  65  98  77  30  32  43  95  25  70  0  56  76  31  22  76  96  8  18  46  9  61  0  23  20  45  78  62  81  97  51  87  47  81  11  25  65  53  47  40  63  16  27  31  15  22  53  7  55  99  48  51  53  27  44  83  100  86  93  28  55  44  54  74  68  
74  95  43  15  31  5  77  92  79  55  91  10  85  63  53  84  97  56  56  64  15  94  99  76  94  63  50  22  99  10  44  80  32  28  62  74  99  77  37  100  46  81  30  36  38  54  59  1  20  34  76  5  25  78  16  52  24  77  49  0  94  25  53  88  46  11  69  87  70  35  78  27  85  37  40  26  6  0  4  41  24  67  77  91  34  42  52  58  43  16  54  35  91  53  69  90  11  36  51  27  20  9  76  46  71  22  56  92  0  71  86  40  71  50  21  75  21  38  
86  87  16  31  32  80  52  30  24  67  80  69  68  64  11  17  51  82  6  43  54  45  17  35  85  42  7  61  62  32  79  29  34  6  0  12  83  27  23  30  46  59  4  57  70  75  70  73  23  86  84  72  4  4  32  48  23  96  32  35  38  54  94  5  23  46  89  0  7  35  59  67  28  93  13  76  65  1  40  93  28  30  8  97  68  59  77  11  48  63  19  61  3  0  55  31  9  86  46  41  59  73  17  95  98  86  23  63  67  46  70  23  2  70  5  58  4  8  
65  86  8  5  40  42  52  25  37  56  73  53  97  58  90  52  15  75  43  96  100  83  60  87  11  7  82  10  34  68  89  52  91  73  6  69  32  55  38  60  6  81  10  43  61  24  16  37  9  77  72  80  47  42  85  57  2  11  53  7  60  20  58  87  33  12  47  76  11  62  97  97  40  20  38  44  50  89  84  44  87  4  53  100  77  66  99  22  33  5  99  46  73  50  1  11  16  45  99  87  56  5  32  78  53  67  85  26  6  70  62  78  19  62  95  76  78  71  
52  78  23  18  54  72  58  94  89  9  95  35  6  72  77  73  76  41  79  59  11  100  27  24  32  33  88  65  49  35  43  90  54  41  42  8  94  100  48  75  98  64  1  84  7  18  1  15  18  17  21  7  3  94  22  61  51  16  34  30  21  48  88  73  56  83  89  43  66  79  39  16  19  16  91  87  53  81  87  3  32  48  94  24  46  63  43  88  95  14  69  5  5  30  74  66  63  69  38  75  42  55  72  43  98  53  87  37  65  55  41  62  41  37  89  39  4  41  
44  82  31  37  5  10  100  62  73  60  51  40  78  63  7  33  83  53  47  97  89  43  69  72  11  55  39  9  97  88  86  71  61  77  52  39  62  42  72  36  74  16  43  93  43  82  65  32  84  68  31  71  81  27  47  4  11  33  100  24  96  93  1  2  28  63  95  9  66  33  76  83  98  85  43  33  4  69  18  22  18  10  61  23  74  90  59  35  89  58  8  14  21  43  78  29  8  59  22  15  72  63  13  20  26  29  98  94  90  86  33  87  93  14  55  97  9  31  
31  59  59  56  91  72  1  84  83  16  79  76  57  87  12  7  87  19  5  42  43  50  37  55  11  6  12  27  97  45  89  49  2  79  0  95  18  94  4  65  68  94  48  41  52  16  47  100  83  83  57  75  28  92  89  25  39  29  92  12  85  44  42  60  39  7  11  88  45  31  51  78  25  70  52  92  11  34  36  37  86  10  52  78  81  94  81  40  10  54  80  45  87  85  50  67  82  94  65  13  60  49  63  97  0  41  66  21  21  80  92  60  32  2  33  32  81  9  
50  54  45  68  45  4  84  75  50  17  77  86  17  2  64  69  20  6  36  43  92  90  31  19  23  23  75  50  24  89  87  1  38  39  12  75  57  79  43  0  38  42  63  0  10  36  100  94  31  13  54  59  72  47  50  61  23  33  74  62  1  96  50  28  48  63  13  19  81  42  39  30  63  79  34  20  36  58  76  20  82  79  35  97  49  60  84  99  7  10  90  47  11  82  81  85  73  22  98  96  33  72  40  30  79  48  66  15  97  77  63  79  19  64  66  47  47  68  
53  17  89  71  47  27  64  44  76  30  8  62  52  87  72  17  80  56  71  35  99  34  48  67  69  64  11  75  90  17  37  47  0  22  91  9  27  70  30  68  4  12  100  77  48  40  19  11  10  31  66  67  80  65  59  67  1  76  57  76  28  51  9  91  97  67  20  2  24  26  5  66  88  90  64  71  30  94  39  69  96  62  59  8  45  13  27  90  66  48  41  5  22  0  12  15  92  2  44  65  73  72  65  63  54  19  96  74  81  89  99  90  72  21  84  74  28  92  
56  36  91  81  36  4  12  77  84  35  66  82  16  98  43  91  40  92  93  98  65  43  68  97  95  35  47  41  64  14  72  84  77  13  1  95  63  46  78  75  32  12  41  65  61  19  0  77  93  53  44  76  66  19  89  98  22  27  8  93  24  31  66  88  1  87  63  25  92  33  86  12  72  71  63  85  92  28  78  82  63  25  17  82  59  29  86  82  86  86  14  66  68  93  64  21  16  96  76  94  12  82  27  94  2  38  0  68  19  68  56  84  17  80  73  63  51  3  
15  29  10  99  3  72  58  68  83  14  47  71  45  81  85  72  31  88  92  5  63  95  53  80  21  73  82  15  28  31  46  74  45  6  83  24  11  85  41  5  46  85  19  76  34  74  14  99  38  70  25  88  33  19  20  83  1  5  95  13  92  3  61  100  57  13  80  58  80  93  89  98  62  33  59  27  95  57  28  66  73  41  96  69  65  37  21  93  7  1  6  100  68  24  49  5  49  44  20  47  29  97  42  43  38  41  30  82  9  7  94  53  37  4  97  36  100  46  
68  47  36  78  39  13  82  18  77  58  47  25  39  100  36  3  57  3  65  11  47  22  67  35  70  45  70  16  84  50  10  25  50  55  40  33  67  35  32  97  98  55  45  84  59  47  66  32  87  51  59  12  53  92  79  40  91  67  43  27  4  14  98  47  38  75  59  48  100  18  44  34  56  27  57  40  46  89  29  7  12  85  30  1  90  72  0  26  21  88  84  75  37  92  22  24  37  8  13  49  39  54  55  15  38  17  32  20  23  17  0  84  24  70  6  97  82  8  
28  13  72  9  24  26  50  52  2  33  40  45  37  3  94  56  67  55  58  51  15  15  6  57  53  78  65  67  58  2  38  18  58  96  21  94  78  51  93  94  49  50  5  54  21  3  85  80  98  29  40  82  61  82  57  58  72  58  63  46  58  72  91  76  71  7  57  69  13  57  8  85  34  29  5  45  15  30  16  57  41  68  87  90  92  85  6  62  82  5  98  39  44  45  100  19  47  45  68  15  76  21  17  94  29  22  43  35  74  89  11  76  92  28  38  20  38  52  
