35  69  63  76  67  90  47  35  87  87  91  73  79  90  84  81  89  33  62  72  51  78  26  45  48  73  20  65  79  68  92  11  98  25  17  18  31  50  20  89  94  91  40  29  3  48  70  54  71  52  72  49  20  7  100  41  54  21  100  24  54  78  94  0  34  54  85  29  71  24  27  94  30  31  64  82  65  73  72  58  45  85  30  9  9  76  31  87  56  29  82  94  95  76  27  96  49  91  96  96  99  75  5  18  37  52  86  55  65  10  14  66  10  74  49  9  4  18  
70  86  9  22  62  59  74  12  70  58  11  85  38  26  56  58  100  49  38  24  56  92  83  0  72  87  83  73  83  15  69  43  19  90  61  92  83  79  3  39  36  7  50  45  30  6  23  49  1  45  65  99  61  19  31  27  17  37  21  69  77  30  35  11  90  61  71  30  34  41  65  51  73  50  72  68  44  16  90  26  18  57  73  62  91  28  81  37  34  34  18  96  9  88  84  44  33  30  71  98  34  34  72  57  20  13  20  90  56  9  50  11  5  82  67  2  14  86  
81  40  97  64  78  90  12  0  90  15  32  8  0  10  79  24  62  37  95  96  88  56  51  33  27  32  12  30  38  68  18  19  20  99  40  14  24  77  5  27  80  50  17  46  17  14  29  80  67  98  12  90  10  24  92  79  49  97  52  58  32  23  70  29  100  50  92  62  6  56  37  94  61  46  73  27  3  94  81  12  70  78  69  35  81  94  99  6  51  39  39  65  80  72  71  81  41  42  63  33  36  89  30  100  56  64  83  50  57  50  59  17  33  8  30  46  36  52  
57  79  97  31  19  45  30  18  0  66  37  54  31  88  55  33  33  34  7  39  50  52  60  27  26  24  93  67  34  65  24  99  25  0  50  75  67  8  48  47  3  48  42  14  88  75  91  81  30  27  21  60  71  84  67  99  32  78  13  51  25  28  71  0  82  36  32  62  96  39  55  29  86  6  25  5  73  48  49  11  70  55  89  44  18  40  75  54  72  2  42  47  52  39  27  97  70  32  78  6  12  79  71  6  39  21  78  3  38  57  85  86  75  38  33  43  16  42  
50  80  98  59  25  62  11  44  50  35  70  27  60  39  90  88  40  9  94  50  11  62  100  22  24  91  41  50  89  64  32  68  12  94  36  95  23  8  13  58  30  16  35  49  59  48  40  57  28  80  64  34  77  52  77  88  57  17  3  31  86  19  49  35  94  80  70  88  24  52  18  41  42  99  70  30  89  78  10  9  80  37  89  60  77  47  28  81  13  79  2  63  94  45  26  52  21  92  10  53  50  32  68  65  76  20  42  72  59  1  82  9  29  16  87  42  97  70  
85  96  88  49  75  75  27  50  44  35  2  68  81  18  14  41  58  25  37  13  23  93  75  60  46  46  96  34  9  50  47  55  51  81  27  91  14  66  9  61  19  67  22  73  71  57  15  53  99  84  91  41  34  34  89  77  5  82  46  20  6  58  6  96  13  77  81  19  79  84  89  55  7  57  25  84  99  26  77  75  3  99  28  69  10  23  32  40  61  94  16  71  23  31  52  92  39  97  66  73  74  58  62  78  3  56  93  91  18  96  30  72  80  92  46  10  44  68  
6  45  55  82  27  68  34  62  31  62  72  83  23  59  66  73  55  1  20  54  41  0  19  50  57  43  25  37  21  55  54  55  54  51  27  33  9  34  25  53  77  27  44  68  95  71  51  49  82  30  54  39  8  3  91  29  89  4  43  89  71  96  7  54  23  69  7  40  35  10  25  75  46  100  43  5  86  82  99  85  50  53  91  59  35  22  44  35  45  79  74  19  45  35  19  57  32  88  89  20  35  87  10  21  74  45  17  49  65  45  47  21  66  44  59  22  78  7  
31  5  66  88  42  22  76  88  21  55  86  65  87  59  33  80  93  0  30  82  5  65  91  14  85  24  92  64  89  9  80  91  82  28  22  77  31  68  83  61  81  13  97  25  93  76  90  97  37  6  52  16  19  44  21  13  46  87  31  32  54  45  29  55  55  56  81  90  90  54  46  64  62  86  29  0  78  60  90  87  51  38  83  11  39  38  41  60  33  34  21  19  63  4  7  61  51  59  50  94  15  42  100  42  78  22  10  61  44  11  73  96  9  75  83  65  60  13  
31  98  45  54  68  51  53  66  11  39  81  58  37  81  37  17  43  76  78  61  19  4  23  68  47  12  46  12  51  27  22  88  69  67  1  0  32  3  12  89  3  4  34  91  44  74  54  6  53  68  35  70  50  35  90  63  46  44  76  34  35  51  52  100  45  49  41  40  76  5  24  39  24  78  95  15  71  72  52  12  31  82  70  65  95  33  76  25  28  87  99  86  86  65  68  21  30  7  82  31  52  49  78  32  98  26  3  0  74  26  31  57  27  84  26  20  50  75  
25  61  9  88  80  1  39  10  22  39  69  74  33  88  8  46  45  98  19  26  10  40  66  29  65  83  62  82  71  10  58  23  69  42  39  44  7  33  2  47  36  61  35  21  40  47  15  76  44  6  22  62  11  59  58  62  27  30  12  73  32  41  32  63  81  95  28  56  51  55  41  65  85  63  88  81  87  59  15  68  97  35  15  63  30  94  94  9  97  48  73  1  65  1  1  80  76  42  61  81  72  55  79  83  5  81  24  45  58  30  40  15  75  6  91  93  94  70  
30  36  9  92  28  44  62  70  23  80  27  89  79  34  30  68  25  9  73  87  80  36  72  11  9  49  3  17  47  33  10  88  31  25  54  94  57  34  27  0  47  43  55  16  13  99  19  52  35  22  35  1  44  10  35  8  41  95  3  6  80  3  61  5  8  100  55  46  6  21  53  44  61  84  5  9  50  78  74  88  47  28  91  37  33  21  15  67  23  94  93  62  38  5  16  25  73  75  38  81  73  12  13  58  65  98  27  14  18  43  80  83  80  65  36  35  41  72  
13  45  92  10  100  46  95  51  13  33  66  3  41  89  22  62  26  73  42  42  24  67  84  19  15  5  94  83  91  80  75  13  6  84  46  25  39  78  41  64  13  90  65  69  66  90  15  56  79  89  30  63  11  76  3  76  90  35  3  17  98  29  63  95  33  4  17  58  60  66  9  35  76  90  42  46  86  78  86  81  32  72  78  16  2  93  15  100  33  80  99  51  85  43  93  8  69  57  37  50  82  74  32  77  97  31  35  93  17  45  11  21  84  13  47  12  53  20  
64  25  99  98  29  46  30  70  35  81  38  96  64  31  60  5  65  91  60  93  51  56  11  27  4  46  14  1  46  52  2  85  41  18  94  91  45  31  98  90  72  44  1  54  64  58  19  27  68  85  49  36  12  37  77  23  65  98  2  23  54  10  77  57  52  67  92  92  23  78  0  86  97  99  93  16  2  1  71  21  60  84  52  80  70  59  89  26  99  56  9  92  63  5  88  96  37  87  62  46  34  26  35  31  73  97  45  16  39  6  56  80  46  15  81  22  64  46  
59  33  51  90  55  53  42  56  22  0  54  14  51  91  80  21  20  36  10  33  36  86  2  13  0  61  99  84  32  22  28  38  82  59  89  41  86  60  42  12  11  34  21  60  94  74  34  95  49  66  92  3  95  68  74  100  30  10  25  63  97  97  20  100  83  99  47  37  0  36  78  59  30  45  43  74  72  91  17  40  78  36  71  50  99  72  60  60  23  80  78  96  0  67  36  44  33  12  50  36  34  1  44  79  73  44  63  95  36  61  87  0  53  29  28  63  45  22  
85  75  78  63  67  49  71  49  48  32  1  72  45  67  41  47  90  0  44  0  13  66  1  68  56  88  74  90  18  43  16  16  30  83  58  32  34  96  27  75  11  58  91  56  39  14  35  57  27  33  34  75  32  89  22  74  68  19  100  0  84  40  0  100  56  97  53  32  24  96  66  40  88  63  28  74  9  84  32  45  97  80  7  39  58  41  18  77  5  17  41  16  70  8  28  67  8  28  57  15  97  5  30  44  7  83  80  9  18  33  68  30  32  79  59  90  15  0  
64  54  9  35  13  64  0  5  23  42  32  19  33  34  30  39  75  11  83  23  15  34  79  71  48  12  46  97  36  65  51  94  84  92  58  7  70  43  22  14  58  72  32  11  11  61  2  89  22  90  76  85  44  34  1  38  47  36  51  55  16  0  36  34  9  37  37  16  50  69  39  84  89  55  89  86  34  50  2  30  81  33  55  39  2  50  79  63  11  46  50  91  39  75  10  21  29  31  1  2  35  49  84  93  86  64  68  79  64  0  11  40  89  64  99  26  87  61  
48  93  82  27  83  62  10  57  87  79  61  13  70  38  96  100  14  71  81  19  93  35  34  61  95  41  27  64  31  90  9  4  99  44  57  65  20  47  98  66  43  36  16  8  98  27  70  55  84  20  72  22  92  68  77  48  50  33  83  21  6  4  75  70  71  37  67  72  3  11  10  71  94  69  15  72  45  90  34  73  100  67  23  97  30  93  65  77  72  69  47  13  13  20  22  46  74  6  15  85  9  88  59  94  72  100  33  74  52  18  10  85  53  66  11  17  38  74  
27  68  72  11  30  84  51  87  61  94  52  83  66  35  59  82  34  57  20  29  66  31  91  52  8  42  60  36  24  54  29  76  96  54  54  1  67  100  8  89  10  58  62  5  2  93  84  73  91  47  17  8  38  25  0  54  25  42  79  83  32  84  69  45  43  39  40  98  54  90  54  50  68  62  29  19  87  7  43  71  84  75  13  65  66  60  20  29  2  30  71  43  60  42  21  30  42  34  24  19  54  62  30  87  8  84  88  81  60  94  27  43  52  84  98  68  88  33  
94  32  46  34  26  95  57  10  77  51  40  71  48  33  56  36  50  74  41  97  74  1  97  99  85  9  44  90  31  19  12  30  8  60  65  53  25  40  35  38  57  28  29  59  41  68  57  58  82  20  20  38  82  58  96  0  17  36  72  19  6  95  19  35  92  70  9  29  53  3  1  31  84  96  79  2  18  52  75  47  57  37  95  47  91  61  43  52  13  26  99  71  21  77  94  4  65  11  91  6  74  81  32  100  18  65  46  40  10  62  44  9  31  70  68  70  57  41  
43  96  60  21  0  35  82  38  84  65  74  35  21  63  67  67  99  41  42  30  49  15  74  100  71  95  47  10  39  6  62  100  73  72  39  11  17  72  37  35  86  34  38  21  32  10  28  89  30  7  50  91  68  10  64  1  17  86  43  12  5  36  54  59  30  57  38  63  9  6  85  20  9  68  41  88  69  57  7  46  100  78  97  97  3  85  56  5  61  60  58  33  47  70  85  14  35  33  54  35  20  73  8  96  31  26  58  81  18  34  10  96  7  39  58  9  59  44  
52  39  91  18  15  33  59  52  9  66  25  71  77  78  86  57  98  8  84  64  14  24  29  26  67  53  53  71  42  52  41  89  15  56  81  17  82  90  81  41  37  64  9  46  46  51  4  67  26  45  32  60  68  74  15  63  35  94  98  40  92  34  39  98  95  3  11  70  86  3  93  80  75  65  74  35  67  66  42  9  89  20  39  55  31  7  44  71  33  46  92  19  5  19  93  5  48  100  47  81  91  64  85  65  58  24  16  43  92  61  14  83  78  84  92  32  23  15  
64  13  38  8  50  77  14  13  49  18  84  17  57  98  57  52  65  52  21  13  25  60  82  47  68  75  3  64  51  13  29  21  94  92  96  84  53  93  46  40  95  0  87  40  9  0  60  2  92  74  96  97  52  3  92  91  92  86  48  71  6  88  90  67  98  49  61  32  56  45  78  84  5  10  22  29  63  63  83  67  82  48  59  23  5  22  82  61  28  66  73  41  9  58  88  66  89  11  42  42  12  97  85  28  37  33  31  50  86  1  16  39  17  85  49  56  87  57  
38  81  13  3  37  84  17  5  87  47  47  56  87  85  2  13  67  46  75  79  53  42  76  70  22  89  63  74  67  17  53  17  3  18  49  98  82  43  22  85  16  60  94  26  56  16  22  37  2  70  26  23  70  8  60  25  88  86  67  89  78  26  20  30  47  58  3  38  38  17  19  17  62  84  76  7  6  98  35  11  42  0  90  47  2  34  50  9  79  2  20  18  85  36  33  4  80  100  70  31  86  30  98  11  8  6  25  5  100  45  52  29  61  62  39  32  53  0  
45  61  26  63  66  39  32  61  3  89  33  20  62  17  43  51  19  94  70  36  97  83  16  31  40  65  46  39  24  47  78  72  42  52  73  79  10  10  68  6  86  26  22  61  58  36  15  88  17  43  5  3  64  10  63  58  82  11  6  47  45  81  61  63  57  18  54  29  61  47  65  66  28  5  43  66  89  64  44  22  10  32  1  46  15  44  51  18  89  94  60  95  90  77  56  24  35  90  12  21  100  72  53  45  40  4  18  71  43  56  21  70  4  86  11  45  63  28  
85  61  53  50  56  93  44  6  72  81  79  83  5  0  85  37  91  81  56  37  15  13  94  91  28  8  79  74  66  41  14  18  49  0  40  12  53  60  56  39  85  30  50  44  75  20  72  17  92  2  56  15  28  97  55  55  35  82  51  54  41  65  72  51  35  68  2  29  36  29  83  98  79  57  67  83  49  53  92  78  52  88  3  73  26  73  35  97  35  81  3  20  38  67  99  86  94  99  3  74  19  29  81  100  52  10  17  20  90  11  48  16  44  0  4  67  40  54  
32  34  95  77  83  36  95  39  84  60  6  33  55  15  21  2  55  84  81  28  96  56  73  94  75  84  76  84  80  48  35  65  25  52  19  83  66  11  7  39  8  92  46  70  53  74  48  94  13  72  48  32  43  94  69  18  69  68  29  2  37  2  78  7  93  31  83  29  100  32  6  13  61  16  65  40  80  62  52  56  90  26  80  91  26  33  100  83  87  73  95  34  26  97  39  80  64  5  91  37  45  6  90  85  64  86  68  46  87  11  84  14  70  47  8  36  74  81  
89  98  44  24  73  95  28  64  44  62  97  31  84  40  55  30  94  100  28  57  27  37  78  4  80  90  38  89  43  24  61  67  97  83  5  82  6  65  46  74  30  86  74  76  43  49  33  57  18  39  24  6  40  15  78  8  71  3  42  46  94  61  41  20  13  75  2  24  26  5  52  34  15  100  38  72  81  74  44  23  88  77  18  33  45  61  99  57  96  4  79  28  87  37  40  39  41  90  48  87  16  14  31  24  51  99  2  82  87  31  58  14  44  8  47  2  89  96  
37  17  52  19  40  43  87  90  87  71  11  37  37  66  50  93  19  77  70  16  44  53  38  23  32  68  43  65  45  45  61  29  2  73  8  52  45  89  62  47  8  65  99  41  63  79  35  43  75  61  65  54  23  34  6  60  20  67  14  52  9  2  40  73  30  98  74  43  14  39  68  65  94  17  70  89  11  38  47  84  5  2  92  12  53  33  64  59  75  22  85  58  33  13  82  86  90  31  61  26  51  78  100  7  6  96  23  52  67  4  20  41  22  23  23  94  68  45  
76  64  89  28  80  95  48  16  24  74  19  28  9  41  80  76  0  7  27  0  96  55  77  9  57  100  64  16  39  70  13  7  85  16  12  48  12  90  6  17  19  24  14  13  79  56  73  99  66  57  92  65  37  93  85  53  39  99  49  25  7  72  55  23  59  52  5  57  77  23  60  81  33  56  56  4  74  28  55  71  55  80  59  21  68  99  75  31  37  0  31  17  34  54  62  95  48  12  76  2  13  13  68  74  97  26  0  89  87  88  12  57  95  47  46  35  16  58  
88  20  53  0  25  38  42  6  95  64  5  80  46  96  1  91  16  45  70  35  97  71  49  56  81  68  31  82  69  55  91  74  59  29  28  32  30  79  10  9  40  63  95  74  69  55  87  7  26  41  10  59  26  57  56  85  10  57  26  89  58  68  14  10  81  0  39  84  57  50  17  93  69  56  44  14  88  97  93  8  69  57  3  100  82  65  83  55  28  56  1  28  75  81  24  9  13  94  50  62  24  18  95  24  76  17  87  16  51  52  100  60  50  83  61  31  43  78  
49  17  82  93  62  100  62  71  20  21  46  84  13  100  77  10  96  48  94  83  51  40  44  79  2  93  67  31  81  65  10  86  57  89  41  93  57  94  64  15  29  94  90  45  13  99  11  73  45  27  40  82  75  59  15  52  64  66  31  18  30  63  81  6  5  49  82  9  9  46  67  28  60  100  9  18  18  36  1  48  40  43  54  69  69  57  89  29  17  10  52  65  13  8  5  78  15  61  81  10  66  40  25  44  14  72  97  78  61  22  17  71  57  50  9  8  15  79  
58  36  31  28  88  85  15  8  40  25  24  74  26  51  14  50  85  76  20  86  30  95  7  46  15  71  46  29  15  55  30  4  26  42  9  25  73  92  0  70  20  99  63  34  16  26  95  13  53  88  28  95  73  73  43  83  25  71  44  99  95  59  82  44  24  96  64  92  16  9  9  19  99  16  12  30  37  54  74  83  69  42  44  34  68  17  62  51  43  30  82  81  53  78  87  44  86  81  39  73  58  62  45  10  11  41  23  48  26  49  95  51  52  12  8  59  53  3  
61  2  97  9  96  39  4  76  77  48  43  46  90  10  41  49  82  61  79  48  46  27  39  88  100  27  57  40  11  66  5  69  97  0  58  7  14  85  43  63  31  90  31  24  47  50  44  18  15  82  60  47  39  56  19  4  98  66  26  11  45  91  77  0  28  97  21  25  90  36  37  70  99  83  28  23  51  95  67  41  89  55  38  95  99  72  65  79  99  54  10  88  47  60  13  90  14  41  15  89  37  77  89  38  21  73  29  96  79  8  82  21  54  73  58  76  28  59  
16  93  100  2  15  72  71  53  52  92  84  82  99  2  71  6  65  30  45  34  75  0  49  7  23  75  74  97  24  65  0  57  95  6  13  93  49  96  73  44  56  76  17  85  52  9  92  55  84  38  89  88  85  45  97  100  56  79  12  13  64  31  46  18  38  60  69  91  53  8  8  22  63  94  24  82  3  72  50  39  11  62  47  35  46  50  20  91  27  84  43  99  39  27  54  59  51  78  84  14  82  34  98  43  9  91  67  74  2  60  56  52  88  28  27  38  79  27  
30  13  89  15  61  76  12  85  10  28  0  99  37  98  82  33  11  58  37  67  75  97  37  60  27  36  80  21  99  83  1  33  34  69  27  98  92  10  93  1  83  11  84  15  95  95  38  48  58  34  89  78  25  4  73  24  78  1  17  59  28  76  42  12  26  50  31  99  98  82  56  96  91  18  0  69  95  86  70  55  20  19  38  86  94  47  67  79  64  57  92  69  6  19  55  5  27  84  81  36  46  97  26  20  49  8  14  3  72  9  97  85  54  1  52  33  57  87  
76  99  73  17  60  39  66  49  43  66  98  68  46  34  10  1  1  12  53  22  21  9  88  74  87  85  52  92  98  100  52  76  7  61  66  27  57  19  59  76  13  71  41  91  69  1  93  87  52  7  37  48  47  92  45  27  76  20  31  32  96  88  100  6  28  31  93  23  39  43  68  59  29  93  31  7  53  32  13  19  11  8  73  60  12  7  29  76  37  52  69  72  50  21  82  55  45  7  75  86  46  34  91  94  98  84  46  6  66  14  37  43  50  43  23  57  72  99  
40  40  56  63  55  38  12  44  8  86  17  25  83  60  2  47  23  62  45  21  58  49  74  27  27  58  38  97  65  32  36  86  1  75  88  21  21  58  49  70  94  24  15  12  95  40  80  53  20  95  20  92  93  72  89  90  79  17  18  99  53  52  1  96  16  22  28  48  46  70  37  32  57  85  30  83  11  16  100  78  54  94  73  98  92  18  15  47  77  5  65  57  87  65  80  29  81  8  79  44  51  93  95  21  5  43  23  33  78  5  26  83  31  38  59  79  1  22  
97  46  67  6  80  93  60  47  25  57  71  6  79  45  64  59  29  58  14  6  0  79  59  39  34  53  2  12  15  1  11  97  98  95  9  64  52  9  84  89  97  6  72  9  38  32  54  86  53  6  96  74  48  69  35  50  68  61  29  12  67  8  6  47  20  23  9  14  27  41  4  100  94  40  65  14  58  62  12  62  67  15  4  13  100  9  88  5  1  32  35  24  75  98  37  76  58  8  16  24  71  53  94  0  53  31  35  52  89  27  36  16  28  37  77  68  81  39  
3  28  67  16  88  15  56  60  21  48  10  29  79  58  60  27  100  19  64  22  65  53  82  35  79  58  67  45  69  67  78  60  90  25  39  100  69  17  21  70  12  97  10  60  58  22  79  44  84  62  23  7  48  79  66  26  1  84  40  82  100  24  96  66  67  86  25  28  76  33  99  69  16  51  20  7  43  17  9  52  85  53  87  94  16  75  44  89  52  32  8  74  93  67  52  77  47  79  25  72  52  29  85  41  100  99  60  30  87  29  17  0  81  66  68  73  39  56  
16  19  38  47  14  16  26  51  64  97  72  8  54  49  99  7  34  98  91  100  80  19  2  12  19  94  97  16  88  31  97  64  33  50  67  92  80  44  45  79  81  33  44  45  5  36  46  85  54  38  24  78  86  86  23  13  95  14  1  72  15  7  66  53  91  35  60  32  78  27  45  28  81  67  20  24  97  65  97  70  36  40  27  79  95  68  70  17  37  52  45  1  1  98  23  47  62  83  39  14  36  18  94  38  2  8  22  41  75  71  9  66  95  70  0  4  35  34  
75  51  3  78  47  10  10  74  2  54  42  59  64  85  76  57  14  50  87  91  73  68  53  95  26  63  23  86  42  17  41  73  70  96  4  60  83  91  29  58  90  37  58  94  92  1  53  93  58  59  67  14  39  92  51  18  10  70  63  20  68  46  44  96  9  97  97  46  19  62  68  36  25  66  8  27  39  87  2  7  16  13  38  87  2  13  59  47  82  44  23  34  6  52  7  30  78  31  72  35  94  39  58  92  47  12  54  37  86  56  31  65  78  74  99  19  7  30  
8  93  70  22  39  75  48  97  97  79  6  94  5  40  18  93  55  96  82  95  72  80  97  94  16  21  65  47  77  71  45  66  19  62  25  21  85  8  28  49  52  25  13  98  56  6  63  25  17  42  73  68  58  3  62  26  2  95  57  85  77  71  72  85  17  32  100  81  74  77  71  22  62  4  64  19  24  88  61  99  12  88  79  71  100  70  18  59  68  80  22  51  13  19  99  8  22  67  84  89  87  52  68  29  23  97  65  65  21  87  97  14  96  50  24  93  43  57  
22  9  55  86  55  9  68  14  64  12  45  16  33  75  80  80  11  39  0  31  65  88  42  61  2  32  79  43  100  37  47  67  21  99  60  60  70  96  36  96  4  71  92  88  43  79  25  54  67  57  31  76  37  45  36  57  38  43  55  51  71  41  43  11  19  52  77  3  83  31  63  45  67  95  4  33  52  7  9  45  46  61  84  74  81  82  11  79  50  3  13  89  91  12  20  49  78  82  61  14  42  44  98  8  49  23  58  47  23  45  40  47  27  23  95  85  31  21  
49  23  93  63  48  71  42  36  17  43  65  9  99  2  41  30  54  100  82  45  52  81  21  32  75  26  100  27  71  70  36  75  16  13  5  37  13  58  60  19  39  79  10  69  33  86  20  37  67  22  78  95  91  71  17  92  11  100  46  56  77  62  87  21  11  0  85  1  92  36  30  52  10  100  61  59  15  58  90  36  19  21  20  29  48  80  58  23  45  4  49  26  52  36  37  42  18  39  48  60  81  26  33  36  98  9  12  100  45  2  78  10  75  96  3  30  94  90  
1  41  80  44  95  38  48  12  63  87  72  100  26  36  25  97  52  78  82  18  44  37  0  97  36  18  35  90  80  53  51  99  17  0  46  73  38  90  84  18  72  72  79  42  61  10  59  19  49  64  91  48  25  94  65  94  24  59  24  70  44  0  25  69  96  9  43  36  78  34  39  73  16  26  11  23  75  3  71  12  35  30  56  54  35  23  23  72  68  21  19  79  18  76  6  98  73  98  87  9  64  13  53  52  40  98  62  50  11  34  3  18  31  67  68  43  12  52  
18  5  82  58  33  28  54  82  36  62  37  2  97  51  83  97  46  48  52  12  80  93  81  48  32  65  2  82  70  28  45  24  88  13  75  16  24  45  0  14  22  92  82  73  12  31  75  97  44  52  26  38  62  43  75  61  22  1  45  45  39  64  9  93  77  10  91  7  95  100  43  49  97  65  3  97  3  75  39  91  91  8  31  96  91  89  93  41  19  73  10  4  98  2  52  24  80  48  53  30  26  40  92  11  41  59  21  72  70  91  61  89  46  69  39  27  11  28  
36  78  51  75  41  52  20  55  18  24  71  6  79  81  96  46  71  97  79  11  70  2  69  80  35  98  36  27  86  82  76  15  20  89  40  67  78  14  59  87  15  43  53  56  69  48  2  88  28  34  52  51  75  33  60  86  85  59  4  13  43  67  89  41  56  7  78  61  5  53  30  33  25  1  13  45  73  66  76  51  12  26  17  89  97  86  0  46  5  22  12  11  79  59  92  68  45  11  25  2  3  12  42  15  16  0  99  75  72  93  38  70  69  68  63  0  75  21  
86  54  84  17  7  76  55  61  19  72  28  94  36  34  93  84  18  93  42  94  22  21  93  87  63  85  70  95  26  1  68  23  10  27  8  79  17  87  20  40  93  93  79  64  52  6  11  12  93  47  37  43  95  27  49  65  90  98  52  98  8  67  9  23  25  30  98  33  0  36  47  21  50  24  25  98  70  65  45  67  17  53  64  63  48  18  51  100  21  21  68  93  51  4  88  6  44  24  17  84  63  42  1  42  24  70  81  87  66  32  46  57  100  74  21  50  66  26  
47  39  86  69  80  38  22  20  66  90  58  78  13  8  38  81  15  88  56  60  21  59  16  28  24  46  75  16  48  89  46  9  16  78  40  31  82  21  63  69  33  79  38  40  47  76  36  21  9  93  37  14  90  78  38  64  87  73  68  25  19  4  37  91  1  20  9  13  73  57  97  26  75  72  18  15  69  57  0  53  66  100  0  94  49  48  16  84  47  62  31  86  59  20  71  15  100  32  87  45  32  46  40  77  47  88  48  23  66  31  41  83  51  21  25  7  47  87  
10  64  15  63  10  49  3  27  51  98  26  48  86  62  16  100  56  17  32  79  49  69  28  21  55  74  92  33  75  9  48  39  96  68  30  80  98  78  22  23  4  57  30  17  39  50  2  34  49  83  38  81  28  50  38  22  72  7  31  77  63  47  65  82  60  51  85  22  84  30  31  49  47  90  62  35  100  92  32  34  22  98  88  89  50  64  81  100  63  85  46  10  14  81  80  70  30  74  54  43  66  10  83  99  72  55  86  3  40  84  65  77  3  94  100  79  73  12  
93  95  69  60  8  85  18  78  35  11  43  60  70  50  58  76  26  10  76  6  92  47  79  14  71  94  93  46  71  34  31  8  66  95  70  24  96  66  80  37  32  71  49  47  52  86  91  67  50  85  83  34  98  30  34  25  54  7  23  98  65  72  68  70  97  67  79  4  3  28  78  81  95  100  31  55  90  6  99  63  99  17  50  41  36  81  33  94  50  85  92  9  8  65  58  65  87  24  71  49  29  88  27  23  48  5  68  25  66  83  79  48  21  98  57  36  81  25  
78  20  19  69  44  28  27  90  70  84  13  21  77  57  45  39  27  91  68  81  14  83  19  13  54  57  52  31  69  6  21  45  79  0  97  77  34  51  69  70  75  42  21  77  10  77  16  77  56  33  41  15  21  67  23  29  26  11  98  10  92  52  76  43  82  50  100  33  88  63  50  8  60  43  27  49  69  26  38  30  19  70  1  93  41  38  30  2  64  40  65  0  10  98  3  6  57  19  68  24  10  75  80  77  44  24  0  61  63  85  85  71  65  86  44  76  69  94  
56  79  81  79  64  22  49  70  52  35  14  82  9  40  35  10  23  18  50  92  96  51  30  45  25  19  93  45  2  81  20  68  81  74  16  90  83  87  73  13  78  23  56  2  63  43  11  41  84  70  45  24  92  90  3  50  64  59  98  86  39  91  85  58  74  95  3  42  29  24  23  84  44  85  50  69  42  97  42  27  79  4  67  68  95  100  2  36  59  50  92  83  38  6  78  76  34  66  48  23  91  71  26  26  31  15  57  87  79  21  37  80  30  69  60  75  69  29  
2  69  25  69  61  22  37  8  12  32  39  34  4  20  82  42  58  34  78  57  31  0  23  77  94  36  24  57  44  43  73  85  86  42  70  35  91  10  44  35  24  2  24  78  98  13  63  4  20  86  8  58  92  62  83  26  18  42  34  43  70  67  68  68  64  68  48  32  69  99  35  31  88  10  31  44  33  55  33  3  48  66  82  6  36  100  12  14  53  17  22  22  87  57  37  79  84  3  68  62  91  23  71  35  96  34  2  17  44  28  4  37  5  42  52  74  4  78  
58  65  89  98  60  95  86  48  43  92  68  39  85  34  49  28  49  19  9  31  23  24  74  30  33  71  71  92  23  96  72  13  70  68  73  71  80  77  38  33  91  87  42  62  4  44  24  68  73  24  26  60  63  74  36  10  95  5  47  74  69  90  12  13  89  64  17  35  36  62  39  96  6  64  28  46  51  28  3  80  74  26  65  62  97  6  19  33  94  71  17  12  46  84  72  11  82  91  24  47  97  74  84  23  66  6  84  92  47  6  6  76  64  2  90  76  63  36  
88  80  28  100  23  20  9  27  93  94  83  94  28  44  80  86  100  46  0  79  63  34  80  97  49  35  69  32  66  43  49  1  85  24  97  45  64  41  31  33  84  71  91  7  31  1  77  21  44  65  53  32  9  86  98  0  55  35  31  90  83  0  27  34  28  52  59  93  7  11  47  97  3  84  89  34  3  85  47  83  94  78  89  63  87  10  49  1  25  9  34  57  57  67  69  16  43  55  87  81  12  98  3  3  62  16  52  59  23  71  40  84  90  62  71  40  62  59  
1  76  5  71  1  99  95  98  45  71  71  40  99  18  78  60  79  52  22  36  43  62  4  43  80  59  21  78  8  36  82  63  44  33  94  66  20  83  55  66  36  46  80  38  37  89  84  51  60  31  75  26  52  92  66  95  9  31  46  29  72  59  88  75  41  79  30  18  78  20  31  79  100  19  37  37  71  55  46  95  31  83  45  32  47  16  7  95  32  94  68  79  73  78  45  70  46  30  79  40  90  26  8  58  61  2  65  90  48  77  36  42  9  5  21  30  3  20  
57  86  47  77  90  16  66  46  14  50  72  80  74  64  81  47  15  26  98  85  10  33  27  93  89  69  3  14  59  19  3  27  95  87  62  22  12  16  70  44  99  0  12  88  81  67  60  92  81  39  48  12  18  4  8  29  49  11  67  89  15  94  50  35  22  16  55  2  39  15  73  78  5  44  87  58  38  64  65  59  41  95  24  98  63  89  3  12  30  40  14  25  25  34  26  90  45  92  78  2  30  32  71  22  66  29  24  32  22  59  57  1  57  86  66  64  37  13  
6  4  74  29  5  10  44  38  85  17  41  5  2  100  30  93  63  64  59  13  44  48  68  77  37  2  37  45  87  21  59  0  46  27  78  93  95  51  14  46  11  96  51  7  82  51  74  71  39  58  87  69  84  12  26  7  18  30  24  10  5  53  3  69  50  29  10  88  20  5  21  72  81  93  74  36  9  83  45  38  11  23  8  93  23  62  74  60  34  55  61  54  45  93  41  4  55  18  29  42  42  66  29  69  0  6  60  16  96  7  27  33  14  9  78  19  94  38  
83  73  7  58  53  0  12  3  86  64  16  43  26  64  22  69  68  21  91  44  74  45  73  74  50  38  86  21  45  96  3  19  40  90  19  79  99  18  90  57  28  67  54  20  40  28  95  37  27  27  95  5  90  92  11  90  78  19  89  61  13  31  48  16  100  84  55  38  16  20  85  99  93  24  31  62  11  43  60  42  13  88  25  14  21  26  89  65  69  96  63  61  76  2  37  43  79  67  31  27  15  61  27  58  8  54  0  51  15  30  60  40  24  2  82  27  3  22  
18  72  57  35  11  56  73  77  93  81  68  19  17  89  84  43  86  98  33  3  84  56  2  65  47  19  3  68  16  35  67  94  49  55  82  95  96  7  47  19  68  9  23  14  32  17  0  49  82  94  24  40  65  85  10  74  35  2  61  12  31  62  73  69  27  39  3  37  4  1  39  75  61  12  32  91  56  51  28  61  79  53  39  8  30  68  61  100  71  97  87  46  4  1  32  49  41  40  51  31  74  10  4  33  22  51  19  82  49  93  20  13  38  38  96  64  12  93  
2  75  5  49  78  7  66  7  94  61  84  13  38  30  12  18  46  28  37  3  34  35  95  57  57  12  28  11  95  29  29  81  37  40  11  18  67  80  91  51  4  83  62  74  1  40  94  32  58  15  83  87  17  9  0  18  83  56  93  77  23  8  42  67  45  16  31  69  98  25  10  96  8  48  7  15  56  50  30  21  57  41  59  34  76  62  6  93  34  15  44  27  36  41  80  11  88  36  89  67  88  35  7  78  72  80  73  27  99  81  54  40  11  53  48  35  94  10  
56  17  46  22  90  13  24  83  89  40  27  22  38  62  92  94  69  27  8  79  90  57  60  32  86  32  96  100  87  22  94  99  58  33  0  61  92  52  46  14  53  16  5  6  47  80  28  86  30  17  97  91  22  48  45  32  54  0  1  85  7  29  1  21  91  40  99  41  81  50  69  19  63  53  81  60  4  9  96  37  54  93  96  94  54  1  4  86  4  72  80  100  63  61  36  12  100  28  13  38  30  97  76  17  27  9  92  6  15  1  4  10  74  31  17  6  3  31  
27  16  10  23  69  13  4  81  62  16  42  37  82  21  31  3  70  36  82  53  96  5  55  95  85  50  54  55  6  9  31  31  74  27  17  66  65  33  90  23  38  29  52  62  49  64  54  32  43  83  99  87  46  85  32  21  8  46  70  4  6  60  78  68  96  50  84  97  63  85  100  88  90  11  91  86  47  93  40  78  88  99  19  98  40  12  84  84  44  5  45  19  38  30  29  90  37  81  93  12  81  40  89  95  8  1  27  8  62  68  97  32  8  17  15  82  57  6  
67  3  63  23  45  87  90  43  4  46  63  45  52  15  18  99  39  6  67  59  52  3  23  4  22  70  26  3  92  51  79  82  61  90  91  68  68  71  58  29  89  60  67  2  1  100  32  70  63  1  87  23  63  93  24  41  100  61  6  37  15  99  97  58  62  1  81  18  94  38  63  64  89  55  19  64  54  31  95  97  51  84  31  20  9  33  53  53  5  99  92  61  85  48  16  94  70  65  19  45  39  60  23  23  70  75  62  47  58  34  71  84  61  5  54  33  48  65  
34  17  7  64  16  13  36  12  99  0  17  38  24  19  100  97  81  47  91  45  63  80  35  20  59  97  8  92  89  8  27  74  28  10  89  13  36  27  97  82  1  54  60  60  24  38  64  21  74  75  71  7  91  29  51  92  23  14  91  37  29  88  2  68  15  53  80  80  7  45  42  31  58  8  86  54  63  67  46  46  93  14  36  97  16  20  17  88  99  99  100  0  60  12  11  36  29  95  99  67  76  82  87  80  39  80  99  84  4  42  59  46  100  2  99  37  72  19  
40  7  100  35  56  60  35  64  62  67  32  61  6  18  49  23  87  11  87  40  21  32  64  14  13  9  93  84  33  57  60  9  14  46  83  55  22  4  65  41  24  55  24  80  7  32  38  19  63  60  24  70  99  74  10  14  5  100  16  39  14  99  61  61  49  38  28  26  55  2  23  21  74  50  61  61  16  26  85  56  7  44  59  24  52  68  68  16  57  3  88  10  10  82  74  8  72  88  3  54  31  53  29  8  70  8  37  73  74  60  85  32  42  83  95  49  64  81  
37  9  61  75  1  36  86  0  37  19  64  3  12  9  54  88  17  71  87  85  68  39  19  17  60  6  37  80  70  87  19  63  99  69  17  9  41  17  52  39  66  41  5  86  84  68  54  76  34  66  70  9  78  66  42  60  46  14  55  15  2  99  5  81  46  84  67  87  56  32  75  1  46  57  23  33  14  90  68  36  69  48  69  7  21  5  21  97  94  16  26  32  33  8  56  45  89  59  36  74  61  28  87  97  65  32  41  8  90  1  75  91  100  49  11  38  46  51  
88  64  35  25  31  5  38  22  56  0  39  95  37  61  83  16  17  53  10  3  19  98  91  34  30  68  41  97  45  95  81  66  51  94  68  82  21  43  90  89  0  67  73  5  78  3  68  64  76  62  24  36  5  61  73  27  61  36  32  35  12  39  62  31  63  79  48  32  80  78  61  42  59  1  86  28  50  49  49  49  52  1  21  81  57  76  45  2  82  43  32  27  22  51  27  39  39  73  98  27  61  95  39  47  62  54  5  44  97  79  45  15  69  74  7  64  51  91  
24  3  26  49  71  2  36  95  12  45  27  79  70  62  6  5  2  7  13  65  16  96  31  58  54  33  78  34  94  71  1  91  81  0  45  55  66  24  9  31  100  9  7  73  75  94  93  74  47  5  28  44  95  30  19  43  24  11  32  40  89  99  93  89  94  74  28  40  36  82  85  76  68  31  30  35  14  91  57  87  57  7  8  83  52  14  41  78  68  20  35  22  80  51  52  63  18  91  85  52  8  26  78  79  16  23  89  19  56  61  3  66  23  87  54  17  20  57  
55  19  33  12  68  59  34  61  93  12  26  92  72  86  98  30  69  95  66  58  98  83  10  49  60  75  77  53  88  64  20  83  88  69  77  12  37  32  55  66  53  45  53  30  65  93  1  35  68  78  60  66  27  76  32  37  14  62  25  50  12  1  83  64  68  95  45  11  1  16  94  16  20  40  50  8  11  5  78  15  36  63  58  31  80  94  1  90  74  78  44  27  30  10  29  11  26  19  70  65  28  30  31  85  93  92  47  63  32  83  49  17  44  17  29  77  41  55  
