20   14   91   52   5   27   88   35   82   31   94   7   3   30   54   57   31   67   83   96   43   93   39   84   5   41   83   61   52   57   17   67   71   32   17   78   35   21   61   79   94   27   98   3   6   98   41   88   100   50   35   36   86   38   73   49   49   98   75   78   26   69   39   68   14   18   29   61   76   64   91   66   13   41   30   19   17   15   74   33   85   57   89   76   98   67   22   12   83   14   44   83   97   24   55   11   37   82   81   24   43   14   21   92   49   45   69   34   24   21   39   15   43   91   49   100   100   86   
25   98   3   15   88   53   78   54   68   18   1   0   53   86   89   21   100   99   42   32   100   2   16   29   27   23   57   41   20   89   40   30   2   89   62   54   55   95   51   0   60   92   95   59   21   30   98   41   21   39   56   56   64   23   9   17   27   36   49   7   79   83   35   19   47   14   29   51   4   53   99   48   20   94   17   46   52   69   86   41   10   37   98   98   29   25   85   13   83   94   95   24   84   33   18   55   10   99   45   93   76   96   89   18   7   90   28   55   13   29   59   17   31   89   87   73   99   96   
81   22   25   20   27   64   10   36   93   27   47   89   84   4   85   99   66   36   58   41   93   89   80   17   8   5   15   1   47   80   92   48   86   56   6   49   89   70   13   4   90   20   57   41   30   37   73   89   20   16   58   56   57   77   6   32   79   85   20   91   31   94   36   100   92   13   27   54   6   72   44   22   82   52   72   81   79   85   48   0   77   65   70   97   71   53   2   16   20   55   83   0   69   68   31   8   97   97   75   52   49   5   17   29   22   22   100   23   63   34   76   10   19   99   26   80   14   83   
82   1   18   36   56   12   81   76   32   73   82   35   1   76   3   76   80   62   10   94   89   38   35   46   84   41   77   70   3   35   25   54   80   83   21   58   27   36   86   48   79   63   53   91   20   17   99   81   41   56   16   99   19   51   86   69   1   81   24   45   53   93   51   74   35   1   30   16   38   76   3   26   92   73   99   25   88   47   83   94   3   21   11   42   3   90   69   42   23   2   94   18   4   13   93   17   92   75   52   4   4   77   100   59   48   35   7   52   66   30   21   32   8   20   21   79   75   78   
86   47   52   74   98   90   95   43   2   47   1   21   32   44   26   4   58   69   67   55   70   1   86   34   25   10   26   62   33   66   11   42   86   96   1   52   96   86   98   9   18   94   44   32   36   7   17   42   17   69   89   77   87   35   77   25   69   9   16   30   78   66   79   67   91   16   28   76   11   33   3   25   79   40   22   9   52   50   18   45   19   12   13   15   48   31   81   31   67   52   81   2   64   8   67   80   29   74   91   58   28   40   6   42   60   75   39   27   77   59   77   73   4   18   79   33   56   19   
19   82   46   49   41   34   51   67   95   47   0   69   15   49   94   35   88   73   93   68   33   59   75   54   34   85   17   9   36   44   98   85   97   33   34   9   86   69   46   76   42   95   60   70   85   77   20   99   60   16   22   58   98   82   88   23   34   37   27   38   57   5   80   19   39   59   68   36   26   37   46   79   59   35   44   5   91   90   33   9   17   54   93   83   10   35   83   37   76   51   6   6   10   84   53   79   57   84   70   74   100   29   90   64   59   78   60   33   76   27   18   45   98   85   99   96   0   28   
41   24   33   56   79   47   43   69   87   66   72   84   62   20   40   67   27   95   8   14   49   53   62   2   18   51   34   88   57   97   2   73   4   10   99   74   42   87   4   58   83   24   59   19   15   100   62   19   2   72   15   65   85   98   80   73   24   43   34   75   82   2   7   57   59   58   91   41   78   60   100   93   5   82   86   26   30   8   50   43   89   35   7   48   52   49   95   10   8   33   100   76   27   97   7   46   95   7   82   81   23   64   25   9   15   53   35   59   83   36   34   36   18   32   78   85   44   95   
76   86   68   78   24   84   81   97   2   43   78   71   35   58   38   89   58   17   80   57   58   91   80   35   42   35   80   3   64   90   0   13   100   4   73   44   94   59   98   69   69   100   86   58   1   91   51   70   37   46   0   45   33   85   23   57   97   21   14   65   47   79   81   54   93   57   3   45   91   95   69   44   79   100   51   47   75   71   12   36   3   74   79   65   1   23   75   24   4   12   47   26   37   59   3   76   99   30   15   85   98   80   86   24   77   78   98   31   3   40   54   63   46   73   1   87   34   83   
38   80   1   13   94   54   85   21   17   32   68   55   70   8   87   51   76   37   72   99   78   44   43   66   74   7   100   95   89   42   6   75   47   76   9   95   92   74   74   50   69   47   16   29   60   23   45   39   22   86   4   26   45   92   66   19   61   99   9   30   71   0   50   2   69   56   64   57   32   92   34   22   58   38   67   29   47   94   20   52   80   53   91   64   63   36   18   28   85   77   93   21   75   42   98   32   13   13   44   96   92   48   31   27   72   12   23   54   84   70   57   28   36   98   75   47   58   91   
33   33   94   17   4   69   20   9   63   47   99   29   37   13   63   80   82   6   73   65   83   55   86   29   97   60   83   55   74   97   75   72   40   33   36   33   72   0   72   9   37   58   55   56   23   68   62   80   17   38   98   65   12   27   34   70   54   33   40   100   10   71   79   97   86   4   100   62   9   78   17   68   81   64   19   100   4   36   63   98   66   87   66   98   93   5   32   44   99   38   13   14   72   57   41   18   2   73   5   33   75   5   9   35   53   50   84   66   91   40   69   13   41   8   65   72   89   71   
29   53   52   19   14   19   20   28   46   43   97   54   69   80   53   13   63   58   80   31   98   49   62   10   32   47   33   1   76   61   27   74   0   42   15   82   87   77   60   77   10   20   20   41   54   27   32   27   30   64   88   0   68   42   16   58   69   96   34   24   90   59   35   0   7   93   48   63   18   4   42   8   67   55   72   57   24   18   63   92   99   91   43   74   69   6   43   84   51   81   77   4   82   62   62   1   6   40   1   28   32   70   54   88   33   90   39   15   69   23   73   86   98   76   91   1   32   60   
98   38   76   50   93   56   67   38   65   55   6   65   35   87   6   42   64   35   99   88   12   19   56   25   37   56   62   26   21   98   36   72   98   23   21   3   34   22   22   35   28   27   65   58   32   88   63   86   85   89   57   41   12   91   95   31   95   36   16   68   2   100   29   71   43   75   49   72   41   18   84   11   95   71   3   47   24   40   90   70   21   36   91   66   98   79   15   42   64   5   72   70   91   68   87   85   84   19   24   86   18   76   37   85   89   14   11   84   92   45   31   14   2   42   24   77   8   61   
90   39   4   23   59   88   28   4   78   94   12   76   15   40   9   87   31   2   75   66   25   15   31   21   27   37   100   59   97   63   60   46   11   79   70   12   100   43   73   71   41   29   43   85   87   99   55   29   91   7   73   94   23   66   100   86   49   79   52   92   57   60   73   1   13   91   66   41   15   42   46   43   80   79   19   47   18   52   18   82   75   93   25   75   0   71   7   20   60   82   85   10   78   13   41   49   36   42   88   29   32   100   54   75   84   96   75   31   88   100   26   72   10   81   95   83   1   79   
37   41   70   40   94   26   99   74   80   23   87   48   67   87   24   24   99   46   79   84   10   83   51   32   39   7   0   59   29   2   96   18   1   32   68   81   56   36   21   37   8   66   79   66   53   14   3   16   72   9   94   65   54   13   1   16   5   74   46   83   12   4   93   78   92   70   68   95   98   28   72   28   36   100   47   93   48   17   87   38   5   82   84   82   38   53   31   9   33   42   50   32   48   69   93   53   23   43   69   72   85   92   64   53   40   13   89   66   18   27   45   62   63   63   75   67   47   39   
99   38   96   80   14   86   29   60   50   68   15   59   3   44   19   75   47   72   20   7   7   93   32   64   43   49   59   89   91   48   55   36   66   94   31   56   44   23   38   43   75   45   73   80   31   60   23   62   63   50   8   80   48   94   44   74   1   9   29   13   98   12   31   38   96   81   76   36   50   38   60   84   45   95   92   15   12   59   49   76   84   83   51   38   4   48   41   65   75   16   52   35   57   70   30   78   34   40   16   49   99   83   5   88   97   11   71   95   65   70   97   88   59   43   94   6   38   11   
56   18   99   95   31   11   29   82   24   78   100   87   18   0   66   86   45   81   85   69   86   89   95   7   59   81   63   31   87   32   38   11   11   100   77   27   23   74   68   93   33   56   17   19   44   87   15   35   54   43   6   17   44   84   41   57   9   46   11   30   8   77   7   33   16   19   77   71   37   71   35   0   81   44   98   46   49   33   35   37   15   17   23   2   59   52   45   57   76   1   56   44   43   32   91   60   58   25   81   84   31   54   15   16   41   68   59   21   19   63   100   51   100   1   45   11   94   32   
67   49   68   78   80   64   67   85   79   78   77   16   47   83   92   24   45   78   98   88   52   79   27   67   38   96   89   84   5   23   26   54   54   48   99   10   66   70   7   74   64   81   43   19   90   32   30   50   67   84   3   29   35   51   92   86   57   47   67   40   12   30   56   3   6   16   19   84   33   72   2   16   67   4   35   31   41   99   4   51   76   25   21   32   42   37   62   88   34   67   58   63   41   11   63   39   91   85   20   83   90   66   54   96   51   1   35   50   1   86   90   14   18   46   11   79   20   27   
18   86   0   32   57   50   50   51   33   22   75   12   67   83   73   83   25   66   63   48   71   85   10   89   52   65   24   77   95   26   67   41   83   26   88   78   71   0   43   88   6   5   30   11   45   22   82   57   44   49   9   12   35   81   4   6   1   6   24   28   79   24   29   43   95   46   35   28   40   11   45   21   95   43   41   47   51   64   86   61   27   29   78   52   56   96   10   8   41   10   95   61   17   18   97   30   61   84   12   24   44   45   43   23   78   0   38   77   5   80   49   32   64   63   36   85   21   89   
94   36   96   67   76   53   11   36   39   85   53   1   75   95   37   58   71   58   65   34   3   19   34   82   95   71   95   78   20   17   45   30   53   40   24   35   82   34   75   24   69   82   82   98   78   31   25   52   83   80   70   73   62   94   67   50   32   30   61   40   71   47   42   53   36   95   73   42   79   6   10   84   17   37   93   56   55   40   67   97   96   9   57   81   70   4   37   29   27   26   37   32   46   90   88   31   2   78   41   19   63   51   30   21   58   18   37   57   19   85   89   50   14   42   39   87   65   91   
20   60   91   24   83   40   45   74   84   82   79   11   50   98   78   37   61   72   86   7   33   81   48   7   73   57   73   56   14   95   13   58   80   28   89   61   23   1   52   80   92   83   46   13   14   47   5   29   28   39   52   74   82   98   85   38   81   0   31   90   66   75   78   69   41   34   67   13   97   72   44   64   48   85   18   3   42   67   42   50   76   73   40   32   39   69   77   72   42   76   67   44   43   89   38   9   89   29   92   74   74   13   27   42   41   60   78   25   78   91   26   100   10   22   73   34   8   12   
65   81   94   27   86   36   64   72   12   9   16   3   33   65   65   8   61   20   82   22   58   46   6   28   2   31   99   73   69   39   44   51   9   55   78   27   15   36   6   15   9   5   17   76   96   45   28   54   12   91   37   8   9   60   56   19   69   66   7   33   0   35   80   32   20   91   73   55   74   95   40   93   27   41   49   62   98   65   80   91   88   10   77   40   56   73   31   71   4   47   49   93   58   59   79   49   37   10   84   32   9   16   47   82   3   24   15   44   20   86   32   86   76   43   33   54   96   69   
91   47   39   85   67   70   67   40   5   54   57   4   92   6   7   53   7   96   19   79   89   61   63   16   42   33   24   87   50   1   95   65   26   59   68   55   71   39   75   13   46   62   49   87   1   31   30   99   78   26   94   26   23   16   76   64   59   5   50   12   12   69   42   65   68   64   35   52   81   64   82   36   93   57   5   11   74   78   98   62   100   61   74   96   30   4   73   27   52   62   19   93   39   7   37   5   44   14   0   24   59   49   99   38   44   95   53   30   49   34   42   16   95   33   33   48   29   20   
49   71   15   66   37   91   99   2   6   66   15   62   85   38   58   22   25   86   47   90   18   88   25   88   17   12   29   12   29   96   61   28   34   69   44   65   100   88   7   22   54   5   51   35   24   39   39   72   16   98   83   20   61   50   90   23   46   54   15   57   78   81   78   56   46   67   59   86   83   48   50   100   68   23   85   65   45   78   5   58   54   34   46   14   92   67   17   16   22   86   7   25   70   0   93   93   91   29   58   0   31   8   43   47   94   3   9   26   96   78   75   3   42   81   37   0   29   72   
25   67   37   22   48   39   39   69   96   87   11   52   64   30   0   11   7   69   55   1   89   99   87   35   82   10   77   63   51   30   75   70   50   51   0   76   95   11   75   61   87   46   3   39   55   85   64   57   15   18   59   23   57   21   3   6   25   48   57   20   78   19   83   69   9   36   11   80   3   33   87   38   76   55   24   60   25   51   81   73   70   53   23   16   28   33   95   79   16   93   76   33   21   1   24   30   34   80   12   67   9   52   13   77   76   35   68   12   33   85   73   87   11   59   61   1   28   40   
11   15   54   30   60   28   96   50   1   19   36   48   2   38   37   66   21   41   55   5   67   27   17   60   81   40   65   25   36   70   66   12   57   56   17   30   1   70   44   66   59   26   1   80   41   42   34   95   78   97   44   90   70   16   28   93   95   33   20   28   9   75   76   85   92   97   91   10   20   87   79   77   50   6   91   80   7   60   45   98   99   62   23   8   42   71   7   21   53   6   49   94   24   68   93   8   7   78   36   61   95   99   30   15   82   20   74   84   80   11   1   86   90   88   100   23   55   86   
25   90   27   96   29   87   4   51   25   83   80   73   38   20   87   22   67   7   33   43   1   7   9   77   39   92   78   72   73   56   62   49   19   92   15   80   80   16   15   63   76   11   25   97   83   55   85   99   27   35   7   94   41   89   87   95   2   64   69   66   62   83   86   62   78   69   56   43   10   36   87   68   9   96   0   36   41   69   60   79   9   10   51   99   40   35   26   68   76   27   7   70   41   17   43   10   3   60   46   23   61   2   86   97   58   26   44   45   86   34   97   8   84   1   16   91   87   65   
53   88   28   83   21   71   51   33   97   65   49   52   92   11   21   38   51   42   95   63   95   68   89   6   87   83   93   56   77   79   99   81   93   65   30   44   26   44   57   78   90   25   83   61   83   78   9   53   77   46   95   9   30   77   92   18   51   76   54   57   20   92   22   6   34   76   1   25   68   60   68   60   55   61   57   97   24   2   35   16   24   43   96   87   79   6   42   78   51   16   10   89   18   71   33   81   73   38   20   32   13   24   83   20   93   37   91   49   45   0   68   88   65   63   87   40   21   3   
76   33   26   47   55   10   90   16   85   94   9   6   51   1   20   89   52   60   65   43   100   98   90   31   90   72   54   18   72   19   21   9   83   14   28   20   94   60   60   91   83   4   80   77   52   15   64   31   87   9   47   13   11   26   21   71   36   73   87   69   61   42   43   24   97   88   70   40   15   82   100   71   17   22   9   43   98   96   59   49   28   25   7   41   36   73   62   17   100   9   80   78   93   67   51   14   42   66   79   86   88   86   77   27   55   39   79   53   98   33   70   16   71   70   74   35   12   3   
99   1   67   14   23   70   76   88   98   81   98   55   0   70   52   54   44   91   83   28   80   23   12   99   99   6   71   54   4   62   53   90   56   100   47   65   37   27   76   6   97   94   71   33   49   65   32   15   93   26   99   23   27   90   26   63   64   6   48   17   11   19   32   37   59   25   99   92   22   63   34   68   43   24   40   81   53   83   57   16   76   12   54   75   5   96   20   49   94   26   46   47   92   53   87   14   94   33   49   17   37   75   13   94   46   48   21   47   62   59   22   13   85   27   64   96   36   60   
59   3   96   48   72   54   48   15   92   8   29   94   0   8   11   26   50   79   83   19   39   90   7   18   47   80   79   41   29   4   66   7   12   53   74   39   56   32   63   65   32   17   78   50   56   45   86   88   31   21   76   46   35   1   16   32   96   23   13   59   83   100   30   43   36   72   40   32   78   87   45   56   97   52   50   77   52   9   8   50   16   37   77   78   67   7   12   64   35   59   16   12   68   79   93   94   53   89   18   2   81   25   53   23   22   60   75   77   5   35   69   23   83   80   64   0   32   9   
42   46   24   83   79   51   73   59   18   83   93   98   28   15   90   9   34   73   40   0   64   86   97   96   50   10   9   77   55   92   75   23   80   55   91   2   91   26   69   23   37   98   18   54   7   49   47   24   98   6   8   88   0   12   29   12   62   50   22   89   5   6   46   71   67   83   95   46   10   85   39   23   100   14   17   11   90   55   38   69   82   30   10   65   8   30   45   48   15   82   35   90   16   87   68   69   28   4   90   36   24   54   76   4   48   82   57   71   17   74   71   92   33   32   70   3   8   34   
54   99   55   48   18   73   1   32   17   39   61   26   55   20   32   29   66   68   93   66   35   61   51   27   62   6   2   66   16   68   64   22   36   60   12   64   55   61   85   35   70   79   79   22   86   61   1   55   15   18   65   14   1   86   84   16   23   24   27   63   22   59   65   13   28   27   84   50   82   48   59   86   60   81   92   27   43   8   53   38   60   73   21   18   68   41   48   39   73   81   9   21   78   76   66   16   68   25   94   12   41   96   93   44   35   75   30   14   79   17   21   53   2   23   97   96   43   9   
20   51   81   21   9   67   31   89   48   46   24   70   12   83   97   57   56   0   25   23   11   19   54   2   65   6   66   46   36   4   84   86   13   19   41   86   76   75   30   3   4   91   75   5   10   77   80   28   26   74   79   88   40   25   45   35   81   57   81   0   34   21   59   93   86   36   24   74   55   46   68   70   49   36   97   80   23   52   3   61   75   58   23   60   65   52   76   59   28   65   52   14   87   6   42   36   87   80   79   25   24   62   78   49   1   70   71   53   82   33   39   3   81   54   84   92   39   44   
3   54   42   9   52   44   72   73   81   24   0   91   55   11   5   14   78   26   27   86   55   68   99   49   83   76   1   21   19   41   59   91   22   0   94   86   10   100   67   11   63   10   12   96   28   8   17   41   49   13   61   15   17   48   70   43   21   4   70   52   79   91   91   8   2   83   21   37   27   56   86   73   27   98   78   60   83   27   34   12   32   29   33   24   45   43   9   68   86   21   66   40   63   97   62   97   89   90   30   11   99   80   83   6   73   41   75   60   37   99   86   15   17   11   100   36   3   19   
93   18   0   80   57   40   39   97   75   88   45   38   82   62   94   31   9   61   4   50   83   30   45   37   61   43   78   75   94   6   53   74   72   32   18   54   53   92   28   14   28   89   62   94   39   0   20   81   66   95   86   31   72   4   65   19   90   52   59   28   47   63   45   8   45   4   62   45   17   35   5   53   94   17   95   24   64   94   23   75   14   62   76   75   49   34   67   27   62   47   19   56   12   9   19   68   69   16   15   16   58   78   74   1   46   12   55   5   22   23   58   71   25   12   79   62   21   67   
30   63   47   44   49   72   64   65   58   50   76   73   35   71   63   12   70   60   73   51   80   76   71   5   10   78   49   97   44   77   63   74   99   3   18   51   36   45   38   85   27   26   65   81   41   85   42   53   26   28   1   97   63   99   74   84   16   39   84   12   35   89   69   95   77   50   12   40   53   29   16   0   91   60   44   61   47   63   81   61   84   48   69   76   43   87   32   59   88   50   43   2   51   63   97   77   20   72   54   83   31   77   74   74   70   44   79   5   1   2   100   85   96   24   66   4   53   5   
90   48   50   49   95   72   51   8   54   11   68   20   86   59   64   98   72   54   52   25   77   15   49   71   50   56   84   36   17   38   17   58   98   100   55   78   42   83   27   58   24   81   21   81   4   73   39   62   47   94   24   95   36   41   7   15   35   64   69   34   80   31   47   15   78   37   7   4   48   95   36   62   19   8   80   49   10   10   55   21   88   89   75   75   44   2   42   57   60   47   20   34   34   54   19   15   83   73   0   82   77   3   97   25   92   73   96   59   7   14   70   36   39   50   26   83   46   49   
97   1   13   69   70   85   77   47   65   5   83   87   74   9   64   85   91   47   29   5   94   47   10   21   98   7   89   41   8   2   15   42   51   46   57   77   88   2   11   92   71   63   77   39   29   75   68   45   24   88   32   78   66   78   26   100   13   2   98   39   37   1   9   45   72   45   18   4   40   8   34   86   11   32   48   82   1   26   62   13   86   82   64   89   100   26   83   41   16   75   58   84   1   15   43   4   64   85   52   89   38   24   36   19   55   87   31   62   28   18   99   95   62   10   29   68   56   78   
84   29   14   74   22   82   52   5   92   26   3   28   65   33   3   56   19   63   38   66   93   32   28   95   95   15   39   28   19   0   93   100   80   82   89   19   99   68   80   25   86   38   9   27   38   76   15   32   31   95   57   0   87   40   84   56   48   52   82   72   89   82   24   24   17   44   62   93   9   54   47   13   38   49   81   13   58   60   39   41   92   78   42   28   54   38   96   53   14   98   8   22   73   23   97   56   94   89   69   72   95   97   95   69   40   45   82   38   26   90   16   79   22   77   81   4   26   88   
97   59   50   63   73   67   98   73   71   65   2   23   27   33   8   45   54   53   21   40   0   12   34   43   59   93   4   76   45   0   0   59   93   18   81   48   63   47   85   75   72   78   59   72   71   44   85   86   62   30   84   11   9   25   50   26   32   33   82   54   56   28   28   21   3   96   61   10   59   73   81   98   85   99   99   6   0   71   75   81   25   7   89   61   47   71   74   57   61   59   33   16   11   33   53   70   46   40   53   58   5   71   3   32   67   86   58   94   83   70   11   79   34   34   30   72   23   63   
2   0   94   67   77   11   100   7   92   95   90   63   31   31   2   82   49   58   14   35   93   55   20   62   91   54   80   52   96   48   31   51   20   2   76   66   58   4   1   8   50   82   72   42   7   75   50   96   14   43   100   17   76   59   72   98   47   24   85   19   12   70   95   28   84   77   96   84   98   21   87   55   77   70   11   66   25   67   62   22   26   98   13   85   1   73   44   61   42   73   67   75   33   43   7   1   40   37   18   91   66   52   5   29   19   48   10   99   100   82   86   27   82   22   54   82   39   49   
48   87   71   1   20   74   94   86   59   44   21   32   19   40   86   64   98   72   20   72   0   61   25   88   41   10   10   30   25   63   79   89   59   34   40   100   55   53   78   19   62   23   95   98   58   96   72   30   9   39   0   92   94   23   52   2   47   42   99   47   80   5   98   66   20   23   18   79   61   33   44   89   83   1   83   13   40   30   23   75   54   3   17   92   49   11   78   42   16   21   76   34   0   29   72   44   31   0   39   56   22   76   33   46   85   75   26   89   39   81   51   24   41   48   41   27   32   33   
12   18   36   26   73   16   80   94   30   82   70   80   31   29   21   1   89   22   17   11   26   21   68   18   61   5   29   38   47   3   1   62   78   76   70   26   98   25   46   20   16   58   99   55   15   16   16   73   54   38   100   99   56   38   24   92   41   47   54   33   10   49   50   21   71   8   79   50   33   9   69   24   68   85   74   40   19   85   0   24   29   25   68   28   28   65   74   23   55   90   35   51   33   44   31   80   62   70   30   74   10   61   97   100   74   52   63   46   36   45   32   93   17   2   13   45   98   30   
0   75   34   80   98   48   86   9   54   59   10   87   16   24   45   50   71   75   97   54   92   19   22   25   2   59   95   73   15   70   33   47   65   53   43   89   6   91   4   40   2   72   76   7   40   60   32   13   29   54   74   28   36   20   39   6   69   52   87   30   61   39   67   45   95   9   4   31   81   85   33   33   36   10   34   48   89   90   9   59   66   37   80   44   64   9   80   64   95   33   39   93   69   66   65   22   97   79   53   83   7   87   62   65   41   49   92   0   10   88   38   5   32   5   57   20   27   68   
96   10   69   88   53   51   90   14   16   1   63   52   90   23   42   11   77   0   9   26   28   68   56   11   22   83   95   34   81   27   29   35   95   73   3   99   52   53   14   71   12   45   14   70   51   3   26   18   38   19   27   98   42   64   98   68   71   68   43   69   69   7   71   10   38   47   36   90   49   44   26   40   59   28   66   8   96   92   0   26   82   91   31   34   96   60   75   47   21   86   85   16   67   84   68   11   38   58   43   40   97   77   69   81   28   73   73   65   21   95   76   29   72   66   98   66   14   3   
27   32   1   64   25   1   12   52   65   27   67   36   99   33   18   21   0   26   96   13   88   49   2   43   60   51   93   60   53   39   61   13   73   2   22   0   57   76   37   55   54   12   75   61   30   82   58   68   47   44   72   63   87   29   57   34   93   40   23   45   14   29   10   35   20   43   49   0   68   44   45   95   8   49   25   66   77   46   62   91   2   79   12   10   29   9   66   52   47   5   44   64   77   51   38   21   31   11   30   57   32   13   64   10   96   96   10   84   76   31   61   55   100   94   12   31   88   96   
30   4   43   22   21   74   68   66   63   42   10   40   97   79   22   55   99   71   77   79   7   61   77   17   4   94   39   11   90   80   92   75   11   26   32   65   34   3   40   64   8   65   100   15   43   62   24   33   92   75   30   12   6   72   38   49   10   97   52   60   82   73   38   57   5   54   54   1   84   8   80   80   54   83   65   64   9   57   57   34   98   44   51   69   9   85   19   34   43   96   13   20   62   61   31   21   13   75   47   10   49   59   48   88   5   18   91   87   13   60   90   33   58   57   71   32   61   28   
73   86   85   66   42   20   82   99   37   74   10   58   99   85   29   39   65   39   90   20   59   98   83   48   91   87   100   19   51   66   82   36   16   49   51   82   5   47   52   5   73   11   9   83   72   27   64   54   37   51   92   99   4   48   42   46   80   97   61   72   4   88   44   93   9   53   54   53   26   44   14   33   53   28   31   83   89   76   99   82   90   27   9   57   59   92   19   22   96   13   96   41   5   15   28   33   26   17   89   92   38   3   36   65   13   30   88   49   56   63   68   17   28   11   61   20   21   16   
38   47   85   70   42   60   16   10   45   38   62   46   80   52   47   13   80   60   60   46   80   99   97   57   64   65   65   4   56   100   22   34   35   12   58   83   92   2   100   30   9   4   91   17   2   63   78   6   8   95   100   51   11   51   80   58   41   60   75   65   25   8   89   15   77   28   4   63   60   99   31   74   68   19   92   68   99   20   84   57   38   71   98   64   90   11   25   60   21   46   17   17   42   27   74   94   36   40   47   53   17   57   70   37   15   35   31   56   41   23   42   21   26   60   10   96   52   3   
30   81   65   64   8   1   34   71   96   88   22   58   81   70   63   19   81   20   70   33   55   77   76   53   1   57   74   31   49   61   74   10   8   60   92   59   17   28   41   90   24   30   4   89   43   44   43   2   26   23   12   74   65   18   59   80   30   26   99   25   1   59   11   54   100   89   87   96   39   16   47   93   90   6   63   73   8   87   9   75   11   58   29   57   30   73   16   86   34   41   28   42   78   28   16   22   44   17   45   63   76   5   82   58   12   15   1   29   77   28   53   51   57   4   12   20   26   89   
40   70   2   34   30   25   6   63   12   13   60   43   10   77   74   58   89   89   39   2   4   23   7   63   26   18   80   85   77   57   49   60   5   24   59   73   26   16   88   29   88   55   81   66   5   46   33   5   77   11   35   1   15   99   10   4   47   79   40   42   45   65   94   18   15   69   67   48   28   82   33   70   88   75   5   66   66   90   74   25   91   82   47   32   10   90   39   39   4   84   98   44   36   82   51   29   45   59   68   47   76   6   79   39   43   4   15   6   37   95   87   95   25   82   91   72   66   30   
93   85   49   59   7   68   88   15   87   13   28   69   52   79   42   80   32   19   10   55   23   42   10   31   87   34   82   43   57   97   96   88   98   83   93   56   26   5   47   84   21   42   2   8   38   38   72   6   19   89   84   57   4   8   68   75   20   65   42   55   57   9   78   19   37   33   21   4   51   39   80   98   87   96   63   59   38   97   95   51   62   28   4   40   25   38   64   14   79   61   36   13   35   60   80   83   100   23   95   98   51   25   12   7   57   73   85   9   90   85   57   47   97   31   16   3   43   6   
26   15   33   26   84   79   44   21   30   37   49   74   64   29   54   50   68   58   58   39   94   39   85   17   98   18   13   69   80   86   12   91   60   27   31   53   57   92   50   84   55   19   77   92   10   20   8   10   47   59   61   6   68   87   89   5   64   45   26   29   64   88   12   29   82   53   62   90   85   67   13   78   73   62   64   0   96   57   35   46   18   51   37   89   6   50   55   54   11   15   86   91   41   42   61   97   97   84   76   99   79   33   7   55   79   2   74   32   49   59   19   82   35   71   3   21   66   51   
46   31   35   67   91   20   8   99   94   64   100   52   89   32   37   20   45   78   66   25   61   55   51   85   96   95   76   54   36   87   24   29   96   38   49   95   22   78   34   52   33   89   81   0   41   56   22   79   79   9   67   96   35   31   24   14   0   26   87   5   67   72   1   17   89   3   70   92   2   61   42   26   64   11   99   96   11   66   33   52   86   51   55   74   33   28   27   22   38   6   72   45   26   24   78   63   35   91   42   95   6   45   93   65   13   98   69   39   98   82   37   34   52   45   71   13   73   58   
68   27   90   23   92   91   42   60   14   25   97   37   76   80   27   76   45   7   52   88   55   66   94   91   55   36   30   34   87   96   75   23   6   87   15   12   79   85   38   66   22   79   55   41   71   77   61   67   40   87   62   11   51   15   16   81   39   37   95   98   65   22   72   93   43   100   100   29   40   17   87   13   28   67   89   37   45   3   89   91   15   41   58   62   53   56   82   86   91   51   22   28   25   9   67   52   12   69   68   15   9   30   51   25   79   25   63   16   69   54   48   89   27   54   81   46   43   17   
35   80   57   33   66   89   18   13   95   11   6   62   29   46   39   67   39   44   5   29   56   32   65   45   86   97   12   55   18   15   76   53   92   6   65   87   60   56   53   46   10   54   15   38   47   64   10   79   89   41   46   77   4   29   4   14   2   14   14   1   29   14   68   52   32   28   38   37   16   54   77   38   98   48   50   14   20   86   39   31   23   49   62   27   33   27   40   15   3   2   41   25   82   51   72   7   74   4   8   52   66   22   22   60   69   99   72   25   46   65   53   67   51   20   84   22   45   71   
79   94   11   49   9   42   0   92   83   68   86   68   12   95   97   22   64   73   71   63   12   85   39   26   23   51   74   27   95   71   42   76   39   47   22   96   6   35   94   18   55   47   66   69   72   18   5   72   30   29   19   90   87   92   22   19   23   14   55   0   67   21   61   98   95   90   37   49   100   64   45   83   32   48   31   62   13   7   89   96   17   85   80   40   47   90   30   14   86   58   7   13   75   85   66   3   93   70   87   20   63   31   52   53   10   74   85   73   49   96   97   79   85   31   6   2   71   60   
38   66   90   3   39   7   8   90   29   50   15   78   30   95   61   75   45   97   47   84   34   69   12   19   98   9   65   41   94   0   47   50   96   85   95   89   91   96   3   84   6   43   96   21   59   95   18   87   74   93   43   93   38   6   83   31   97   96   8   7   43   85   69   95   14   97   16   3   10   74   39   29   70   63   91   36   72   40   4   82   75   19   22   4   50   12   71   60   29   42   58   32   11   87   64   67   28   39   49   86   64   18   87   41   82   11   64   94   2   36   93   38   36   48   29   36   9   82   
56   11   89   50   54   79   91   94   79   87   82   44   38   73   73   45   97   41   15   98   48   80   57   39   0   86   27   59   84   81   19   63   51   43   70   26   24   58   17   88   90   15   36   58   37   78   76   34   80   63   4   14   14   86   51   0   65   53   64   35   88   72   62   47   45   21   9   80   92   25   81   84   52   29   29   2   52   41   20   91   39   42   22   3   16   98   30   1   39   67   6   27   68   1   68   40   54   44   91   33   53   68   70   28   27   39   84   51   92   35   61   21   37   68   70   33   66   40   
57   68   47   48   38   51   7   42   95   33   49   54   33   74   49   55   97   6   47   15   73   88   17   64   1   81   80   79   79   67   9   4   15   83   66   7   55   63   2   71   89   97   38   17   76   78   78   16   81   74   89   81   15   77   64   44   60   51   37   97   100   11   2   39   69   32   100   1   16   0   18   86   40   85   96   67   43   3   43   39   49   21   56   87   2   10   84   24   6   74   68   20   29   54   25   88   17   9   37   13   30   58   28   17   16   53   43   78   4   17   17   1   1   39   9   91   86   19   
49   94   43   99   69   8   34   81   59   2   99   95   91   86   4   7   89   17   41   39   2   55   91   82   21   56   80   25   63   97   63   16   81   11   33   52   17   68   84   60   26   43   86   25   92   95   77   33   97   17   72   70   30   10   67   20   100   16   40   92   75   56   68   17   24   4   91   44   95   63   12   87   99   9   65   57   42   95   35   1   57   42   75   15   5   23   77   73   87   80   70   73   6   65   75   32   74   48   82   71   30   25   87   44   96   41   79   91   71   43   40   53   20   45   65   48   29   9   
57   17   57   40   21   48   39   48   16   63   77   68   98   23   9   0   65   30   22   9   66   27   20   99   27   44   6   10   14   62   69   24   42   18   96   47   26   60   65   10   80   48   4   48   16   86   90   62   47   2   32   47   21   22   0   42   77   95   37   93   25   93   21   9   61   49   67   89   29   80   22   16   91   79   83   75   0   43   97   27   55   2   70   89   36   24   82   40   8   94   89   77   66   44   81   38   96   13   24   69   49   6   100   13   19   31   8   86   82   92   48   36   28   6   61   12   61   39   
26   96   83   53   87   79   69   61   93   17   13   40   91   60   32   3   78   64   5   97   93   48   32   17   76   86   66   68   33   29   25   67   53   100   44   48   46   24   44   83   55   71   52   62   29   43   22   78   6   63   35   15   57   25   83   95   20   32   81   82   73   74   75   52   67   38   15   81   81   37   98   64   6   37   6   22   1   30   85   12   53   80   70   6   40   30   7   13   33   44   63   3   63   21   74   19   6   35   55   19   53   6   61   52   1   93   99   20   67   41   75   74   4   92   18   99   2   47   
11   90   73   20   21   19   75   88   95   25   8   43   68   74   94   72   21   75   85   33   6   2   33   58   31   35   59   18   91   53   51   94   21   23   63   2   45   60   79   36   55   46   41   78   47   89   86   31   29   50   63   52   79   87   72   64   33   96   95   7   84   85   61   5   74   48   15   47   85   85   43   43   70   78   37   58   42   37   5   65   76   58   64   6   30   43   18   1   54   50   78   51   56   85   16   57   9   61   74   46   17   60   51   71   38   41   25   31   80   96   70   9   7   0   1   26   44   90   
50   43   9   33   47   17   84   50   85   90   96   52   26   1   4   33   37   98   70   23   97   37   68   96   17   39   52   8   55   18   44   22   54   74   93   23   38   61   49   92   27   66   50   54   73   48   95   49   14   81   90   0   28   100   90   74   86   75   83   94   15   88   76   64   15   60   58   34   82   19   3   74   69   28   67   69   14   48   2   88   21   58   28   49   65   51   2   86   41   94   77   100   6   31   89   72   90   74   58   15   34   86   41   24   9   49   70   26   53   35   89   78   48   87   61   59   12   89   
19   42   30   90   26   18   94   13   51   51   24   88   76   93   79   25   34   92   92   18   54   58   9   63   45   28   60   70   50   69   67   29   40   19   61   39   100   96   91   67   1   1   95   82   69   94   49   90   27   52   78   46   60   15   85   58   92   87   63   22   82   95   82   14   59   52   19   89   52   14   99   24   75   15   9   70   93   59   77   94   28   84   25   80   93   96   90   55   30   49   19   88   62   11   2   16   81   46   8   27   15   62   59   28   42   43   15   78   92   98   59   11   79   99   82   8   71   82   
48   14   12   0   41   89   70   74   88   48   15   83   80   68   60   3   78   38   93   28   88   38   77   64   12   34   36   11   69   100   98   52   88   36   53   61   69   81   98   66   53   1   49   29   42   45   71   76   61   16   83   61   16   99   52   39   82   52   7   1   6   24   61   3   81   100   58   28   84   55   0   95   100   45   19   66   96   47   95   85   67   73   38   5   53   13   97   71   19   14   100   43   35   14   89   71   91   26   14   45   43   33   25   31   89   98   60   86   55   56   64   80   17   37   86   16   81   7   
24   41   50   40   15   60   85   27   65   51   73   64   41   60   80   66   47   73   53   85   17   65   66   40   18   68   94   77   72   4   40   58   57   49   99   22   0   47   86   70   55   96   87   36   7   25   0   62   87   88   40   0   88   85   30   71   5   44   88   24   5   55   75   67   18   80   80   81   60   99   82   47   73   1   23   7   61   87   81   54   54   38   35   59   16   31   85   19   65   57   1   17   17   32   39   84   65   10   79   1   24   95   18   94   57   20   20   26   13   75   45   89   8   41   42   60   13   61   
97   82   75   61   37   22   30   4   11   17   90   14   55   87   81   50   55   38   22   52   39   82   38   3   55   12   43   39   83   7   37   56   36   72   24   12   72   97   57   88   98   33   94   40   72   88   34   31   22   42   17   76   77   7   56   4   7   16   47   28   22   100   84   23   7   92   98   85   85   88   35   86   52   86   8   15   20   66   60   64   38   11   63   80   61   89   91   1   94   36   31   62   76   44   8   63   17   46   8   34   28   21   57   3   72   49   24   66   44   39   9   74   1   15   32   50   78   12   
6   57   30   56   71   23   9   95   2   66   20   77   10   18   83   68   56   18   12   47   0   58   89   48   70   69   47   98   37   43   67   34   2   57   95   73   3   84   82   22   84   95   7   3   100   24   95   63   20   78   30   98   84   15   69   73   40   58   80   17   12   38   33   54   89   28   41   96   43   3   54   93   54   23   17   18   44   56   80   25   56   10   8   21   40   58   1   49   70   40   33   96   45   90   97   22   62   87   29   18   70   60   26   27   18   89   33   54   19   9   76   26   80   68   35   84   38   6   
48   50   54   99   43   89   82   65   78   31   68   41   86   19   49   83   16   16   25   82   14   40   0   18   96   85   55   82   96   22   29   66   14   21   64   23   13   75   44   37   82   22   52   56   81   25   55   0   64   93   41   35   12   69   73   39   17   48   77   53   77   33   72   65   5   16   60   19   1   99   21   55   61   33   35   58   16   55   0   5   72   89   15   86   96   3   98   63   63   50   39   15   94   99   34   42   88   31   67   56   87   77   84   91   100   96   62   61   55   0   66   41   14   81   46   20   11   51   
69   75   50   33   33   66   60   76   51   53   80   85   95   73   22   17   43   77   2   25   46   10   99   86   11   59   1   28   94   35   30   89   5   97   17   21   59   79   4   39   16   46   64   25   25   37   40   22   38   2   32   74   36   37   79   30   85   31   24   72   27   1   59   15   99   12   85   48   14   32   83   88   93   43   62   20   95   34   25   6   57   30   87   74   86   52   45   54   28   14   97   10   49   36   71   31   76   32   46   61   8   94   16   30   11   40   0   49   20   32   7   2   67   73   98   87   92   80   
45   26   18   1   0   50   83   70   64   9   35   79   93   76   5   15   13   36   51   18   13   24   5   24   28   14   78   28   48   21   55   6   18   38   2   53   87   1   87   6   31   17   78   96   67   68   62   17   60   41   50   9   2   61   33   22   26   8   98   24   99   46   70   41   90   92   25   69   64   73   39   63   38   44   15   42   58   50   11   19   26   63   62   56   29   40   2   51   37   33   20   47   64   76   31   88   29   76   30   44   61   67   14   59   84   41   22   37   91   37   9   52   51   40   13   77   79   81   
66   30   31   86   19   24   20   46   39   56   7   41   1   61   87   94   49   61   94   28   54   91   30   8   31   37   100   56   61   63   52   85   37   64   93   100   51   40   95   69   13   45   96   23   38   32   98   70   53   33   68   87   42   57   30   40   52   36   100   28   14   87   96   61   7   92   40   100   88   65   49   2   86   65   91   70   55   4   58   73   54   63   58   48   90   22   36   78   89   24   30   39   91   64   17   83   44   20   6   17   6   70   49   60   5   100   63   76   42   48   69   34   43   17   63   44   37   39   
54   20   52   5   81   25   15   58   29   17   99   19   61   24   48   29   59   77   43   77   26   28   59   94   27   41   10   48   39   64   96   56   78   30   7   8   89   59   84   58   35   71   82   38   76   93   55   10   32   4   15   64   41   94   81   84   93   68   76   99   68   87   58   65   43   88   12   37   35   75   50   37   1   65   15   85   2   58   62   63   13   90   9   59   99   17   59   76   2   26   25   52   0   96   11   81   8   76   96   90   60   13   21   16   57   46   59   87   53   39   11   91   31   13   75   27   28   95   
32   12   79   24   83   39   27   53   98   84   15   18   80   75   92   96   66   69   25   8   41   68   10   5   58   69   39   24   81   82   97   54   9   27   41   50   91   51   29   35   6   20   9   52   77   27   21   71   28   23   10   81   15   39   59   42   21   41   34   90   4   59   72   29   36   18   79   52   90   24   93   72   18   97   4   28   38   41   69   33   51   16   42   96   71   43   55   12   2   70   98   3   51   0   79   2   39   49   2   72   38   30   81   58   5   79   45   42   22   40   88   69   23   9   53   49   8   20   
99   78   90   36   0   19   54   64   86   27   82   10   66   28   56   72   83   74   63   15   80   39   1   83   66   75   71   94   13   20   8   76   19   64   51   13   65   7   34   12   20   41   24   88   86   35   48   86   27   10   95   69   16   45   35   47   57   46   97   50   84   83   75   34   61   82   13   97   77   61   75   99   61   56   100   68   57   54   94   11   39   67   32   23   4   50   24   50   80   91   62   92   58   91   71   82   63   15   42   96   77   47   47   3   95   67   83   82   17   17   63   24   51   89   18   63   97   38   
8   30   47   3   62   61   34   80   10   14   97   87   82   65   9   65   28   65   32   0   48   59   0   55   4   76   31   21   78   58   68   19   5   2   99   20   34   75   2   17   73   26   33   28   56   44   1   50   100   15   0   54   99   68   94   17   42   65   86   90   54   75   76   25   65   61   99   66   42   1   6   77   25   24   8   92   74   39   62   82   100   88   97   82   50   51   9   89   21   60   11   16   95   82   59   25   72   89   48   22   6   71   72   88   23   59   70   10   38   95   53   83   83   88   67   19   59   46   
79   21   71   49   69   77   6   41   78   3   32   80   97   80   4   48   4   19   23   55   78   37   23   64   1   38   35   65   98   19   99   54   2   30   48   78   66   75   12   57   22   33   54   5   1   78   41   38   5   37   8   74   46   18   12   84   10   60   73   39   56   6   60   69   81   21   13   90   38   54   67   36   40   66   29   13   23   8   16   90   59   70   5   54   86   17   87   21   57   67   15   6   26   24   66   99   24   90   0   89   32   90   29   40   96   79   81   15   85   3   78   15   37   85   61   14   51   3   
19   75   36   95   9   41   48   14   52   72   39   29   35   67   35   69   11   59   6   19   62   11   87   71   94   18   28   98   21   88   71   66   80   36   43   64   76   28   99   34   79   66   65   74   19   82   41   47   90   13   35   92   0   2   8   6   18   61   88   6   49   37   43   22   89   43   45   83   98   6   26   18   28   86   33   51   50   19   46   1   23   78   9   78   63   91   22   81   77   56   13   74   41   47   75   21   2   20   44   21   13   3   91   30   38   58   14   87   40   39   14   70   9   93   86   44   7   21   
18   50   93   66   47   21   82   40   7   87   37   12   76   33   98   35   95   40   45   80   84   6   23   81   47   40   8   0   54   91   30   76   99   48   83   97   33   76   40   32   75   19   46   39   25   78   3   22   55   59   49   14   91   96   79   63   52   59   20   27   12   32   10   44   99   73   30   5   56   28   60   44   5   28   92   57   13   41   84   39   85   100   34   87   81   20   51   70   33   25   59   38   26   19   34   93   47   84   50   59   73   77   70   51   69   61   56   41   37   47   2   67   8   11   63   13   27   13   
16   23   52   84   65   40   19   11   6   42   78   14   58   9   46   85   18   16   49   99   76   46   98   40   88   29   87   57   94   77   40   71   30   32   0   57   99   23   70   42   34   93   38   40   50   95   88   25   69   95   13   73   9   46   36   24   40   61   81   30   2   92   78   19   17   73   12   24   78   98   51   23   48   77   40   48   67   93   37   14   12   7   1   13   24   0   38   71   57   50   76   47   91   66   65   82   42   100   50   71   62   86   51   25   17   32   85   99   45   44   80   89   33   97   4   85   22   11   
22   32   66   68   88   70   29   20   33   6   89   10   37   41   79   83   78   23   70   37   92   40   54   26   88   42   96   43   31   95   77   5   33   100   8   14   39   22   98   53   14   38   71   58   79   43   81   72   5   47   43   63   4   21   64   29   10   77   42   13   46   21   69   55   12   13   98   33   4   63   78   72   21   46   28   61   15   64   66   24   1   54   52   25   42   13   82   36   9   96   9   1   50   9   42   19   25   65   98   39   94   45   74   35   7   86   58   73   73   30   31   44   51   28   83   89   30   95   
28   87   49   13   56   44   14   34   68   41   90   19   54   68   47   86   18   77   50   37   63   75   24   72   40   41   24   75   96   13   34   85   7   44   87   6   56   78   29   28   6   12   9   58   45   9   37   26   83   95   30   30   56   52   89   73   52   66   2   91   32   31   35   7   56   49   85   61   17   45   52   43   51   30   6   66   35   29   44   60   67   8   58   48   7   67   25   82   1   77   89   18   42   43   34   13   77   42   33   5   21   65   55   1   35   36   12   20   11   24   24   3   41   60   15   97   3   66   
40   6   64   57   58   83   41   46   9   38   22   81   72   80   58   70   88   64   70   76   8   29   67   9   78   95   83   13   38   9   7   76   10   61   87   40   18   64   44   14   40   94   16   87   56   1   41   12   79   88   63   57   96   46   64   19   24   29   94   2   15   72   8   74   88   23   43   33   61   77   60   41   76   34   2   28   67   90   6   68   87   13   87   70   7   30   18   41   21   78   31   44   71   26   69   48   76   53   100   28   46   49   40   46   79   67   46   37   51   68   13   4   26   24   11   42   5   38   
41   94   19   28   38   36   97   93   51   19   59   43   38   40   88   30   71   46   19   72   7   17   21   97   94   29   76   60   68   15   53   81   11   37   48   56   84   80   68   98   4   6   97   55   21   50   12   39   12   51   71   43   18   87   36   46   15   81   5   87   1   12   3   1   33   3   32   89   20   7   72   20   19   42   24   69   54   20   90   45   7   4   84   26   53   25   99   34   97   28   55   94   27   85   15   76   98   68   87   77   6   35   46   70   39   90   65   24   53   99   42   69   33   96   42   20   83   93   
94   76   2   76   61   63   78   60   20   41   18   91   26   1   67   22   52   68   27   94   87   19   93   32   22   25   62   69   94   44   87   15   84   70   27   34   90   70   13   60   83   76   69   43   89   91   94   98   83   11   89   70   33   93   28   27   15   80   23   4   18   41   47   94   100   18   8   75   54   100   52   91   18   81   80   9   83   36   25   74   76   73   7   2   42   69   12   98   87   70   69   37   42   99   36   59   84   49   21   45   2   51   52   80   72   33   41   12   28   91   76   85   14   91   75   87   82   51   
78   38   71   24   18   66   9   42   12   73   94   88   50   54   76   47   21   81   38   71   17   69   98   11   97   84   94   36   4   0   29   11   30   17   89   44   8   63   29   6   72   45   16   37   37   25   83   87   41   78   75   21   49   70   16   2   20   67   14   54   14   74   4   81   36   16   8   84   90   91   52   31   83   2   77   89   12   16   67   4   37   42   24   41   86   99   89   42   29   9   49   91   52   75   40   95   32   3   41   30   56   66   68   17   18   43   50   97   44   36   34   93   13   95   66   84   36   88   
57   25   28   19   90   54   13   51   66   48   78   50   75   68   40   42   18   72   46   5   53   42   84   45   95   96   52   89   44   7   62   38   81   62   70   39   12   67   13   71   3   45   98   39   52   61   28   11   75   92   47   61   89   47   55   58   25   59   100   68   83   75   98   34   88   37   70   50   29   58   6   57   72   80   47   73   76   79   25   81   61   5   57   54   60   63   52   0   66   86   56   82   54   29   55   29   90   97   43   99   43   15   82   85   30   48   92   16   28   57   27   1   0   86   65   89   43   76   
62   9   85   5   62   81   81   13   67   20   1   92   4   99   16   86   98   74   93   4   10   79   75   98   87   35   15   90   32   4   63   0   62   20   66   62   90   66   91   95   56   46   43   26   20   84   4   72   82   22   25   41   76   51   0   86   48   45   85   81   68   89   3   0   24   84   72   57   90   13   36   0   26   87   45   11   54   25   64   9   64   21   16   55   66   7   75   40   31   9   0   69   64   1   21   86   47   89   98   32   90   23   91   29   56   53   76   64   100   0   86   91   81   97   12   83   13   34   
97   70   91   5   28   87   17   29   10   82   14   58   66   54   35   92   36   99   65   35   30   73   28   77   94   1   28   37   80   41   83   40   85   8   99   61   24   1   14   64   93   68   2   93   54   62   35   72   91   45   71   86   64   86   80   70   37   69   23   65   20   72   55   18   89   44   72   64   91   87   40   37   33   46   7   44   17   31   90   31   89   80   11   68   100   72   56   84   79   61   77   49   23   32   80   67   70   57   1   43   8   20   23   79   46   39   48   50   64   22   4   26   32   9   91   23   5   76   
83   95   39   25   16   66   58   0   11   43   63   47   33   7   26   83   24   81   100   72   95   49   5   27   29   66   63   86   69   64   4   21   33   29   80   22   24   38   34   23   40   76   46   92   74   42   50   95   8   73   55   63   20   27   2   79   43   34   15   19   37   1   3   63   85   43   90   89   6   4   78   25   0   43   80   16   72   45   32   30   4   28   6   56   51   53   82   25   79   38   90   22   84   66   75   53   12   47   9   59   73   36   29   29   65   63   89   77   57   34   30   78   66   64   12   30   54   42   
73   75   44   12   45   87   81   1   73   28   84   63   94   80   35   96   63   16   71   3   18   2   3   90   46   33   89   23   78   94   94   1   70   31   48   96   26   57   17   83   71   27   8   29   76   85   19   33   12   39   44   21   91   70   89   98   54   77   19   7   68   60   17   93   79   19   39   79   25   4   50   56   68   20   97   66   95   78   41   32   70   5   80   70   42   4   63   87   5   12   51   69   61   56   55   86   74   38   38   41   29   46   0   96   95   58   21   88   87   82   61   36   86   47   93   94   17   22   
87   48   8   55   2   48   100   59   52   66   87   25   99   87   40   22   6   83   22   90   43   81   71   49   58   44   39   37   13   41   99   82   47   62   90   67   8   69   6   10   9   35   59   85   22   64   15   92   26   36   29   71   1   45   46   79   45   1   72   74   13   93   72   17   98   90   92   71   62   89   14   36   84   52   51   23   18   84   93   34   65   29   94   32   53   48   31   87   33   43   32   15   33   59   52   2   78   71   92   24   62   4   7   57   30   12   82   70   76   67   53   51   24   19   98   84   13   9   
71   61   30   7   91   8   90   51   44   80   98   13   50   45   29   94   56   80   36   18   44   68   45   46   96   88   39   8   25   12   72   4   6   81   66   92   59   68   70   14   56   95   75   92   72   39   10   88   77   56   47   97   92   95   93   58   45   66   38   10   61   62   61   93   82   0   100   9   80   79   15   56   61   28   95   81   64   87   50   64   24   10   91   25   89   53   24   98   18   32   30   49   72   95   44   86   70   26   95   3   71   48   36   25   50   13   24   24   86   48   18   58   5   1   34   30   27   26   
58   86   68   46   50   35   98   73   90   70   67   32   36   42   10   66   72   99   68   58   55   27   100   8   57   37   19   66   33   96   67   34   70   86   77   16   29   17   34   94   62   38   15   58   61   60   1   8   98   59   3   4   24   15   87   89   58   72   19   6   49   91   42   76   14   31   47   23   87   10   20   60   47   84   82   19   55   60   49   2   1   41   76   56   45   24   93   95   87   32   68   33   82   64   64   39   60   41   88   0   27   9   3   64   0   69   19   25   60   93   93   4   55   85   60   24   3   56   
97   68   61   72   8   78   32   42   43   49   93   94   66   62   47   97   58   50   71   76   60   20   40   99   30   10   43   17   89   16   3   29   27   78   15   8   83   2   85   96   50   7   55   71   37   39   21   46   16   92   30   17   99   35   6   10   35   97   99   11   62   25   94   57   80   87   89   32   31   100   70   70   45   83   5   9   85   78   54   79   8   4   75   67   98   29   88   42   52   49   73   56   85   44   66   67   34   84   82   88   82   65   31   71   38   42   23   78   4   74   30   44   54   43   87   97   33   79   
9   69   75   64   39   78   36   82   54   69   35   51   49   9   3   29   64   55   26   1   88   87   24   51   100   15   27   50   50   70   33   32   88   61   77   10   15   9   63   47   68   44   79   20   0   64   22   60   73   39   13   68   48   99   38   64   62   31   21   44   9   52   70   25   70   77   36   26   76   81   9   3   55   59   21   40   6   42   7   4   22   35   51   92   18   18   97   20   39   67   66   27   52   30   9   12   59   45   56   34   9   62   65   34   68   47   42   91   83   0   82   22   37   98   0   51   73   30   
7   71   3   10   34   86   96   31   70   26   54   73   76   2   53   56   46   99   29   3   84   19   3   60   75   88   70   69   89   62   27   26   51   17   26   99   39   16   15   43   23   91   75   38   53   51   29   79   1   63   83   17   95   33   64   56   55   92   30   27   37   48   76   100   3   29   34   76   6   29   16   0   54   98   74   88   0   50   33   5   34   22   26   65   29   66   3   11   28   40   32   37   48   73   29   91   76   47   80   33   82   93   32   1   77   78   28   36   60   61   99   11   9   83   74   34   57   25   
81   56   36   14   64   5   71   40   66   42   48   46   58   77   24   26   41   55   58   9   19   90   47   42   37   14   61   99   40   46   28   18   88   3   43   72   55   6   73   13   27   64   68   54   31   63   68   13   7   62   55   89   98   100   32   95   9   23   31   56   26   100   27   51   40   0   57   70   71   42   92   68   93   61   80   48   96   24   37   30   73   49   14   73   78   91   95   76   8   84   80   65   74   5   60   98   13   23   20   82   45   28   14   94   12   14   26   79   91   98   45   52   34   50   64   43   27   36   
97   0   10   20   100   3   94   19   17   44   9   11   78   16   97   58   32   65   49   49   89   18   74   63   0   35   71   43   3   94   41   100   40   31   87   72   91   68   21   7   87   26   67   66   91   29   19   6   26   69   3   1   47   55   10   90   47   6   62   55   47   57   39   85   85   80   33   12   7   89   11   39   70   88   74   51   46   29   89   100   5   17   78   72   48   75   64   4   79   18   93   43   83   46   92   45   98   14   88   38   34   63   12   67   48   84   85   4   16   33   75   2   24   88   12   32   69   54   
13   96   32   28   78   86   1   5   26   32   67   52   47   99   80   84   74   69   21   51   61   20   36   91   30   85   51   44   28   58   62   62   31   71   81   11   36   79   32   56   60   21   38   94   64   27   75   14   33   5   69   47   54   71   35   23   16   56   2   1   69   43   19   44   44   52   62   88   78   82   11   99   10   19   68   49   81   91   67   64   23   70   76   8   43   48   16   48   23   46   81   9   76   54   71   69   91   52   87   43   4   25   48   77   78   7   82   0   93   70   26   35   37   99   40   82   95   22   
3   72   84   32   2   21   93   16   88   29   23   51   0   64   54   81   82   84   28   61   14   55   61   5   43   33   59   72   97   10   86   44   22   49   65   0   63   77   12   73   62   75   38   46   11   70   48   47   43   39   49   57   52   52   17   78   45   99   100   28   30   25   66   23   2   32   81   15   89   5   98   15   76   45   2   64   2   42   91   100   20   21   79   49   59   79   5   32   34   33   60   28   69   76   57   66   57   15   68   20   19   85   43   18   0   22   77   23   49   15   89   32   55   36   39   59   57   39   
78   8   19   92   73   88   29   3   5   44   43   62   53   35   45   59   57   4   16   1   3   1   49   34   59   78   84   79   70   73   16   85   19   31   50   63   52   5   86   78   55   43   68   14   74   83   35   39   100   53   72   46   19   34   10   49   88   30   77   1   9   95   46   49   9   82   78   93   55   44   71   41   98   22   39   71   18   58   5   33   51   63   35   23   46   24   39   36   15   84   8   8   97   95   51   95   78   67   63   26   42   15   100   49   51   38   12   52   36   31   6   0   64   50   22   50   62   50   
70   49   66   59   66   76   4   42   43   49   57   7   22   51   33   64   87   48   66   37   56   89   44   45   81   27   4   89   95   29   67   45   7   55   68   6   23   25   59   3   67   11   19   70   34   86   6   78   73   32   33   99   57   14   85   82   38   9   17   43   98   51   53   74   25   92   12   28   91   89   49   94   67   83   22   84   11   47   79   31   2   44   29   22   20   32   86   32   18   7   17   74   67   66   67   66   5   56   12   90   3   99   63   90   65   6   28   28   89   94   1   85   95   52   64   32   38   20   
97   36   31   36   10   23   82   13   53   15   4   88   17   16   14   91   62   75   96   97   23   48   20   0   36   1   35   60   10   40   74   16   48   43   58   61   50   25   33   68   54   58   37   82   31   54   27   64   27   30   48   82   47   27   25   95   62   42   67   83   52   41   22   92   63   98   78   41   64   79   51   18   96   89   30   65   89   42   27   83   17   97   62   18   36   59   20   27   23   12   76   65   15   67   93   25   0   54   16   71   97   12   8   90   14   91   77   39   34   24   71   46   5   1   78   60   21   70   
43   71   52   19   72   56   13   60   23   42   32   53   89   54   20   8   24   22   34   24   84   48   93   83   27   95   17   9   79   94   87   87   43   27   96   34   48   65   2   25   39   44   73   95   5   94   37   84   41   23   11   18   20   83   61   82   38   66   64   57   92   47   41   39   32   47   58   93   35   43   80   19   67   38   81   70   29   34   79   66   28   62   61   7   81   47   55   39   6   53   75   59   89   47   21   67   60   80   41   47   70   53   61   48   41   17   50   17   59   50   36   23   86   46   88   83   93   62   
64   30   44   2   10   60   69   91   40   95   54   23   95   73   81   35   13   96   11   58   74   86   11   33   58   61   30   40   42   19   87   59   48   92   98   90   6   91   77   58   46   45   49   19   77   14   28   100   75   80   70   94   49   17   79   10   94   19   36   55   16   75   22   20   99   12   100   61   11   9   77   37   76   56   14   83   38   37   46   28   83   88   43   49   100   85   83   51   59   22   69   84   60   87   46   58   81   17   23   74   33   32   71   15   99   100   77   11   99   39   32   82   71   49   86   53   72   34   
75   2   74   100   49   60   12   47   40   74   41   50   100   34   39   19   67   96   98   27   80   15   44   0   39   19   73   23   63   54   36   26   44   5   78   98   5   90   93   89   32   60   32   46   95   5   17   20   36   62   72   88   0   20   78   34   11   51   100   89   40   91   88   1   44   1   68   58   85   94   15   68   71   19   67   94   28   66   79   91   16   32   14   28   84   50   52   71   49   28   16   68   87   52   35   28   47   64   11   77   35   40   12   24   86   53   22   67   74   70   5   95   57   61   83   72   98   13   
46   1   72   59   77   10   23   3   62   78   100   10   93   81   76   1   25   61   89   63   29   13   82   82   59   31   52   74   42   59   71   28   46   80   95   30   30   0   0   62   12   15   14   21   29   22   59   70   88   25   54   93   17   91   80   18   41   62   21   7   33   92   88   71   8   99   27   67   36   97   5   77   34   33   33   68   38   45   54   54   75   77   21   50   41   37   59   90   95   64   23   27   89   1   82   47   97   66   93   16   80   100   81   12   28   75   63   37   99   27   69   11   1   49   64   14   35   87   
33   88   41   27   21   5   84   61   76   30   41   39   9   46   15   11   63   100   50   24   10   80   66   11   60   31   36   18   94   80   68   46   96   65   63   59   43   98   48   67   60   48   25   1   83   54   39   20   3   58   23   67   93   11   31   79   8   5   68   70   26   33   42   68   85   30   73   91   93   21   74   97   27   16   63   58   52   51   75   39   41   20   54   19   3   93   13   68   7   33   70   50   21   42   25   26   72   87   58   21   39   71   35   39   10   11   93   89   6   21   84   22   50   76   92   63   7   34   
100   31   42   39   33   20   83   61   2   54   56   92   25   48   99   41   45   16   22   26   97   65   75   25   93   41   48   23   23   14   83   56   20   13   29   95   19   93   93   80   95   75   72   7   25   34   82   8   46   80   79   61   9   81   6   97   51   50   84   47   37   75   29   15   51   59   62   45   19   79   23   4   81   73   77   82   23   12   48   83   65   2   34   87   3   66   23   30   79   24   15   65   98   89   98   3   93   9   65   84   29   85   54   97   65   79   87   53   91   18   69   1   59   33   80   47   4   9   
17   63   95   3   62   51   34   6   100   77   40   85   17   79   91   89   17   77   8   65   9   16   52   90   62   62   49   84   29   71   28   97   63   80   91   99   88   53   36   6   50   83   70   100   89   26   1   11   55   57   52   66   19   68   30   48   49   77   73   42   25   93   6   25   2   93   13   100   78   46   10   86   18   90   49   65   62   75   96   5   85   55   4   96   68   78   46   34   96   90   51   67   1   35   27   91   34   17   25   26   67   81   29   3   70   45   82   84   81   69   44   16   38   84   73   36   69   80   
83   70   16   99   16   51   65   72   56   85   72   59   34   61   87   90   39   51   26   73   31   13   89   44   61   73   24   36   68   95   28   56   41   28   95   60   70   52   81   34   55   95   17   92   90   74   60   95   76   28   73   34   73   40   17   65   28   14   89   76   30   93   15   59   67   85   90   31   37   100   37   29   63   8   59   30   4   60   18   56   87   86   80   97   26   20   25   92   96   16   21   88   15   62   44   41   25   54   20   36   73   81   88   73   66   1   78   3   24   40   67   21   91   80   35   17   74   31   
68   16   63   31   95   60   44   66   47   17   70   74   94   93   0   20   59   74   48   85   62   47   56   85   54   36   63   94   29   54   30   60   30   80   95   78   91   29   55   11   28   37   20   93   55   73   78   4   63   84   93   71   69   35   49   37   51   71   32   51   45   98   86   59   28   72   26   11   93   88   4   63   94   13   17   8   18   49   40   33   3   51   83   31   72   100   59   15   13   16   36   92   28   4   83   71   95   81   53   78   95   42   97   99   55   58   3   84   59   93   41   6   52   59   5   44   47   74   
28   39   29   56   85   27   17   59   4   98   53   90   63   6   32   82   90   68   8   50   36   94   3   36   83   27   75   23   99   45   33   12   78   16   84   43   17   9   88   34   2   15   89   31   78   91   69   28   2   39   84   75   37   77   25   62   76   41   82   55   97   86   47   34   18   25   4   1   98   88   28   53   9   64   3   38   5   45   69   64   76   47   67   79   31   95   5   44   94   29   1   43   53   34   69   43   80   71   15   6   61   100   31   24   65   6   89   0   6   18   14   34   38   97   6   6   59   71   
21   35   88   35   38   93   5   100   4   19   89   49   32   61   69   55   70   85   2   57   99   17   27   39   94   13   75   16   71   97   81   63   100   77   25   21   42   3   28   11   51   4   7   70   16   10   91   55   54   97   26   86   52   48   31   83   54   18   46   68   67   85   60   40   58   95   3   58   20   19   53   34   33   40   89   35   48   96   77   29   19   20   74   86   36   72   3   30   34   20   16   72   63   29   22   6   72   96   29   62   53   39   13   58   70   51   57   92   82   49   75   0   53   78   66   98   3   10   
81   80   52   41   95   100   69   1   44   22   68   4   34   2   64   30   97   81   55   24   82   2   26   46   52   4   95   61   44   92   43   10   5   96   74   46   41   31   24   75   70   1   26   13   94   63   4   49   23   75   13   43   58   91   20   93   99   26   69   2   12   76   63   53   0   98   31   69   49   46   15   59   44   30   2   47   64   83   13   64   28   57   59   57   14   36   2   33   80   75   46   83   12   64   33   18   44   63   22   83   85   37   68   43   83   44   65   21   60   91   15   17   19   47   27   80   25   64   
84   43   0   87   28   39   53   19   35   87   25   35   37   11   71   85   71   57   48   41   89   64   85   73   83   100   15   58   25   11   24   49   52   84   94   3   60   90   20   63   25   7   76   19   47   76   70   22   95   92   16   94   56   22   3   86   3   85   9   80   27   68   51   20   73   89   37   18   8   77   66   97   25   68   23   15   30   90   26   41   40   36   31   57   63   82   70   2   89   30   11   1   76   55   70   92   78   97   6   98   61   45   10   65   80   12   1   59   70   17   6   32   30   8   0   24   77   3   
40   10   72   52   65   28   93   19   80   58   97   33   10   25   33   28   3   68   51   7   2   23   62   43   22   19   21   8   20   18   38   37   21   60   2   3   8   13   91   73   30   23   82   33   36   100   62   23   13   29   25   89   94   57   68   81   54   91   76   2   21   89   38   86   35   74   10   11   58   44   22   21   11   61   68   99   60   54   82   18   99   68   17   52   92   44   20   97   74   29   81   61   21   65   84   9   50   2   83   76   11   60   26   68   84   55   44   91   91   88   1   28   19   41   51   87   12   31   
83   37   56   54   1   49   35   31   13   58   89   18   91   97   8   76   30   90   20   30   6   61   74   68   39   67   20   15   16   63   93   38   37   22   87   9   14   33   32   52   89   42   93   26   89   67   96   80   1   76   9   82   17   93   90   70   3   38   15   82   5   83   30   69   3   42   52   56   23   76   60   27   73   20   96   60   1   58   87   15   24   58   62   26   80   100   22   68   81   75   75   59   64   73   94   63   33   93   10   34   45   89   26   14   62   26   66   18   96   39   89   14   38   21   60   26   58   62   
22   73   6   5   9   64   19   71   11   31   1   9   20   23   72   31   64   98   3   54   43   34   32   51   56   83   10   37   59   37   12   86   48   96   85   81   89   97   100   47   65   21   70   46   70   72   59   94   19   66   16   66   0   32   98   59   26   76   42   12   60   82   29   85   19   49   7   38   68   32   75   47   52   32   37   65   12   49   6   12   25   84   67   71   4   1   33   0   13   6   74   38   0   81   60   36   69   83   13   91   77   98   39   28   53   55   74   3   53   59   49   53   94   12   95   71   5   28   
84   27   74   83   52   2   69   89   31   57   49   22   91   79   9   45   99   68   28   43   91   29   87   100   84   90   89   15   24   39   34   21   1   37   86   57   49   1   50   82   20   27   58   98   68   1   41   60   66   60   94   20   10   90   40   91   75   68   36   51   73   11   19   42   67   17   11   56   14   72   27   76   22   36   90   98   50   39   81   75   28   50   100   59   28   7   83   42   20   93   89   65   41   10   33   81   43   72   87   24   9   79   56   15   36   98   86   53   11   83   65   67   6   22   81   37   8   84   
67   55   98   72   72   89   12   29   36   57   37   31   37   95   40   11   27   7   2   91   44   20   56   69   60   49   57   90   92   58   96   17   28   40   20   82   10   30   33   86   15   74   27   52   3   22   80   78   86   55   72   77   92   29   97   38   88   32   88   19   26   9   28   85   80   76   44   27   79   54   36   3   7   61   62   8   24   60   10   24   32   10   85   85   56   68   92   73   43   97   97   70   20   100   48   72   84   92   86   9   27   56   27   23   77   31   74   18   1   21   47   89   49   34   66   97   9   87   
50   90   97   96   47   90   9   84   32   81   31   10   46   29   31   28   30   84   80   73   61   56   9   53   62   21   36   68   69   68   9   54   18   84   85   52   4   5   99   66   21   30   58   34   80   56   41   97   57   71   59   60   96   60   78   33   81   56   33   70   73   29   3   75   22   73   80   10   56   66   56   12   20   100   91   60   52   60   81   58   71   5   29   44   68   3   97   24   62   12   6   19   5   28   82   59   40   35   84   85   49   24   86   9   38   39   78   92   43   27   86   54   84   28   3   22   65   78   
65   96   32   31   5   47   88   59   38   24   37   11   100   44   44   71   60   40   27   67   93   26   60   74   97   12   82   22   62   23   12   66   92   58   69   77   84   64   12   85   36   47   39   27   62   63   10   65   41   96   46   59   0   70   82   80   95   77   11   67   90   92   44   65   38   62   58   96   9   3   87   27   10   33   93   63   71   83   9   64   53   40   29   36   52   23   97   24   70   63   58   44   68   8   98   64   61   29   22   25   15   21   30   53   92   71   57   58   82   37   13   45   69   39   66   61   57   73   
63   30   44   10   14   27   83   38   49   95   52   48   10   59   85   47   70   20   89   1   82   10   75   6   26   94   59   48   68   54   41   77   12   96   72   23   81   58   39   22   89   48   70   81   62   36   70   14   30   47   53   12   64   68   58   44   11   88   54   6   27   21   18   3   25   67   12   99   77   39   21   44   78   5   58   91   90   11   98   24   98   42   98   67   22   95   9   96   54   17   23   8   9   48   27   79   96   7   40   59   65   43   43   30   38   74   30   11   34   10   87   10   27   58   39   56   9   29   
51   97   100   67   59   22   84   51   82   61   36   53   20   28   85   49   70   58   98   63   1   37   74   87   81   81   57   95   39   11   90   93   51   64   0   97   4   3   45   7   22   66   24   28   91   0   35   85   2   73   90   73   66   76   47   45   54   89   89   24   15   90   70   11   92   22   11   24   28   30   79   27   39   82   0   33   49   44   46   88   10   31   44   20   13   73   7   69   9   87   92   69   62   31   92   44   72   68   17   94   11   93   98   55   83   74   0   14   39   11   13   32   12   22   26   25   69   60   
70   80   5   20   1   85   83   47   47   66   100   56   32   50   90   39   40   58   88   96   7   49   14   25   72   80   86   23   88   68   97   45   70   77   11   94   96   86   93   65   100   21   23   61   29   8   48   42   42   39   66   27   91   84   99   22   49   24   13   75   95   41   3   84   71   44   89   45   90   29   28   86   30   15   76   48   42   14   25   70   38   46   11   48   63   0   37   67   3   55   1   72   39   77   88   86   26   11   41   80   37   1   6   17   33   35   1   11   92   71   17   86   81   28   64   32   85   50   
88   57   25   55   55   23   96   61   43   23   6   33   23   80   16   87   83   15   28   22   17   4   65   76   97   98   83   34   76   97   42   22   23   17   89   6   73   24   4   9   32   5   57   48   65   22   37   37   20   2   52   13   60   85   8   56   50   33   75   47   88   94   51   59   79   68   16   13   0   51   93   80   81   42   50   23   28   13   100   10   12   61   89   67   13   31   44   83   62   71   26   11   90   27   70   67   45   59   6   53   18   39   8   40   48   50   84   2   26   53   10   64   98   46   94   54   6   89   
69   78   58   42   64   85   57   46   10   30   56   33   14   82   27   0   89   66   22   16   95   41   21   20   65   43   23   19   65   73   3   59   82   17   30   76   81   92   76   71   63   32   36   25   11   21   83   33   94   77   98   40   45   76   41   9   60   44   92   64   38   4   61   4   69   77   59   80   67   73   26   82   21   58   54   80   71   55   70   28   51   20   72   60   0   53   14   35   9   98   24   34   73   35   14   55   98   24   74   20   60   77   56   93   67   20   36   51   10   31   60   79   29   32   40   77   93   7   
35   63   4   50   16   85   29   60   99   92   59   17   38   37   92   89   26   40   64   55   34   3   63   73   30   13   69   47   0   84   46   73   11   67   4   26   51   97   24   87   12   54   62   83   82   58   24   23   84   10   65   2   50   67   74   41   46   56   81   53   99   100   69   13   13   32   68   84   94   22   48   49   57   28   47   42   3   49   99   100   70   33   95   25   73   10   47   1   67   94   94   11   41   24   55   38   68   69   12   74   20   46   7   67   84   73   30   6   36   100   46   81   2   21   74   58   81   49   
71   8   3   91   54   25   88   46   91   87   0   60   96   44   52   12   34   63   89   57   3   53   51   26   66   63   97   21   92   51   69   40   60   94   19   82   38   55   98   68   95   41   63   47   33   4   92   2   2   5   78   7   43   58   64   6   57   82   1   40   89   64   82   18   35   18   0   86   58   99   81   72   8   29   77   95   25   17   12   98   6   83   20   33   48   47   0   18   29   80   73   81   9   49   81   73   24   67   60   91   54   91   80   56   37   24   41   74   75   21   89   77   85   73   93   78   77   4   
32   97   96   75   57   38   64   59   16   1   9   4   88   47   84   34   48   19   82   66   52   42   68   6   72   60   34   17   91   85   31   8   76   48   95   91   48   36   73   20   99   99   76   11   27   2   37   42   39   86   93   15   36   60   15   18   48   80   78   16   58   93   65   99   78   18   50   47   0   42   76   86   14   90   57   40   96   16   65   35   8   52   81   68   95   87   59   51   40   41   56   41   75   14   74   34   71   6   26   39   30   76   58   15   34   28   73   88   12   65   37   4   24   7   40   33   0   61   
53   14   48   21   0   44   99   55   69   65   30   0   100   29   23   49   44   83   70   78   73   64   67   1   51   22   23   89   98   72   63   67   91   96   89   79   67   83   4   50   69   10   24   39   39   52   58   73   47   38   46   79   9   32   43   67   42   19   98   75   31   73   81   24   89   74   70   86   46   63   85   19   50   16   24   77   42   32   50   78   30   61   45   54   12   60   58   41   10   66   4   8   16   17   33   56   43   47   39   10   69   90   34   88   5   68   3   21   17   64   8   57   64   66   95   15   22   18   
35   20   2   83   14   54   79   42   24   5   5   66   39   90   93   40   2   75   12   18   25   36   68   3   4   54   43   98   92   21   67   52   63   43   33   99   85   99   27   91   25   36   9   70   47   43   58   46   58   100   2   48   30   88   88   10   16   18   25   50   9   83   73   93   61   46   70   79   91   5   21   33   40   16   49   100   78   21   88   40   37   10   96   21   28   25   26   50   14   40   22   21   52   19   27   61   26   43   68   47   39   65   10   58   57   92   82   83   95   90   21   0   57   35   8   54   70   86   
68   24   36   78   44   18   31   42   76   100   35   1   100   15   39   57   6   71   100   38   63   91   80   99   51   86   80   70   39   96   11   62   17   80   2   10   75   76   23   8   46   67   6   38   41   13   81   92   13   29   62   51   36   32   5   40   63   82   12   33   70   24   24   53   11   63   48   64   20   40   2   26   71   37   18   92   89   64   5   64   26   77   25   88   79   27   66   43   89   77   34   8   11   46   28   5   27   53   81   53   0   58   74   41   81   80   99   86   89   65   58   59   29   46   30   14   76   0   
83   20   14   35   69   35   78   4   12   35   98   6   77   43   45   43   59   20   11   42   41   7   27   91   58   35   72   69   93   54   24   98   76   23   66   57   53   5   62   65   13   54   90   46   6   89   6   35   43   37   86   59   73   31   19   68   1   26   34   10   20   15   89   81   27   21   72   18   88   49   20   14   45   96   62   10   14   19   63   40   12   22   41   63   60   19   72   33   94   31   83   89   52   89   67   2   60   20   96   64   57   74   0   96   29   65   17   45   38   11   99   77   80   100   24   5   81   31   
4   95   34   100   78   85   30   65   91   47   57   10   15   29   76   51   91   27   83   33   14   28   91   55   44   18   83   49   47   25   51   71   93   72   80   45   16   59   31   87   28   13   57   69   19   11   41   55   70   65   61   77   88   69   15   78   38   29   42   16   90   54   97   87   84   32   53   96   18   60   12   74   24   45   7   12   24   6   24   47   37   43   50   72   90   58   14   57   4   35   36   53   42   59   16   24   17   100   65   7   13   10   14   23   31   19   51   18   47   51   70   12   55   15   41   10   24   57   
24   20   88   47   25   78   50   53   12   1   79   20   70   58   5   55   16   100   99   11   91   9   16   51   17   41   67   26   55   100   60   51   5   88   81   33   65   48   60   68   1   77   21   79   38   9   26   29   13   34   15   12   52   73   28   63   8   32   86   96   95   62   6   58   31   72   97   16   50   87   26   42   52   98   89   53   3   59   90   78   12   80   33   20   34   50   92   53   16   54   54   22   71   94   32   15   6   49   88   12   62   56   5   92   91   77   8   16   43   32   14   32   77   68   31   45   27   24   
87   79   90   59   2   29   58   96   10   35   40   53   21   32   81   10   60   65   11   41   97   30   64   89   45   15   42   68   69   3   31   1   95   44   46   16   97   79   11   87   72   99   76   32   61   96   90   95   64   31   79   70   36   47   100   1   92   45   87   73   86   7   100   84   48   14   74   37   98   75   9   39   28   44   80   35   64   60   39   60   94   53   47   30   79   29   56   83   43   29   31   61   72   72   69   75   34   63   41   35   71   38   21   30   2   23   6   93   82   100   40   88   70   99   26   66   81   0   
88   58   37   50   74   33   38   87   46   0   12   23   8   1   40   48   11   55   81   14   41   55   71   58   73   13   8   94   28   9   69   96   25   11   31   12   60   74   92   54   67   38   95   89   2   81   97   65   3   74   40   84   69   13   50   81   40   86   46   43   47   100   78   37   18   17   67   30   23   82   25   68   55   40   41   93   30   93   52   86   58   4   42   32   44   33   70   66   31   91   25   55   52   55   67   42   27   37   28   52   89   46   35   13   83   11   40   69   23   83   0   40   59   66   12   80   24   68   
65   61   1   57   22   36   88   46   97   43   86   30   48   94   92   68   26   49   15   69   11   74   6   27   71   64   28   83   40   71   56   65   74   99   84   87   84   4   1   98   38   96   63   56   26   13   24   68   55   73   82   91   88   96   81   9   32   89   13   72   16   27   82   16   22   79   8   84   99   95   61   90   7   99   82   91   81   86   18   45   72   72   76   84   78   65   29   41   1   16   52   100   13   88   91   43   68   44   1   70   7   25   68   54   60   1   36   60   89   57   74   29   97   70   94   28   8   46   
16   93   34   14   69   31   7   99   59   28   7   46   48   85   37   95   45   82   80   41   51   84   58   58   57   41   52   73   37   23   9   3   11   10   35   75   37   27   73   21   25   83   55   52   90   5   50   36   1   82   68   2   24   36   21   86   58   90   32   42   97   26   54   28   11   51   38   45   32   19   14   88   64   38   60   6   25   76   27   57   52   60   23   1   80   24   64   78   41   43   92   44   77   28   24   22   17   21   49   53   14   94   29   38   25   9   78   100   78   53   7   17   47   49   44   27   84   27   
74   32   69   60   3   17   15   14   47   41   73   43   1   8   59   88   9   75   63   6   34   33   32   51   84   61   98   15   76   14   86   70   64   19   84   80   32   43   95   60   89   85   24   80   3   78   52   76   35   32   3   2   2   29   9   35   45   79   79   78   77   49   78   82   21   67   73   38   2   55   54   12   28   9   70   32   87   32   3   45   100   2   30   86   52   84   45   78   23   17   58   45   88   23   50   34   71   43   90   21   81   82   29   4   74   73   51   57   31   93   100   99   75   77   28   63   94   58   
19   27   46   81   68   76   97   62   53   26   12   18   64   35   44   78   82   21   16   83   59   2   20   39   14   91   83   9   14   31   41   35   50   58   80   20   98   68   89   72   18   21   93   69   83   44   17   69   96   24   78   37   93   50   17   48   26   59   20   33   19   34   7   73   30   86   5   86   47   15   62   66   21   51   65   24   41   99   14   51   100   92   30   39   43   30   14   83   93   67   48   78   48   60   45   50   69   37   24   35   1   25   21   14   73   66   61   93   74   22   21   60   46   29   78   96   8   46   
45   37   69   15   88   82   34   81   11   54   60   76   57   31   50   75   91   10   98   64   14   40   79   94   4   55   38   53   7   27   15   7   91   74   58   94   28   93   9   28   65   52   83   11   7   44   72   31   68   9   40   54   37   25   94   97   19   86   32   39   41   7   50   94   94   43   65   17   32   69   50   35   87   20   3   97   13   100   17   91   6   50   45   77   62   28   43   97   85   16   3   1   37   43   54   3   15   90   78   95   7   81   77   85   7   34   87   62   79   56   45   8   50   19   74   25   57   96   
96   46   39   25   18   49   64   77   71   98   79   25   77   95   60   16   82   5   81   82   91   57   52   25   64   90   98   30   52   41   93   74   80   8   41   79   35   78   4   99   19   46   74   23   44   73   4   10   94   76   24   39   58   96   40   58   0   19   3   60   38   51   23   2   3   7   23   8   52   19   48   13   27   50   56   45   98   82   21   91   13   76   75   51   74   57   72   6   48   11   95   34   55   39   79   78   80   68   62   53   38   91   77   37   92   11   34   44   44   35   95   2   50   89   73   57   32   90   
49   63   73   94   16   35   38   38   72   1   93   58   52   67   44   76   56   46   66   12   88   84   46   80   21   22   56   61   16   25   78   32   29   58   72   79   29   74   83   5   15   76   43   87   63   4   70   78   97   60   64   39   23   57   92   35   19   26   38   82   58   13   66   97   61   17   3   32   65   0   59   60   22   61   72   88   15   61   76   83   28   48   92   89   57   53   38   81   44   45   53   60   84   46   80   87   9   60   70   69   28   62   82   20   11   21   96   44   10   75   94   55   24   34   51   64   10   75   
53   54   50   90   45   80   27   67   94   73   14   35   22   8   53   9   24   24   46   91   14   38   15   22   15   56   58   68   45   63   14   61   66   24   83   60   87   35   39   86   31   2   96   54   43   82   15   15   30   61   93   3   78   22   57   30   53   56   61   77   31   22   13   31   38   1   35   94   17   13   67   47   9   35   14   46   60   20   39   1   55   35   33   63   85   80   0   1   100   98   50   64   15   71   64   90   91   50   58   13   3   89   43   13   33   13   32   48   87   59   8   44   1   89   34   78   20   87   
52   6   57   37   91   32   69   2   85   100   65   72   16   40   75   28   48   14   95   77   82   5   0   51   37   79   84   29   44   93   30   79   19   13   84   99   10   67   44   11   39   59   93   81   29   73   11   74   14   30   7   37   22   19   2   42   70   15   52   98   13   93   20   48   33   44   94   35   55   6   5   42   0   49   45   51   34   63   91   48   10   39   98   8   8   96   11   67   13   5   85   64   88   38   68   50   72   29   56   3   22   24   86   57   49   73   42   65   6   20   87   44   55   4   68   83   35   27   
82   91   49   41   68   52   97   18   9   44   45   53   66   79   31   95   43   93   84   36   36   12   53   70   9   61   4   98   33   44   28   62   3   18   43   24   73   58   5   59   10   25   73   61   72   23   57   6   46   13   44   2   16   100   64   28   21   42   4   94   25   38   54   89   8   59   8   41   29   18   1   16   50   0   69   27   98   43   3   100   59   77   77   47   86   70   47   87   79   87   20   79   73   52   20   34   81   79   42   32   52   1   32   93   64   32   95   69   50   12   74   4   9   19   12   57   0   62   
93   81   93   27   24   11   33   40   82   81   74   53   91   53   71   90   55   72   52   84   58   81   9   47   57   71   77   73   15   90   92   60   87   9   12   50   33   83   99   44   36   22   53   77   28   21   76   42   25   24   37   16   30   4   46   50   88   89   71   100   26   14   41   1   3   77   18   23   3   2   66   24   32   15   82   62   55   51   46   20   9   100   78   40   81   6   30   20   40   76   20   63   17   13   99   99   25   81   74   30   10   58   39   82   69   29   12   2   43   82   77   10   5   43   42   1   43   58   
9   18   75   83   35   57   3   68   61   69   87   90   61   59   94   84   38   22   8   73   50   98   75   40   100   74   73   4   2   28   87   33   68   68   5   98   25   1   35   22   58   86   11   33   100   85   89   72   29   29   52   2   6   61   69   48   34   94   47   45   30   30   52   30   44   80   24   15   90   24   77   77   0   62   9   80   1   77   24   52   82   97   10   39   72   41   85   5   70   49   83   82   60   69   2   93   0   12   28   55   65   85   6   39   38   68   66   43   0   2   39   1   9   1   0   13   87   38   
96   83   6   11   28   55   97   33   70   76   67   17   98   70   83   5   61   11   82   55   55   79   35   61   83   51   7   55   70   99   84   97   81   62   60   81   89   11   52   85   90   71   81   63   100   58   76   93   33   94   70   53   5   61   36   81   29   17   1   76   79   13   82   100   48   32   79   65   42   66   73   37   70   21   49   88   72   13   83   45   4   18   73   9   84   55   23   51   18   31   43   42   66   89   40   68   15   47   82   79   14   24   88   68   48   9   67   27   41   1   14   42   74   40   85   64   55   7   
26   17   38   74   13   33   63   26   87   77   22   62   82   73   44   52   7   82   86   16   83   57   43   82   55   29   61   27   72   8   42   86   45   27   38   87   6   77   95   84   47   7   69   72   25   95   63   100   99   74   73   78   84   9   12   51   22   27   77   88   65   60   78   36   76   47   44   34   85   67   34   56   21   56   29   89   38   75   98   57   47   25   71   68   50   99   74   19   78   85   2   58   75   6   71   59   56   64   98   27   95   29   76   82   39   95   46   28   65   15   45   25   30   87   42   78   18   61   
86   97   85   30   53   61   50   41   20   22   58   26   50   66   74   81   52   99   52   53   43   31   60   0   47   15   60   15   58   60   26   100   43   97   21   77   100   60   20   75   95   4   90   12   21   54   34   28   71   62   18   31   55   53   64   38   59   90   10   9   53   91   61   14   10   72   27   78   47   65   59   52   52   46   22   55   6   54   50   83   0   35   21   62   53   32   7   63   24   25   43   91   85   63   17   48   38   12   36   65   71   24   18   89   28   74   20   69   80   69   59   91   86   38   3   100   71   27   
51   84   92   38   34   27   35   75   11   47   68   84   84   31   73   27   98   70   64   70   56   11   34   5   47   97   14   22   16   92   46   34   20   4   23   17   72   38   61   81   23   78   59   32   81   34   85   12   28   28   84   62   21   27   72   35   38   55   37   34   11   14   73   62   2   21   53   20   98   29   31   4   63   96   3   84   100   64   25   16   19   4   3   96   63   43   2   22   77   51   37   58   76   71   29   72   6   39   59   38   46   49   70   28   20   83   35   98   53   54   49   27   100   46   69   43   74   16   
22   17   65   20   9   24   37   96   53   9   10   32   79   27   16   97   41   43   51   3   20   57   100   7   96   66   51   30   48   63   82   87   3   1   10   54   49   42   17   0   28   78   43   16   94   66   87   81   29   53   58   41   82   87   44   72   7   99   54   59   8   38   50   8   0   21   74   0   55   57   99   90   19   62   38   74   95   58   49   33   76   18   19   36   35   86   37   40   3   40   4   62   36   55   26   73   18   9   86   67   21   18   48   32   69   99   68   84   36   16   61   49   58   70   5   75   54   50   
92   29   64   50   33   89   95   46   93   16   45   75   24   24   21   96   67   9   78   72   73   73   28   42   9   21   28   76   100   54   78   42   77   35   80   70   76   31   28   41   53   64   70   45   70   60   5   13   37   69   61   61   12   77   55   30   36   52   12   93   14   92   35   46   10   72   73   65   38   56   81   19   48   24   84   26   43   16   31   84   66   5   29   24   71   72   57   41   19   53   87   31   74   86   85   52   94   7   36   58   67   64   70   43   32   7   43   42   66   35   88   11   98   47   39   6   58   13   
10   37   54   35   52   80   68   15   66   29   66   54   25   97   68   93   1   24   19   42   7   93   86   55   71   34   91   62   14   69   25   88   61   73   23   50   81   45   86   20   7   0   35   84   33   35   69   10   7   41   0   6   94   16   0   87   88   86   20   66   9   14   32   90   45   83   50   12   12   2   2   16   85   4   27   85   54   23   23   80   97   73   16   17   41   0   78   62   74   27   20   81   45   49   36   61   32   56   3   95   4   31   99   89   69   83   6   26   21   29   5   19   31   41   11   59   2   19   
79   90   60   71   45   13   21   82   13   85   86   3   80   35   54   26   56   82   35   63   11   93   52   74   81   13   55   72   23   53   43   81   23   88   59   13   37   27   7   0   27   94   46   51   61   34   24   6   61   71   19   66   49   88   97   44   80   94   68   66   57   81   22   81   17   3   94   48   23   99   61   24   7   98   93   77   45   21   89   19   44   24   100   92   56   80   53   98   52   35   83   79   79   55   96   24   80   43   4   81   46   23   2   87   93   25   66   97   16   87   97   36   75   76   20   7   31   95   
91   39   81   24   38   83   60   65   81   62   26   63   87   98   74   24   70   71   69   11   19   99   24   70   43   69   33   81   79   60   30   69   73   38   97   10   41   26   14   35   51   70   25   99   73   59   36   15   12   3   19   54   92   80   84   64   33   23   66   43   68   70   39   23   14   94   90   66   12   23   54   49   4   83   60   39   56   38   100   99   41   93   37   38   29   88   50   40   23   22   64   19   78   41   23   29   73   26   90   24   60   90   84   69   1   61   100   17   48   26   94   93   8   0   84   98   70   90   
36   52   14   99   27   91   69   11   60   81   0   12   47   72   93   53   100   28   64   90   84   55   27   32   75   53   30   78   0   51   36   6   15   45   12   44   70   42   7   5   68   75   86   31   32   54   40   32   46   20   59   55   16   40   88   78   35   87   11   29   37   95   62   2   33   99   94   90   82   11   42   11   75   1   4   87   45   79   41   44   55   46   100   64   50   77   64   61   18   64   97   40   55   58   32   8   42   28   10   50   45   48   98   32   55   22   95   78   44   95   24   20   99   73   28   11   93   47   
