86   66   51   98   90   34   21   14   67   66   53   2   6   43   85   47   12   100   12   69   82   56   33   93   31   90   0   2   94   0   10   81   80   64   10   55   59   53   77   54   98   77   50   22   8   4   50   69   8   48   11   14   7   27   63   31   91   42   100   12   52   71   13   34   18   32   76   84   69   54   94   66   96   90   62   49   0   11   86   66   46   82   18   44   37   63   22   13   56   55   28   39   95   73   49   34   60   93   27   95   41   18   50   58   39   15   48   2   58   3   66   59   38   20   95   46   97   49   
32   78   94   71   5   66   76   9   94   12   53   32   58   14   88   27   14   20   38   52   95   26   75   7   33   62   59   70   93   94   71   65   70   20   41   30   65   4   35   52   98   61   47   51   2   40   63   95   58   33   60   16   24   5   25   16   69   83   63   3   13   28   14   100   86   2   19   46   62   90   70   66   12   16   8   14   43   12   16   74   96   12   30   47   85   67   43   41   81   76   38   68   30   68   61   100   25   77   39   40   0   45   8   97   62   31   65   56   2   49   70   5   6   67   45   84   10   99   
63   67   23   29   44   97   0   26   62   42   3   89   98   65   56   17   69   13   70   70   74   18   61   33   43   56   72   33   82   18   4   23   96   76   6   69   9   96   3   4   62   25   7   42   1   7   45   74   37   74   77   86   3   53   74   32   21   26   0   57   86   42   63   27   7   20   44   45   100   83   87   25   15   88   10   31   9   6   96   30   56   33   30   74   91   23   83   69   83   69   33   7   4   41   14   31   41   38   55   54   16   82   54   96   80   2   51   13   40   31   2   29   90   71   17   96   48   68   
71   49   55   15   52   26   36   54   1   44   89   5   86   33   36   58   90   0   100   51   100   54   36   33   44   10   8   37   50   59   36   94   13   40   4   28   92   58   45   69   5   70   87   91   70   48   76   43   74   38   0   98   48   56   34   8   83   73   77   16   10   65   74   94   95   71   28   65   85   69   90   56   3   77   11   8   68   27   34   83   38   59   78   17   48   77   38   0   3   46   62   73   69   67   89   65   95   8   57   47   4   17   11   6   3   34   91   64   71   83   31   86   73   28   28   65   72   65   
78   87   76   60   36   98   16   56   60   99   19   7   40   73   29   1   41   66   80   16   38   30   3   89   48   87   20   47   1   67   44   65   79   26   77   87   69   39   81   11   81   6   59   23   51   17   99   49   17   81   61   72   0   17   84   64   28   43   40   19   10   9   24   83   28   95   72   78   53   23   8   63   2   40   78   86   61   43   81   62   44   27   91   30   23   72   49   68   9   84   32   87   21   93   26   25   63   51   59   62   44   40   71   32   89   52   78   82   14   98   9   85   7   61   92   66   57   8   
79   58   9   65   29   14   11   79   7   44   77   27   90   18   6   17   61   84   24   47   64   22   0   80   98   49   67   23   23   22   49   70   53   28   50   35   0   4   73   85   99   64   73   37   33   63   13   93   48   32   12   38   48   89   50   75   97   34   87   94   96   92   51   47   83   67   69   59   90   67   99   91   55   14   53   67   16   80   76   33   54   9   2   3   61   14   66   53   69   95   44   99   81   41   26   87   58   95   31   12   23   8   38   98   23   100   28   10   80   53   100   23   52   50   95   6   24   25   
78   87   85   15   36   94   52   37   49   94   87   32   24   61   82   32   66   85   5   90   42   71   77   55   83   70   41   2   98   51   62   97   72   62   20   3   34   63   71   54   62   65   35   100   51   73   41   87   92   35   96   40   70   0   92   78   88   69   27   15   13   91   17   31   58   47   77   100   72   69   80   5   63   50   73   52   29   94   17   86   93   14   36   84   21   57   43   60   56   49   27   59   10   81   56   96   14   56   5   49   79   79   28   84   36   82   19   95   1   97   100   23   18   78   70   92   65   9   
89   47   32   66   99   7   21   61   50   73   46   76   71   12   10   24   82   53   47   2   53   82   95   39   89   36   25   41   37   45   5   95   83   86   39   6   93   46   56   43   3   19   82   49   26   95   9   55   67   41   70   17   20   39   63   97   8   11   70   78   10   84   17   71   17   14   19   67   32   33   64   88   13   64   60   67   0   66   3   49   97   7   37   64   84   16   26   90   13   61   36   94   10   44   60   100   14   49   39   64   77   90   0   53   48   77   9   53   42   6   97   18   34   49   10   80   6   27   
35   26   86   93   100   6   60   12   83   41   14   53   51   3   50   43   41   51   49   19   41   29   10   95   54   96   97   5   10   98   59   61   27   86   28   58   59   6   31   40   10   6   98   92   23   54   84   88   36   14   53   87   70   3   80   96   47   65   43   64   96   79   49   6   35   27   74   71   53   68   31   91   79   91   17   74   21   93   8   58   41   87   78   51   13   87   14   55   63   75   81   53   9   22   15   86   79   7   17   97   51   51   97   6   21   87   66   32   67   90   96   54   89   9   78   74   34   88   
4   32   72   52   55   83   11   64   74   79   69   75   28   94   8   7   65   82   38   42   59   6   82   68   72   12   21   82   95   50   81   70   41   99   18   26   31   2   42   34   41   47   44   43   58   22   86   74   10   36   31   42   39   52   4   77   38   77   53   93   14   52   0   45   45   71   3   32   41   0   65   64   77   21   31   69   17   25   44   72   100   67   69   27   81   80   78   32   40   66   53   60   35   81   67   48   52   64   4   51   72   76   9   65   96   37   32   66   25   59   25   84   55   51   7   22   95   44   
28   78   85   49   99   27   74   31   89   12   86   72   42   76   57   78   80   5   75   72   30   12   9   22   58   42   16   84   82   48   42   57   57   73   87   24   93   10   55   1   87   55   58   8   11   36   62   50   18   58   99   71   89   68   54   13   78   80   89   42   31   5   18   58   68   96   17   83   40   96   64   21   53   11   32   86   24   51   61   24   44   74   92   75   96   1   2   73   42   98   45   45   100   22   89   89   3   26   89   1   90   58   41   22   70   84   78   38   88   57   42   4   97   74   91   91   47   68   
53   72   72   82   44   99   17   70   14   23   16   15   54   33   39   96   73   48   49   56   37   93   54   15   11   25   27   87   56   67   0   90   60   12   82   46   52   55   30   52   50   1   90   84   12   18   55   96   95   65   12   8   16   64   32   17   76   41   77   37   22   26   100   38   48   90   23   51   89   40   85   78   100   88   71   29   85   77   91   16   44   89   93   6   99   100   69   96   13   49   17   95   79   94   85   48   89   73   33   46   56   71   27   69   49   34   5   53   89   51   55   92   74   13   33   68   39   16   
77   77   44   23   81   70   40   86   47   15   33   90   84   68   79   56   38   35   62   0   71   71   30   9   60   35   16   16   94   92   82   0   46   24   40   63   8   85   24   66   4   69   59   13   13   45   76   97   46   64   49   6   21   5   50   46   81   100   47   90   84   39   4   5   100   59   22   7   75   40   94   32   21   15   4   62   47   16   40   46   80   77   85   14   30   86   92   2   65   79   96   13   95   69   53   90   3   1   68   24   61   91   88   91   28   94   95   33   47   11   3   41   32   57   98   18   62   2   
4   87   12   86   77   34   11   12   15   36   91   89   37   37   5   59   75   90   3   47   5   87   52   37   50   94   19   15   36   58   4   79   34   83   38   42   10   8   0   4   76   61   85   47   21   4   31   85   59   58   48   34   88   70   35   56   97   72   62   76   63   69   94   1   69   4   17   46   99   26   93   52   65   41   16   0   7   95   17   98   38   88   20   94   69   54   39   49   36   52   12   90   30   69   15   8   45   55   26   91   53   92   14   25   18   8   55   83   89   22   41   46   76   67   48   1   56   30   
71   3   34   42   76   48   98   57   31   59   29   58   17   30   90   37   70   59   60   89   65   88   95   72   62   41   78   8   97   40   54   60   61   16   27   53   96   5   97   88   29   93   78   13   1   22   75   90   41   3   71   13   35   67   12   97   3   28   57   78   47   37   93   24   39   90   55   97   10   20   68   11   83   68   15   74   53   29   52   95   74   1   98   8   10   22   94   23   12   17   23   81   16   29   10   48   80   86   80   1   70   4   64   68   52   5   55   98   70   68   23   62   2   64   69   84   7   98   
93   6   70   29   98   94   37   65   39   64   100   48   14   21   18   28   88   41   95   88   98   16   87   22   23   93   95   9   17   67   78   63   58   17   87   85   32   43   37   31   27   3   63   96   91   41   32   0   41   55   5   91   80   21   44   75   6   72   78   73   44   4   74   4   42   23   28   7   85   13   51   68   86   92   72   99   100   47   86   4   87   31   77   78   69   76   92   23   35   14   51   64   45   88   55   6   47   72   5   31   48   62   43   71   100   29   27   85   74   65   76   1   24   85   52   82   62   63   
80   81   26   83   61   82   46   4   74   28   35   69   21   47   34   44   92   22   65   13   50   45   52   89   28   50   82   32   6   48   27   99   70   2   15   56   25   19   57   81   0   30   10   76   15   3   90   2   72   8   33   1   17   88   62   75   42   98   29   44   9   30   13   98   37   75   62   95   64   17   3   22   30   41   37   63   19   87   36   16   76   88   65   99   82   61   4   66   64   82   27   70   75   82   65   0   54   19   54   33   28   12   16   63   3   55   27   43   79   45   34   77   25   42   2   83   68   81   
100   21   42   85   60   25   34   30   74   42   84   92   57   17   1   89   97   49   79   71   93   96   22   70   29   98   7   91   13   78   79   34   14   75   82   36   43   78   34   96   39   5   89   21   15   74   82   17   94   72   36   59   12   73   89   18   87   66   0   75   92   82   44   30   88   50   58   70   85   46   48   45   85   27   87   97   83   77   41   17   7   0   75   88   75   9   29   27   21   38   95   25   34   83   86   21   9   19   64   16   88   96   27   84   41   33   76   30   30   3   12   38   51   68   35   85   77   82   
95   38   25   77   93   7   46   84   73   37   83   4   81   95   58   39   25   35   58   68   80   37   51   99   36   17   36   33   77   52   43   13   3   18   26   70   89   92   80   58   65   1   19   62   43   75   61   55   47   78   59   81   62   74   13   23   56   24   4   82   80   25   21   38   93   74   32   37   68   63   49   12   41   17   2   54   6   64   53   62   79   34   10   37   50   25   54   35   62   19   91   98   46   31   46   3   91   92   44   11   2   27   50   36   95   16   86   49   96   97   57   83   2   21   77   93   57   72   
34   59   84   7   89   77   25   64   5   86   28   21   33   8   79   66   5   44   21   10   20   5   45   62   62   72   66   11   72   1   53   68   50   82   25   2   27   44   98   57   52   33   19   40   99   57   2   40   26   23   25   45   7   93   42   9   84   11   84   39   96   38   16   49   70   0   0   69   85   35   68   93   19   89   75   22   46   62   84   69   90   62   14   94   11   66   59   13   8   78   97   47   89   50   89   26   56   19   59   5   82   29   62   20   65   93   70   67   64   97   83   34   85   84   22   44   6   67   
7   97   56   59   8   98   28   15   15   21   18   90   32   11   20   65   30   80   95   10   89   64   59   57   79   63   95   14   79   11   83   3   35   79   62   70   95   70   76   34   72   29   91   91   17   83   59   89   69   77   100   6   27   50   19   19   38   9   26   52   52   91   14   11   83   40   29   46   14   29   77   42   90   68   51   78   27   23   86   68   43   51   89   88   56   31   30   50   85   20   7   36   51   96   27   38   95   44   50   8   92   66   58   13   17   24   26   95   2   67   9   4   63   15   12   11   30   72   
42   25   74   17   25   3   96   13   85   35   58   36   62   23   57   98   10   29   91   89   42   17   49   2   68   56   1   76   10   75   74   79   47   17   79   31   21   94   17   74   89   80   76   72   71   39   37   16   91   63   15   42   79   24   91   96   10   12   98   75   5   41   58   62   80   4   66   73   81   82   69   80   0   24   0   27   97   15   43   68   43   17   83   32   80   94   2   95   78   76   91   11   64   20   13   21   98   92   80   78   4   66   66   50   71   0   47   11   71   24   67   98   14   29   50   76   8   66   
76   99   39   28   10   54   34   80   17   80   67   0   68   14   58   4   85   1   46   43   81   59   38   95   52   70   28   25   50   38   46   72   66   8   92   29   52   52   24   58   21   14   95   86   20   50   4   51   95   51   10   89   63   49   41   8   13   7   6   73   49   15   61   90   36   17   82   71   51   23   85   6   60   96   18   90   28   84   87   73   23   61   57   92   44   73   42   39   93   18   9   92   10   38   89   82   30   80   11   67   73   87   69   5   28   45   35   52   67   18   7   46   80   12   36   26   80   86   
88   62   13   83   10   61   69   75   19   98   1   24   12   32   37   14   15   70   91   7   1   46   37   64   7   93   29   59   0   85   12   65   42   86   30   24   90   56   8   23   6   92   24   44   19   98   15   29   68   94   48   100   18   75   64   43   1   22   26   94   12   46   32   26   88   50   79   100   32   28   70   91   99   4   45   23   40   73   92   42   16   9   19   44   11   82   14   1   45   16   77   38   33   3   9   19   57   41   15   80   13   73   0   2   59   91   32   67   33   45   21   70   44   61   77   65   31   59   
89   75   29   94   0   63   0   80   30   38   88   4   17   25   18   36   96   33   2   70   58   76   8   38   68   75   0   92   8   84   11   32   15   77   84   20   27   81   0   23   97   10   27   33   32   43   91   84   97   79   29   45   82   21   31   64   44   17   74   26   21   99   36   68   66   10   87   19   59   9   53   58   84   56   91   9   55   15   41   46   28   30   55   92   35   43   3   82   97   79   20   49   49   72   55   96   7   59   86   93   45   83   28   59   35   42   56   100   35   62   19   84   25   58   2   49   4   66   
89   45   39   14   45   95   52   95   72   46   26   14   52   37   55   90   44   34   13   12   7   22   70   34   50   87   92   48   89   22   30   71   18   90   48   27   32   93   58   37   57   71   80   71   92   42   5   83   45   9   55   74   8   26   34   94   58   41   28   38   59   52   68   36   78   53   27   3   47   78   87   30   88   52   98   55   53   46   62   24   80   13   93   54   86   61   46   26   81   99   97   9   58   97   65   77   44   8   6   50   3   100   51   81   47   99   46   80   34   60   11   81   83   6   34   29   98   36   
92   27   100   64   57   76   73   44   85   77   56   5   95   37   66   4   13   41   2   89   72   45   8   43   35   91   94   4   4   89   15   25   39   13   99   60   7   94   56   45   64   7   53   76   25   26   15   9   52   85   90   69   92   1   3   79   63   91   22   41   11   64   9   92   15   53   95   98   0   60   81   43   52   32   15   46   59   40   84   93   81   38   33   99   66   88   43   42   44   66   85   70   16   3   8   70   21   25   96   24   29   52   6   35   44   70   17   63   48   21   74   53   9   37   40   19   40   63   
75   0   83   82   46   61   71   32   58   89   48   45   100   78   54   59   5   9   80   65   73   53   0   75   69   86   34   0   77   54   10   48   28   80   27   54   97   65   17   43   17   65   15   13   44   95   89   16   81   15   30   34   5   80   56   10   39   88   85   74   16   0   80   91   24   90   42   31   0   21   76   46   36   23   30   81   20   98   71   21   25   96   96   32   53   47   22   85   70   41   74   73   80   0   98   73   26   10   23   17   23   58   17   12   26   75   82   28   62   30   1   80   56   10   78   51   85   36   
43   43   10   97   7   90   75   89   26   5   50   36   30   48   47   3   15   91   17   67   62   2   22   14   71   70   45   75   15   42   34   72   93   26   22   53   64   22   85   99   70   49   31   47   8   38   74   51   22   99   29   74   64   23   12   81   89   41   15   92   93   97   27   15   14   20   82   39   43   6   14   97   87   73   1   38   16   85   35   49   90   75   3   72   15   68   53   36   83   30   5   12   65   33   40   19   59   87   8   82   72   44   64   49   4   89   17   87   75   57   49   26   28   56   23   99   49   81   
87   49   19   20   66   12   65   37   65   18   95   31   21   43   78   88   19   56   96   79   8   32   49   41   45   81   35   81   47   30   79   20   94   56   62   51   70   43   46   57   79   30   47   88   93   96   1   87   10   73   66   99   97   22   87   26   38   86   54   13   95   86   15   2   8   1   27   36   34   79   34   8   39   27   79   31   47   86   58   95   41   34   99   72   41   99   44   5   21   1   64   50   1   68   95   10   59   53   46   95   74   95   87   100   23   23   12   20   91   54   33   13   51   71   91   24   11   59   
13   79   75   91   83   46   22   79   79   15   0   54   77   91   31   18   16   13   82   64   2   98   75   89   5   20   79   19   14   55   4   96   21   72   97   71   0   75   17   8   46   7   57   20   89   91   0   78   60   95   18   98   38   15   99   92   89   23   38   98   59   30   67   77   40   100   72   50   45   10   72   42   74   98   47   37   100   52   57   48   64   96   68   50   50   59   40   29   68   23   7   76   79   88   11   20   59   68   1   84   67   80   98   89   3   69   55   82   41   58   98   36   61   34   39   9   76   57   
100   47   41   8   54   64   32   93   58   96   65   20   28   0   30   5   83   80   43   92   39   42   80   45   87   62   8   30   29   45   76   29   5   74   32   92   43   6   91   94   78   94   60   53   96   19   14   15   43   29   41   37   89   91   35   16   58   65   98   5   0   71   50   28   8   22   58   63   8   91   75   41   49   80   13   35   57   30   17   10   90   54   77   17   13   95   66   83   47   79   100   52   47   69   61   76   98   13   40   23   12   2   19   50   92   13   69   30   40   83   55   5   35   18   28   62   77   88   
64   62   19   2   78   57   59   27   88   12   70   55   94   82   28   34   49   85   73   16   68   71   57   46   87   37   39   0   78   5   54   84   73   81   21   73   51   19   78   80   50   39   24   51   2   48   36   53   76   31   14   38   56   55   32   54   12   41   57   71   11   75   59   70   50   33   24   17   16   22   52   30   55   57   92   8   21   40   42   58   99   41   56   37   39   32   13   79   31   15   79   10   75   71   98   58   24   59   55   18   96   70   57   12   66   3   29   14   39   86   52   13   87   80   60   60   33   37   
24   93   10   89   22   79   66   80   94   30   76   37   80   19   46   90   5   90   48   19   94   76   35   94   69   12   18   25   64   96   10   56   68   24   2   94   4   79   27   89   96   98   87   82   10   91   93   71   41   3   42   24   22   52   42   81   79   76   16   11   37   85   22   65   51   58   86   46   35   57   15   93   32   41   81   36   97   41   29   48   78   92   87   74   16   44   65   41   15   65   4   49   8   10   26   8   87   38   41   67   38   80   63   14   68   71   50   43   61   83   52   23   93   19   15   55   54   77   
40   8   68   5   56   55   65   65   4   13   78   24   9   75   78   51   87   56   38   56   27   78   37   96   89   51   26   24   99   91   38   98   56   12   7   48   23   69   3   31   6   12   79   82   46   93   8   78   25   25   80   32   63   8   2   29   60   23   34   68   51   36   11   21   99   95   68   30   25   26   30   6   2   53   30   65   5   43   10   7   3   72   53   89   89   47   57   59   68   86   10   24   55   0   10   75   22   0   43   11   19   35   0   4   22   9   80   100   71   63   63   59   6   31   4   68   82   78   
64   96   14   57   27   53   12   64   11   50   4   11   70   86   5   27   65   88   34   0   49   2   35   63   97   47   74   69   8   58   32   64   86   16   32   63   22   6   46   35   80   92   65   24   60   35   5   77   85   53   50   23   19   84   26   87   80   37   76   45   97   93   65   60   86   7   30   99   47   19   88   27   30   95   27   83   96   72   52   60   94   2   67   44   46   46   8   28   63   20   95   8   36   61   6   34   48   63   47   81   23   84   85   92   79   2   2   59   1   3   50   77   62   49   100   57   26   93   
64   79   36   19   49   13   20   69   76   31   83   34   13   11   92   49   27   30   71   99   32   3   36   11   48   66   27   76   15   89   75   41   60   9   19   31   25   43   95   5   51   32   20   66   47   26   94   78   38   33   91   53   71   99   35   78   90   59   27   24   46   28   80   58   91   34   71   55   77   12   63   12   2   4   46   20   84   15   49   45   83   14   30   32   0   40   88   3   75   100   4   82   22   67   7   58   57   5   86   66   4   63   56   5   69   32   56   91   89   94   80   76   71   27   32   75   100   13   
14   82   37   49   88   47   69   51   73   44   93   23   21   3   97   89   83   78   26   20   24   53   92   31   81   36   11   13   11   61   40   26   48   77   58   54   0   93   54   86   90   79   71   51   55   10   10   53   55   26   60   61   10   22   18   87   22   36   98   64   30   61   14   86   8   83   53   93   15   10   1   79   6   35   69   69   9   100   46   24   27   71   19   17   83   12   93   3   17   12   77   89   72   79   55   1   43   56   27   55   68   85   27   38   89   68   11   74   96   33   0   1   49   11   19   61   79   31   
98   84   93   30   76   22   49   9   92   47   23   38   50   2   56   76   78   61   64   82   46   19   66   46   30   27   17   81   76   61   77   62   11   2   30   29   71   35   23   61   30   20   27   48   99   32   0   93   65   4   24   82   62   52   54   25   71   90   47   14   39   1   92   17   32   73   15   15   34   74   11   66   77   43   98   70   85   92   31   28   59   28   42   6   22   96   69   8   44   32   35   64   75   62   94   67   52   48   80   22   69   7   8   25   53   53   72   54   42   84   83   94   3   51   86   2   37   23   
21   35   22   22   73   13   82   78   49   2   71   48   72   44   79   10   55   69   70   87   4   39   7   20   97   74   86   32   78   1   9   77   3   59   88   41   36   82   7   27   60   98   37   5   99   20   48   15   73   26   49   14   18   80   59   40   2   47   78   84   7   48   88   89   85   91   47   38   63   73   26   43   1   12   39   45   57   48   61   66   20   98   29   39   71   99   73   51   91   41   88   63   81   65   32   46   67   67   77   61   12   41   46   10   19   34   76   43   2   42   97   40   98   76   97   98   1   89   
29   20   74   9   14   72   30   44   64   46   75   16   64   97   94   75   73   30   89   86   81   20   71   7   100   56   95   91   60   32   8   90   56   2   49   39   66   50   38   28   31   65   71   38   34   72   80   95   19   66   13   96   81   98   54   58   42   78   91   26   71   76   47   9   49   48   31   60   11   2   33   65   79   98   24   30   31   17   90   67   54   100   52   29   100   42   23   51   100   53   85   89   89   60   77   55   49   90   19   76   6   68   62   9   10   70   26   89   26   89   31   25   42   100   26   76   68   80   
71   89   30   25   37   80   7   16   46   29   12   73   71   84   75   11   76   46   44   82   50   13   29   68   99   16   96   86   81   25   38   72   51   98   56   14   5   57   98   84   31   5   31   69   44   39   52   77   28   99   96   58   13   61   82   62   71   36   25   87   47   66   60   76   100   40   60   4   11   91   31   47   72   57   88   19   33   62   7   96   22   68   66   97   48   28   59   15   27   76   51   55   15   56   11   57   4   79   100   55   100   48   38   36   10   45   82   20   72   27   12   82   19   98   53   55   61   84   
67   35   31   71   58   83   22   82   8   82   31   82   14   32   11   56   10   40   51   21   81   48   46   23   8   53   98   18   40   27   0   17   52   99   0   17   54   21   51   92   100   11   12   11   85   1   7   3   90   92   76   24   21   46   9   51   35   53   52   61   29   53   69   40   57   75   80   4   8   93   39   76   97   22   54   66   75   65   27   37   45   57   37   63   19   43   74   71   31   67   80   71   4   88   96   35   96   47   37   66   81   80   34   56   72   46   43   83   28   8   96   55   65   89   54   10   33   67   
50   0   70   31   14   58   94   4   20   48   0   71   9   94   100   42   43   76   57   41   78   68   42   84   66   45   56   88   37   95   51   97   69   8   48   68   26   43   44   38   80   26   31   21   39   90   65   3   12   59   19   0   94   75   47   12   58   64   72   8   11   62   45   87   72   95   47   29   31   100   27   82   16   77   89   32   39   50   43   58   75   64   94   42   48   78   51   49   99   83   72   27   73   2   93   84   17   9   22   41   44   50   22   38   53   61   96   38   18   37   61   10   48   82   70   76   93   2   
89   87   32   74   4   49   20   90   77   52   86   10   80   72   43   94   37   85   38   72   9   86   31   86   62   10   61   43   37   74   91   76   45   13   40   47   22   95   6   50   65   21   15   85   69   34   94   89   61   43   76   41   26   70   96   66   56   2   3   10   87   29   23   53   45   91   15   85   72   2   17   29   9   92   53   54   48   29   86   92   40   20   51   95   47   19   84   38   20   22   73   18   14   46   75   48   67   16   67   66   65   24   22   85   96   78   89   39   41   18   93   71   94   2   56   31   47   84   
3   26   10   4   99   100   70   57   27   82   77   54   71   74   30   50   35   100   3   46   43   94   69   6   52   10   39   74   1   81   14   78   51   24   5   31   10   91   61   60   92   82   73   2   98   26   15   86   41   33   96   100   45   29   67   35   47   91   33   29   67   7   21   93   79   90   43   41   13   43   81   64   56   96   15   39   7   47   69   55   53   29   71   6   26   91   0   12   77   48   66   93   66   24   34   16   87   58   92   65   49   83   91   93   47   10   54   19   67   86   64   90   15   90   66   97   22   56   
53   58   51   79   52   69   12   98   77   47   6   24   55   6   48   77   6   80   10   97   47   5   15   89   6   10   35   89   85   38   96   53   2   67   9   37   66   37   58   29   8   79   28   78   66   35   25   38   12   10   33   27   77   17   8   74   5   10   94   1   34   1   98   80   67   74   99   75   59   46   26   8   36   11   2   11   42   84   41   82   22   62   26   89   50   74   100   95   68   74   60   43   31   8   30   25   15   76   17   4   0   14   56   54   3   71   64   25   86   2   65   33   77   78   17   78   80   70   
65   14   11   61   37   93   89   37   95   95   61   48   67   26   13   57   69   6   86   70   52   73   3   99   43   78   52   81   80   55   27   1   41   29   43   52   28   53   18   76   42   16   69   32   25   97   78   54   35   87   31   51   72   19   44   67   83   94   21   59   80   39   95   56   7   74   61   69   71   46   35   13   72   44   57   100   71   75   62   42   90   21   10   100   89   3   79   3   2   13   53   95   98   45   28   65   5   32   12   70   20   12   43   22   13   29   50   46   16   30   96   40   8   44   66   2   39   54   
89   80   73   34   52   93   13   41   30   52   18   68   41   95   71   14   21   2   56   48   89   77   53   72   86   77   63   4   36   66   78   95   32   39   20   44   70   3   63   28   43   54   93   22   40   8   91   70   30   55   31   27   75   27   66   78   44   36   15   29   53   3   83   4   12   86   44   84   23   69   11   17   94   89   30   8   89   17   73   39   89   18   56   58   1   26   31   57   46   8   27   33   97   52   14   40   95   5   89   93   48   46   16   36   75   34   6   70   31   1   91   6   74   98   13   41   53   24   
37   59   53   92   8   3   33   35   88   67   100   2   33   9   32   20   80   77   26   49   46   6   94   13   76   12   79   100   77   59   12   100   45   85   79   53   85   79   100   99   56   70   34   94   22   77   86   9   20   14   30   48   59   85   81   97   87   39   17   75   2   58   76   27   7   95   99   51   62   51   2   89   27   9   63   15   75   38   77   87   24   34   34   34   8   24   34   39   60   48   21   88   38   57   40   78   100   17   25   56   49   67   97   74   93   6   48   75   14   55   62   80   7   30   24   41   85   100   
61   11   19   33   30   48   40   97   78   40   92   59   13   78   49   53   92   75   4   45   100   91   36   48   3   42   52   0   80   63   28   96   66   44   40   33   45   3   64   67   86   50   22   77   38   82   33   8   55   45   5   60   95   9   65   32   62   81   73   82   44   58   86   73   26   64   87   39   47   51   90   20   100   77   57   63   33   99   68   9   12   10   49   45   80   52   61   6   91   89   85   0   44   57   80   0   29   42   23   35   43   15   14   75   96   95   32   18   95   56   12   25   29   72   83   73   51   12   
66   47   47   21   24   63   86   33   22   19   39   86   71   66   27   95   52   59   7   77   66   74   61   53   65   64   4   64   6   67   96   59   1   56   5   99   22   5   16   3   30   19   6   60   48   39   59   42   72   98   99   78   59   3   13   44   94   87   92   52   62   39   50   62   37   60   70   2   58   45   27   12   88   75   41   59   37   46   35   73   52   51   59   3   56   79   45   22   28   6   94   74   0   56   48   44   33   16   6   47   34   90   46   46   61   28   48   51   86   29   6   63   42   85   51   92   35   44   
28   48   88   54   72   7   97   61   5   49   21   24   45   65   11   57   52   1   66   5   100   30   8   74   29   67   21   66   46   43   39   53   75   97   79   59   8   15   81   70   44   3   44   98   61   60   41   41   25   11   31   29   44   40   27   47   16   7   90   52   74   19   38   92   5   33   69   2   71   68   49   66   68   45   33   52   58   22   44   58   76   11   80   90   48   91   89   43   3   3   68   67   26   30   97   62   90   55   13   68   85   97   28   54   34   36   51   11   62   83   98   84   62   99   84   52   28   23   
30   37   37   56   35   84   57   39   41   36   28   49   85   69   7   99   76   16   30   28   72   48   7   43   33   17   79   13   11   29   35   77   33   33   61   54   49   1   57   47   63   63   99   70   41   10   26   97   2   51   34   23   100   97   91   56   44   30   21   84   100   4   74   58   81   80   15   29   82   22   38   33   44   32   15   0   59   75   79   8   97   13   64   38   93   3   35   68   75   32   74   51   21   20   45   92   27   11   53   93   59   50   83   88   22   16   47   66   7   9   57   6   23   76   18   28   45   73   
6   55   40   13   93   80   99   18   41   13   67   67   91   29   68   42   43   54   50   25   67   35   48   54   31   69   49   15   84   79   37   94   70   90   87   70   86   95   41   73   74   78   71   40   42   87   9   59   58   29   62   66   70   18   31   98   54   86   74   8   41   81   9   6   55   51   96   95   13   57   80   12   38   47   20   42   6   33   67   33   47   60   98   71   23   57   73   29   62   6   11   84   93   23   57   52   100   26   56   91   41   86   15   94   61   6   89   32   72   10   68   38   9   4   40   63   43   35   
91   57   56   34   29   1   84   89   75   59   25   67   11   33   13   9   20   33   4   54   73   35   79   38   22   49   38   69   77   0   90   69   90   60   58   11   55   21   75   98   50   67   14   89   30   76   64   78   64   78   40   27   86   2   76   22   96   30   30   50   81   16   29   26   4   96   22   43   3   35   11   46   31   27   50   21   17   58   52   0   31   20   1   54   95   100   12   20   14   35   19   18   74   34   8   78   70   47   31   79   96   80   26   3   61   94   6   37   82   92   63   39   67   88   36   81   87   61   
16   66   16   18   0   71   16   79   22   88   34   75   56   61   55   97   100   35   75   89   26   10   11   29   91   60   38   25   16   31   88   17   89   72   74   15   48   74   77   36   3   48   88   41   42   2   68   46   76   58   76   5   28   69   98   11   2   100   59   22   29   90   50   44   28   45   65   52   30   54   4   33   69   7   46   28   44   3   52   36   5   20   93   99   88   38   57   17   94   58   83   5   54   7   24   8   5   66   71   68   99   97   21   78   66   74   96   39   91   37   10   87   75   51   96   63   92   65   
25   90   22   95   57   14   89   73   61   11   37   44   15   68   71   4   26   98   78   71   53   78   55   60   72   21   10   64   20   57   13   20   53   52   14   74   3   85   24   45   10   13   0   98   95   32   22   6   19   47   9   90   75   31   29   8   47   30   10   37   38   91   90   94   96   10   77   29   57   36   56   77   22   8   65   58   14   9   17   50   36   39   37   58   53   82   8   35   90   35   41   41   42   79   85   97   1   68   56   50   83   55   46   44   37   51   25   28   53   30   81   8   18   21   40   15   18   96   
92   46   54   56   86   49   26   61   50   59   79   66   14   67   72   99   86   46   28   80   7   8   64   74   33   55   85   39   20   93   26   31   39   7   92   14   68   52   94   74   43   75   37   7   97   17   8   40   38   25   61   11   77   63   40   93   65   54   32   82   37   99   32   64   69   55   43   83   82   36   46   56   50   83   23   38   78   53   45   20   65   82   96   31   74   79   38   57   80   54   53   63   67   95   51   33   46   98   60   21   44   36   9   93   10   90   15   26   81   77   82   76   92   2   57   6   17   82   
72   41   83   15   41   61   72   93   55   67   26   74   35   48   39   16   43   27   73   80   20   87   28   45   3   50   85   90   60   86   88   54   79   9   38   44   27   42   3   93   93   2   33   100   90   30   28   82   28   93   51   55   55   4   96   96   36   76   79   63   44   84   42   12   9   7   23   75   35   86   5   22   46   67   45   98   32   23   64   27   90   65   68   40   45   39   14   19   36   69   15   91   87   99   37   25   7   30   50   69   43   85   19   82   84   31   21   56   88   45   56   78   71   70   55   3   75   72   
84   100   87   100   93   59   22   15   71   80   8   85   78   92   24   22   61   72   4   84   45   39   6   85   39   33   55   77   94   62   36   40   74   83   24   76   66   47   53   18   65   52   32   70   69   64   33   92   3   27   19   21   48   67   44   14   71   43   97   63   25   99   23   21   85   8   69   76   6   16   14   50   32   48   64   86   16   44   0   15   11   80   70   0   79   71   2   48   62   21   38   55   39   19   34   16   7   75   76   61   44   12   97   97   54   99   33   27   99   91   29   34   20   30   61   51   39   53   
59   9   39   30   93   4   40   36   61   49   28   50   65   58   12   26   78   15   3   99   82   66   11   22   58   9   31   69   80   48   42   1   43   86   58   86   31   74   95   74   32   94   73   39   2   65   25   68   42   76   33   70   43   31   87   99   58   28   67   48   37   14   64   90   46   100   45   91   26   46   10   55   99   55   7   38   86   4   45   53   0   50   77   68   49   18   30   51   19   84   18   15   87   83   88   63   74   46   18   43   49   57   63   96   65   99   66   64   82   50   15   100   83   51   71   77   70   44   
61   68   76   41   26   37   98   69   5   54   37   22   0   34   31   72   53   72   91   68   52   41   58   11   25   70   8   56   42   40   2   97   0   21   47   47   97   71   49   24   51   60   31   95   29   11   98   86   60   40   4   74   78   31   96   48   22   36   96   48   58   61   8   91   21   66   15   41   88   94   8   62   30   8   34   12   28   90   51   37   89   0   85   43   42   62   59   78   24   42   37   87   17   19   16   98   84   54   58   7   37   6   29   91   34   5   24   85   79   3   34   35   68   50   32   22   100   34   
55   56   58   26   89   3   3   66   87   46   13   22   4   41   84   38   70   14   62   56   1   78   26   43   31   94   38   87   33   63   94   35   23   28   25   91   13   60   43   97   19   26   71   68   83   55   31   19   82   72   81   21   71   77   0   55   5   80   1   71   49   37   64   68   50   68   86   94   16   80   41   70   7   7   15   67   56   11   95   9   23   90   11   48   37   34   4   3   58   50   75   67   67   11   60   88   30   32   30   28   84   56   84   39   41   93   54   29   70   75   59   48   24   99   37   27   68   34   
57   90   36   83   55   62   70   11   92   36   86   99   38   71   22   41   59   39   88   98   76   67   5   98   36   12   22   24   29   91   100   22   75   3   43   11   55   1   53   14   71   73   67   69   94   34   10   75   55   84   24   75   100   65   72   35   82   45   27   74   90   25   57   11   39   9   25   48   55   73   56   100   46   13   24   65   59   38   1   47   83   14   91   61   82   59   28   80   93   32   82   27   53   100   68   85   100   60   67   51   91   62   91   56   10   83   62   21   12   59   52   62   63   4   62   30   59   58   
75   31   53   39   8   46   24   41   70   93   61   48   86   70   81   8   15   19   99   33   47   3   4   52   88   10   2   89   48   30   41   95   55   31   50   1   54   83   37   8   59   81   51   33   82   4   47   70   87   34   3   53   47   76   46   83   89   87   37   63   85   29   17   59   5   26   27   39   94   41   1   100   61   20   56   88   44   8   62   28   20   95   4   66   8   80   39   10   5   47   18   49   57   18   32   55   49   59   57   59   97   99   99   24   4   58   3   39   92   4   5   79   87   8   7   81   18   80   
10   4   39   91   33   93   61   96   34   67   31   63   12   76   83   27   71   31   8   67   88   52   12   89   76   73   38   7   63   8   93   18   23   53   65   13   77   63   34   32   85   12   88   23   85   81   8   39   41   87   94   20   8   87   0   79   95   24   93   100   73   55   7   50   9   20   29   62   75   78   65   82   21   5   79   55   48   30   43   78   78   79   29   40   61   99   88   1   88   48   59   32   38   19   1   91   54   37   51   100   92   92   58   3   97   86   90   22   23   19   73   93   96   72   75   34   37   30   
25   97   49   27   64   74   92   70   57   17   2   16   27   7   10   43   41   73   68   92   67   64   28   61   30   29   28   93   87   23   3   10   95   18   59   94   21   88   0   70   38   99   1   32   19   78   86   65   66   8   5   99   92   10   96   44   75   22   62   20   95   21   63   9   32   75   77   21   8   21   95   49   29   26   80   89   37   78   78   24   38   20   23   0   68   92   50   97   81   75   3   44   88   28   73   79   17   48   61   54   7   60   97   89   85   73   23   31   73   17   70   88   84   28   64   21   100   75   
49   19   43   68   88   40   58   61   31   8   90   59   0   82   85   55   1   65   62   86   28   41   54   89   17   48   1   2   55   33   44   69   68   59   58   86   27   22   40   75   19   42   48   6   0   27   23   37   74   5   82   37   39   54   28   64   92   80   5   26   46   84   18   53   39   18   50   49   45   98   98   2   53   8   56   65   2   53   17   44   59   32   100   72   90   78   37   23   71   45   77   68   84   75   92   23   73   88   49   84   3   27   67   45   61   69   0   98   30   95   62   4   65   6   22   85   43   79   
62   70   80   31   6   56   96   99   38   6   48   23   17   75   96   16   91   20   72   86   94   57   94   97   29   14   21   17   18   100   91   34   45   40   27   40   93   48   57   90   1   81   91   60   16   44   73   6   17   13   16   38   61   60   34   55   79   94   91   73   42   61   33   23   10   55   85   62   87   43   45   19   35   41   100   94   40   51   18   38   66   54   63   20   73   30   15   9   41   15   25   99   37   25   41   95   36   2   90   88   64   0   37   82   22   1   66   43   66   45   71   18   51   22   37   7   18   7   
24   60   19   69   99   9   100   40   21   69   53   84   80   45   95   55   1   96   98   61   90   85   53   45   67   76   83   55   59   36   81   44   23   96   44   71   95   72   2   20   21   79   97   74   37   94   10   17   37   0   42   97   82   31   33   85   81   12   29   70   57   18   83   19   31   12   74   4   61   20   56   98   47   92   62   40   54   59   93   55   70   49   19   87   42   48   4   35   22   99   20   19   14   38   42   36   73   45   47   88   5   71   45   96   4   21   96   90   92   56   32   94   23   59   32   75   80   70   
31   39   34   40   100   7   99   66   86   7   68   3   88   54   7   89   14   22   27   80   96   100   82   62   10   35   82   52   33   31   93   46   46   66   46   0   38   20   54   25   34   42   97   94   55   57   10   54   47   98   58   55   81   35   57   94   5   26   76   100   46   26   9   40   40   96   55   14   7   76   99   4   57   11   70   78   0   67   73   78   41   67   33   63   99   27   80   37   34   92   78   11   23   56   61   76   28   37   0   34   48   34   60   36   96   86   64   59   4   82   73   55   0   52   40   36   52   0   
67   9   1   89   97   8   55   9   62   66   17   68   30   77   62   12   89   94   56   34   20   31   85   41   30   41   19   64   27   25   99   5   12   81   4   85   85   11   46   14   87   45   48   7   67   47   14   67   21   88   80   43   92   9   99   36   59   7   99   7   28   93   70   2   75   41   20   55   76   48   34   37   6   83   56   37   37   67   14   23   77   40   44   3   41   62   96   50   28   79   83   72   40   85   36   40   59   32   8   35   34   91   99   81   62   84   42   47   16   43   74   12   43   11   13   25   15   8   
13   95   97   13   26   15   46   44   55   53   71   33   18   57   40   9   43   11   67   86   75   17   70   32   73   39   100   74   14   80   50   29   0   19   86   85   90   23   78   83   65   14   42   69   85   12   78   47   75   66   37   73   97   93   62   86   54   82   0   17   2   69   13   46   98   65   91   84   90   64   54   88   7   73   72   98   59   50   98   81   82   69   87   56   41   80   95   69   5   67   49   61   86   69   16   33   56   89   14   38   49   21   5   64   22   97   38   55   67   57   60   80   8   41   94   89   41   17   
60   25   25   21   32   59   18   50   27   58   10   29   2   72   50   77   17   36   43   93   21   1   26   57   39   66   54   51   31   13   52   65   21   89   24   97   35   4   34   23   3   68   64   48   34   5   52   35   49   96   17   95   17   88   1   88   68   37   3   60   90   35   89   56   58   46   98   100   39   15   100   75   67   79   47   1   55   61   89   51   97   70   86   68   83   28   20   74   75   98   67   34   54   8   5   0   64   87   38   11   23   75   9   75   3   6   66   24   2   14   25   60   6   17   34   44   93   39   
94   69   26   79   42   11   45   26   83   15   86   46   24   72   2   26   94   76   61   14   33   32   98   78   58   62   61   9   80   17   3   89   50   66   8   20   91   26   33   63   27   44   36   92   34   13   59   4   38   87   27   98   63   84   72   90   53   11   87   70   26   48   32   18   85   8   52   28   90   71   79   45   85   86   63   24   49   19   18   32   7   93   40   52   80   52   19   87   55   56   7   76   42   86   75   29   98   33   33   85   94   27   16   90   28   12   100   46   58   47   2   72   77   9   73   43   58   4   
86   55   61   96   59   97   92   29   50   90   31   36   19   98   24   70   74   64   14   61   3   26   2   27   0   65   45   77   47   12   10   35   12   86   14   29   42   59   80   62   75   34   100   54   32   52   23   23   6   56   97   29   22   53   48   21   13   11   48   95   36   41   13   29   9   10   65   13   2   97   70   51   10   56   90   42   83   53   20   25   68   45   43   13   67   7   64   25   59   34   21   36   22   43   90   48   3   70   64   46   25   98   39   97   31   58   14   33   8   66   8   43   8   26   44   93   56   24   
22   47   79   42   62   60   95   46   18   34   88   56   24   26   56   61   26   39   58   30   17   65   12   66   23   28   28   9   33   98   95   11   12   38   16   60   61   7   30   1   86   100   45   29   89   72   10   78   52   78   99   13   9   13   9   16   77   19   89   91   40   60   72   12   19   68   18   36   23   64   49   50   87   19   30   89   81   20   9   57   57   7   9   90   55   66   88   42   1   63   84   87   91   62   10   28   92   33   22   37   3   81   79   36   65   76   83   79   54   50   42   12   58   36   50   57   32   86   
7   3   67   75   75   7   72   17   75   50   74   20   70   54   96   81   19   88   69   11   82   70   18   84   84   16   91   37   94   81   51   83   36   11   2   23   0   100   4   9   41   98   8   22   76   55   38   6   39   66   34   71   59   23   67   32   2   75   60   2   20   87   65   68   62   77   48   64   38   8   55   35   4   82   77   88   89   53   84   59   55   89   4   89   36   10   62   57   31   25   37   74   73   47   84   89   14   37   86   83   46   19   32   42   35   19   57   25   67   35   77   97   29   34   73   77   59   43   
66   33   95   13   45   88   33   84   91   75   93   30   99   7   70   93   88   81   81   33   11   81   8   50   52   45   53   79   59   0   78   100   53   10   59   50   67   39   49   28   36   92   35   95   76   15   55   6   80   52   17   14   96   73   11   74   36   37   81   38   21   100   7   75   6   88   58   63   66   9   50   36   9   16   57   97   68   28   93   29   0   100   11   83   35   50   27   8   100   18   15   13   72   82   74   43   80   92   48   95   5   35   43   99   51   71   25   82   68   30   80   93   28   55   47   70   78   23   
66   95   78   40   34   15   36   41   46   0   38   14   38   76   53   53   58   97   55   30   37   85   34   6   12   8   37   75   92   56   14   21   28   87   68   15   31   26   36   34   93   22   53   40   44   23   12   97   16   20   14   86   96   35   34   60   95   72   88   87   61   50   27   6   7   48   14   82   3   54   95   34   42   33   57   15   77   66   88   33   28   11   88   33   100   86   72   39   100   17   12   71   81   3   76   62   41   27   34   52   78   96   35   92   55   79   83   65   88   92   43   54   81   46   57   65   23   14   
41   46   11   32   0   59   56   9   51   90   82   12   17   57   7   56   29   39   8   57   96   58   74   6   100   15   27   85   28   37   25   69   14   33   99   29   80   36   61   2   52   16   94   46   17   9   86   71   98   90   61   83   2   66   54   100   21   67   29   70   66   64   43   57   69   44   37   9   23   27   41   7   5   77   10   89   94   58   59   90   40   95   27   50   86   95   44   24   48   24   24   4   87   15   44   84   30   69   77   3   13   47   74   60   15   63   22   41   52   78   5   70   74   37   89   98   74   17   
55   11   90   11   95   88   70   33   2   69   15   83   41   51   37   7   13   90   78   63   81   37   39   69   9   48   33   12   58   24   46   88   56   54   90   69   62   46   47   20   74   46   64   71   1   56   47   84   86   89   8   65   89   17   38   59   30   14   17   76   8   48   50   37   17   22   82   66   10   37   28   37   57   18   26   8   86   10   43   64   26   84   64   19   81   100   21   81   71   37   85   11   30   2   74   19   38   2   91   28   92   3   16   34   38   53   37   33   80   58   10   52   87   80   44   33   37   22   
81   78   2   58   87   43   26   12   32   42   4   29   88   5   50   16   47   41   50   87   33   57   69   27   43   13   58   83   70   19   84   42   49   92   37   54   61   82   52   23   69   1   13   62   44   77   14   93   20   30   71   62   79   11   40   90   40   36   27   94   41   27   71   97   28   15   94   93   80   5   15   94   72   4   5   41   63   39   75   95   46   71   79   85   84   19   15   30   54   19   44   30   73   42   98   15   0   14   0   94   31   25   24   48   89   21   20   66   19   93   34   15   27   95   45   80   10   74   
36   21   85   54   83   88   27   92   38   9   13   47   8   28   5   10   13   95   67   32   6   79   58   93   92   73   31   87   1   23   42   27   97   94   97   36   41   22   74   94   22   42   100   3   43   25   93   64   48   43   48   17   62   56   83   14   29   26   16   47   66   1   27   59   1   99   27   68   69   69   92   70   90   0   63   67   11   83   82   1   55   23   94   18   88   43   44   42   49   61   25   63   50   77   68   38   68   76   62   1   23   78   46   69   4   94   27   48   26   44   66   59   17   87   100   82   80   72   
99   68   69   82   49   35   85   17   74   59   83   20   25   31   67   21   13   22   37   42   65   59   87   13   25   6   100   9   66   35   0   32   36   35   55   82   52   90   72   25   45   96   39   67   67   100   81   89   96   36   63   31   87   14   69   80   87   31   0   7   18   38   24   8   44   47   30   96   97   5   92   84   90   87   12   66   28   39   11   17   60   21   94   19   56   32   23   4   15   28   66   58   20   27   36   10   43   40   71   86   76   58   43   69   23   4   32   59   32   55   25   19   92   57   57   14   9   47   
63   74   8   9   24   52   21   30   52   32   64   19   32   52   67   15   2   85   41   97   5   57   55   3   18   67   38   89   98   23   81   28   30   66   88   96   21   55   29   11   11   76   89   32   54   92   80   55   97   81   97   67   66   44   73   20   51   44   28   69   1   56   25   9   24   74   40   45   89   50   58   72   74   72   91   45   4   14   57   43   3   78   31   92   66   64   19   92   16   67   38   43   21   63   96   93   81   42   23   99   84   96   2   81   1   51   29   78   45   35   31   53   23   97   81   94   60   84   
43   4   38   64   25   42   18   71   68   49   55   81   90   83   74   54   84   32   94   91   95   51   56   70   91   0   80   66   9   7   53   71   44   16   91   85   37   60   9   98   0   52   53   99   33   60   16   30   2   84   97   78   60   28   48   74   53   49   28   47   8   76   99   18   47   89   67   7   86   48   73   91   54   77   0   29   54   46   58   15   83   8   29   97   30   35   20   100   51   87   97   32   12   24   26   69   28   54   73   25   95   85   90   37   64   60   16   28   19   92   78   68   50   94   81   0   16   90   
7   20   56   59   36   96   9   71   35   74   60   59   6   74   15   45   51   64   67   26   27   93   31   69   96   64   5   5   78   49   56   41   56   84   24   54   50   66   91   89   92   98   71   86   34   42   56   49   64   18   29   70   80   2   97   4   7   55   40   10   6   97   68   87   46   2   48   15   25   39   35   85   83   99   60   10   90   33   92   65   77   72   34   80   74   44   30   98   89   55   8   46   91   59   57   82   88   21   15   48   62   100   42   63   68   0   50   17   2   66   99   44   56   20   18   64   49   98   
87   92   47   25   55   34   66   63   94   71   17   51   8   50   2   29   21   67   50   80   22   63   27   68   3   66   1   76   13   23   35   61   35   53   93   64   5   21   3   3   33   66   71   69   22   99   25   18   36   25   73   92   13   75   84   50   43   96   98   97   34   2   83   6   51   14   31   61   27   76   13   40   1   14   87   11   54   68   62   94   96   27   34   32   57   95   17   99   89   50   21   93   8   56   35   21   68   50   74   56   99   82   26   84   81   53   22   21   52   47   48   22   46   48   5   46   40   83   
37   85   99   38   6   83   13   36   94   91   81   81   99   29   99   69   70   32   29   48   48   69   52   29   32   45   58   69   38   40   32   50   60   19   32   44   89   30   80   92   50   18   95   66   51   18   21   43   98   99   8   55   92   67   14   39   56   76   20   53   59   32   21   25   27   73   77   7   79   41   74   44   84   67   61   58   44   94   99   21   16   23   51   78   78   13   33   34   0   64   88   97   52   84   67   15   48   44   40   94   23   52   97   80   82   48   27   23   72   79   62   100   94   39   51   21   40   33   
94   87   14   91   3   17   9   37   33   82   47   78   15   73   23   52   18   12   32   56   79   28   47   92   2   75   24   23   34   15   55   7   62   95   63   41   89   5   37   35   12   33   24   88   22   24   58   71   37   26   60   73   19   86   29   96   38   75   0   1   58   68   87   32   0   75   2   5   99   64   29   1   57   25   75   48   93   73   21   97   73   44   86   24   31   47   81   57   10   94   92   19   38   84   62   55   70   6   20   15   75   51   53   30   0   53   15   48   27   98   8   88   22   52   86   61   96   99   
21   98   23   99   12   29   43   26   82   36   3   18   74   70   69   3   38   42   15   3   53   27   65   42   46   69   34   86   63   26   82   86   35   94   43   93   39   36   45   55   25   44   22   100   57   71   18   64   34   9   99   59   72   1   91   21   75   74   7   99   88   42   100   58   50   88   79   8   33   43   26   50   42   28   85   69   69   13   59   12   25   74   14   37   23   75   69   23   72   82   28   49   6   62   60   2   62   81   62   34   18   2   29   72   38   11   57   24   73   57   61   72   9   8   22   6   27   27   
31   14   20   60   35   27   35   58   55   54   8   41   13   94   5   57   96   53   17   46   11   39   69   58   93   37   41   62   25   92   28   77   70   91   54   52   61   1   91   81   87   83   29   45   33   52   84   29   63   21   7   79   89   14   62   42   25   86   31   80   21   98   81   93   77   86   6   62   18   76   62   96   0   1   100   78   61   87   50   15   48   17   7   15   76   55   52   5   41   6   37   30   52   82   97   47   12   27   48   82   82   87   83   35   81   47   38   49   63   63   62   80   50   42   72   33   8   44   
19   72   13   32   40   25   29   42   29   78   68   39   45   67   95   66   57   89   84   80   22   65   33   43   55   83   61   65   32   7   12   22   94   41   90   83   47   83   49   4   33   91   94   24   74   96   71   14   13   58   76   52   47   90   96   40   94   89   71   94   98   81   59   38   19   37   90   68   55   73   61   23   48   38   71   85   40   34   13   43   72   87   40   81   84   60   32   61   91   26   45   2   0   2   54   69   31   80   3   28   45   10   94   85   30   18   69   69   51   97   55   22   23   18   88   38   35   10   
29   49   69   25   60   26   28   80   30   48   67   89   82   84   35   34   15   98   42   57   71   74   6   2   78   13   28   33   22   25   28   7   43   42   93   70   42   15   68   80   54   56   43   57   38   4   37   8   1   23   51   31   91   56   71   6   58   47   100   45   25   66   31   28   81   13   80   66   50   29   62   64   95   27   96   82   7   84   30   11   86   14   2   7   30   8   81   38   12   30   3   50   48   30   61   46   60   4   91   62   13   8   85   99   7   98   64   61   45   8   31   23   18   87   89   11   80   90   
10   77   46   15   5   36   98   33   38   16   62   54   44   45   10   18   93   55   19   60   92   24   63   24   24   27   40   100   42   82   88   64   72   84   80   100   52   55   55   35   61   57   47   24   73   38   83   42   53   32   85   81   29   33   15   23   42   39   51   9   93   80   28   18   47   67   97   65   23   95   50   18   70   76   0   5   24   2   40   92   84   76   7   46   47   98   97   19   51   68   65   98   97   93   67   2   100   8   29   26   78   57   6   19   63   89   57   83   47   100   58   46   20   61   27   55   87   31   
34   74   35   31   81   55   93   47   55   40   92   71   36   71   84   67   64   74   79   44   23   47   4   67   81   45   30   93   34   99   78   89   91   52   49   35   43   16   98   5   49   46   22   6   42   19   91   38   82   45   53   2   85   1   47   53   93   2   2   4   94   72   28   7   53   49   38   14   32   90   34   1   52   13   14   71   4   97   6   48   31   2   76   33   38   1   33   68   19   80   74   34   4   65   31   13   70   88   94   44   78   69   63   24   84   53   4   45   64   40   51   34   0   93   2   18   2   62   
24   53   44   15   22   18   5   61   99   35   68   92   13   37   61   75   28   88   4   82   77   70   79   74   44   75   51   44   43   87   61   47   76   15   8   26   42   22   28   3   67   4   92   93   99   71   64   99   33   77   57   46   90   10   82   48   79   81   0   32   81   60   38   15   50   96   10   28   72   53   77   77   98   56   73   80   68   29   52   47   43   91   48   44   97   41   63   92   2   92   21   92   37   79   6   73   88   62   92   93   91   54   47   74   95   21   88   63   17   23   67   39   37   33   90   45   91   40   
37   97   64   17   67   27   83   26   1   19   42   49   57   43   60   44   84   74   86   1   52   23   7   26   93   52   15   65   37   66   42   18   49   80   92   85   93   90   62   23   41   6   5   12   7   15   24   6   70   68   39   22   47   31   83   13   93   5   42   97   90   2   40   99   11   66   12   4   61   80   8   23   41   91   1   98   11   21   28   1   32   46   24   13   26   37   6   10   72   64   92   82   59   68   69   80   19   73   85   33   56   16   35   11   99   81   26   78   90   80   30   68   66   89   79   35   5   79   
79   68   84   63   41   1   26   31   100   93   32   25   75   90   6   87   67   80   12   52   14   90   53   76   9   30   42   91   85   18   95   0   97   100   82   34   14   47   24   84   97   65   29   34   66   89   39   97   50   85   27   4   5   12   86   85   84   59   73   96   93   13   33   42   46   77   14   43   4   45   21   99   82   3   99   98   24   57   69   10   63   92   64   38   4   87   49   38   36   23   80   54   23   16   79   95   94   41   64   12   89   33   71   52   10   72   23   98   23   2   58   9   50   55   96   3   2   58   
72   17   83   5   96   99   20   41   73   21   3   90   47   1   38   2   3   58   57   65   41   81   51   43   39   33   84   77   17   16   12   14   55   84   99   47   82   91   73   79   42   55   23   56   40   7   85   80   40   5   63   75   12   30   98   23   92   96   27   83   95   20   43   45   28   24   99   69   64   32   8   38   41   43   10   68   72   7   27   60   5   12   4   82   2   93   67   58   56   27   31   46   26   4   35   13   27   74   22   42   12   49   78   35   7   86   92   99   17   91   52   38   59   68   8   47   45   22   
41   48   95   56   44   97   62   64   73   59   66   96   37   3   26   53   53   49   100   60   31   99   56   18   85   66   11   59   9   64   55   15   49   11   50   76   12   20   56   60   88   53   96   23   91   23   19   51   14   58   49   73   38   48   59   72   16   17   35   91   71   66   24   64   49   27   40   39   66   81   10   1   42   11   25   95   26   50   39   46   8   30   66   43   90   96   26   57   18   25   81   85   99   21   59   30   26   42   69   17   50   17   75   2   7   23   68   14   43   27   22   73   9   62   14   63   82   96   
58   57   30   11   33   47   0   71   48   14   5   49   5   46   3   20   26   65   33   96   46   39   82   78   40   20   28   42   99   84   74   69   10   22   28   12   43   3   72   89   58   22   99   93   25   34   24   79   58   69   49   70   10   68   17   50   83   70   86   51   67   1   73   82   0   40   28   24   20   47   59   7   10   85   66   42   8   74   35   22   34   61   80   21   38   75   42   38   63   82   11   7   35   38   38   64   64   71   45   16   0   81   37   44   39   10   4   33   26   97   64   94   80   99   36   27   74   83   
29   32   29   54   78   40   39   47   13   74   4   1   22   72   27   27   76   50   3   31   38   75   12   35   68   34   85   77   63   23   11   67   83   8   75   14   65   66   81   29   68   29   97   33   95   40   20   35   44   60   97   58   56   1   8   25   33   80   15   64   5   2   68   87   52   29   91   42   92   35   7   23   98   23   35   6   41   67   37   58   21   74   88   28   85   52   63   27   65   61   40   33   15   45   42   3   42   31   58   72   36   73   22   7   31   52   99   13   98   33   66   82   10   100   20   42   6   48   
68   48   44   95   87   42   24   34   9   40   56   46   20   97   95   86   47   68   9   77   32   67   84   45   7   39   10   13   6   30   14   59   25   99   50   16   27   20   22   13   28   61   26   74   37   81   74   59   9   100   72   32   10   22   66   10   84   62   15   4   71   98   57   84   41   75   86   4   7   86   26   94   84   50   41   75   51   71   46   11   82   89   48   81   69   16   27   39   4   97   3   46   62   89   90   22   74   77   79   30   8   37   27   13   8   28   6   41   30   7   14   98   95   50   92   84   92   9   
82   24   5   71   3   55   90   21   14   81   10   56   25   6   12   74   65   13   65   91   46   76   75   71   16   87   68   31   31   76   49   9   52   58   100   44   25   67   22   40   53   20   22   80   0   23   0   46   35   65   86   97   72   15   74   48   44   42   38   16   35   9   25   5   40   48   57   98   33   83   0   92   55   16   90   19   3   66   22   12   80   83   52   5   54   17   62   29   79   5   65   52   79   40   100   17   34   74   85   77   32   52   9   47   66   12   62   96   90   38   86   7   65   23   92   91   5   4   
82   73   97   33   76   9   32   95   17   61   20   47   37   95   12   39   33   91   37   41   87   94   83   93   62   43   74   38   42   45   19   4   47   100   74   44   83   83   42   5   56   15   16   90   39   86   25   34   70   71   47   49   84   1   5   26   91   21   52   93   1   5   30   74   21   92   43   90   18   80   3   88   73   51   79   77   0   66   78   6   51   58   91   38   56   19   41   48   31   37   39   69   23   43   1   10   22   97   96   74   98   38   85   84   66   40   70   80   80   55   66   59   1   38   91   10   44   7   
78   0   60   24   45   6   34   11   97   84   43   45   23   11   85   85   15   1   41   76   20   37   34   36   33   5   53   57   16   97   30   23   12   95   16   96   98   38   42   92   20   75   11   75   50   91   81   56   39   26   82   38   80   25   22   62   49   91   29   27   26   73   48   62   99   32   30   52   15   56   56   38   92   99   76   38   24   89   99   83   5   45   76   56   49   40   65   72   75   40   4   25   36   79   29   42   40   73   18   81   42   25   50   34   30   39   7   90   75   57   50   86   31   15   46   19   84   34   
16   49   59   69   64   86   6   8   4   38   18   44   77   22   39   79   76   39   11   58   85   9   9   77   37   38   86   11   36   59   40   24   87   8   39   59   6   100   91   62   50   93   83   8   72   44   22   54   92   76   13   32   2   65   77   95   59   27   67   38   95   91   64   77   6   85   72   61   95   90   9   51   4   0   6   73   84   29   100   21   31   5   7   27   60   51   70   79   46   56   86   62   56   80   80   68   21   27   23   41   88   39   89   97   39   10   41   37   37   85   6   60   13   93   96   91   28   23   
44   15   46   90   26   96   14   27   31   7   12   9   25   97   77   37   48   12   75   75   64   65   46   25   22   71   82   5   15   10   18   77   49   46   3   86   88   49   57   32   6   19   42   23   43   88   46   99   72   84   51   22   56   73   3   38   0   38   67   89   30   54   77   99   91   14   9   15   99   89   71   21   45   57   5   40   8   48   44   32   23   66   17   89   27   29   42   72   81   63   99   75   3   76   58   77   93   65   33   20   12   90   48   90   54   5   73   100   12   8   73   71   61   18   7   91   7   91   
37   61   1   83   22   84   92   32   34   89   99   86   6   40   58   15   52   53   19   36   46   67   98   71   62   39   96   36   0   43   37   100   84   57   81   0   54   93   18   24   51   70   13   83   42   91   90   18   62   13   74   54   73   75   2   95   34   37   30   1   52   63   24   5   66   79   46   36   38   72   83   78   73   51   96   91   56   27   27   69   80   29   82   36   35   57   36   78   31   19   66   13   95   4   97   21   33   79   100   89   90   45   30   57   49   20   23   100   64   72   18   27   11   12   3   60   46   7   
78   23   44   26   8   51   87   50   23   3   40   91   83   2   3   25   85   100   30   50   50   34   14   0   24   77   19   61   21   29   33   11   69   8   0   67   59   0   35   70   32   98   91   96   49   73   44   23   7   63   36   34   46   96   13   23   46   4   91   15   11   48   6   1   63   57   56   7   31   59   19   90   94   83   39   80   99   86   32   74   46   73   66   3   2   21   48   84   32   51   46   16   38   5   96   31   69   74   92   91   21   8   51   54   49   41   61   84   89   65   40   48   55   28   8   91   64   26   
79   6   51   29   70   96   81   16   68   71   88   11   94   70   37   52   43   82   88   65   37   66   2   14   51   98   37   75   39   42   13   63   52   2   41   28   47   61   54   79   32   31   72   61   66   38   24   13   37   50   71   73   5   22   58   7   100   69   15   94   73   95   28   30   63   38   53   77   53   18   21   7   91   89   6   27   33   28   12   41   33   99   96   14   31   32   73   24   25   90   42   71   3   0   50   60   86   5   67   75   99   43   44   56   73   22   86   97   85   26   100   8   72   88   98   21   15   53   
10   13   62   29   100   37   72   17   41   2   23   22   48   38   14   36   74   20   15   21   77   63   65   0   1   24   39   42   48   28   68   16   48   54   85   62   41   52   46   2   96   11   82   63   70   3   51   13   58   36   49   78   58   20   68   85   31   75   100   76   5   95   96   44   91   86   91   95   46   38   61   71   71   39   69   77   4   12   15   82   1   98   17   10   71   87   64   96   24   51   47   71   43   12   74   95   66   51   45   48   25   41   49   89   48   32   5   39   71   74   96   84   73   33   36   13   89   45   
86   4   11   72   77   93   14   89   93   58   14   9   5   88   56   35   17   40   89   31   6   60   41   7   45   0   26   54   11   84   5   90   62   41   60   18   8   76   19   92   62   70   37   87   21   50   92   72   19   85   49   38   76   8   64   79   7   18   72   35   85   81   35   46   84   47   95   97   85   68   65   30   56   27   89   89   73   52   18   96   11   27   84   85   96   84   1   31   81   82   68   69   40   61   12   54   19   16   86   50   69   12   89   23   14   40   37   95   8   33   51   89   36   12   67   22   25   39   
4   61   74   3   4   24   68   69   23   38   68   31   1   86   19   28   21   39   7   2   60   11   83   40   56   72   93   0   78   94   31   86   73   18   34   73   16   47   21   98   55   24   84   89   86   28   36   86   91   22   92   14   34   95   32   25   60   0   67   5   82   1   22   5   67   41   40   95   84   21   48   45   74   60   44   82   54   74   52   5   81   37   3   53   1   48   76   83   14   96   53   100   84   94   92   82   84   34   86   36   29   82   43   85   95   50   73   61   94   34   75   24   95   9   62   27   44   29   
45   84   32   94   63   68   85   96   45   27   72   92   26   90   47   83   84   56   23   64   75   86   69   48   43   51   81   64   25   64   14   10   0   64   52   40   80   9   70   92   88   80   58   92   41   86   17   46   95   44   7   59   71   43   57   94   15   37   30   55   71   43   25   13   61   51   71   38   30   84   33   67   49   41   82   44   6   31   50   6   92   91   9   26   45   10   80   71   61   82   23   0   34   1   15   64   1   27   79   0   79   89   58   29   32   52   49   77   41   2   44   12   63   43   46   89   70   88   
93   4   34   71   62   28   39   42   95   25   38   55   11   5   82   47   55   59   85   77   73   2   63   36   38   18   27   12   54   53   91   66   64   60   6   45   24   34   19   45   47   26   85   76   48   79   48   89   78   34   59   69   68   60   70   21   74   93   98   29   41   53   92   14   90   30   78   17   60   6   53   32   79   25   20   49   93   80   57   43   67   57   77   70   13   15   99   1   25   46   73   7   20   26   47   6   6   97   12   60   71   64   16   29   42   16   42   27   5   19   95   74   40   89   64   22   65   65   
86   98   96   28   77   76   43   66   83   3   72   69   77   94   75   83   7   44   86   46   99   25   35   50   96   92   59   96   83   43   19   39   83   14   31   31   27   40   83   28   78   36   11   13   67   49   78   90   0   18   26   3   62   80   72   5   89   12   7   99   75   70   78   4   85   11   71   88   99   66   81   98   59   39   89   26   36   29   21   42   30   1   94   70   18   41   76   56   10   52   54   98   57   61   71   85   66   65   13   65   100   68   99   60   74   85   11   48   11   80   45   44   70   32   89   65   74   36   
44   23   8   2   57   60   40   52   88   0   95   91   84   32   77   6   13   38   47   0   0   74   10   71   100   19   97   65   15   11   3   17   90   50   12   75   53   60   53   40   34   38   62   44   30   5   59   88   68   79   12   36   98   32   2   34   60   56   56   61   72   29   95   23   98   53   35   47   76   16   62   55   69   90   97   92   100   100   89   88   97   16   46   88   46   12   99   79   59   80   56   14   38   23   53   78   0   94   67   20   75   31   87   20   80   99   10   8   54   92   88   25   49   9   38   83   89   79   
15   83   18   63   99   90   59   82   13   87   2   97   25   23   51   94   66   38   75   36   4   18   80   60   97   86   97   78   8   94   68   61   33   16   28   64   55   1   64   3   33   31   21   78   67   53   57   81   33   48   57   12   16   92   74   27   33   39   51   31   78   47   68   72   48   1   94   72   3   92   17   47   60   14   74   21   61   27   5   25   75   4   16   33   67   72   73   64   100   84   19   78   66   91   11   79   5   46   94   34   30   37   39   84   34   50   32   80   84   3   96   11   33   12   84   8   42   90   
34   56   66   87   8   38   26   19   29   84   71   99   64   62   31   58   32   41   7   12   15   68   41   42   78   76   45   75   32   19   75   30   71   98   75   0   32   59   41   51   94   4   37   48   44   80   32   46   66   68   74   65   16   55   18   43   5   61   25   91   53   26   71   99   19   24   24   74   2   77   85   32   3   34   77   63   6   8   55   13   29   47   85   50   45   91   39   17   56   56   45   64   64   28   10   78   86   75   12   58   23   0   35   31   11   98   26   61   95   36   37   9   78   76   44   79   88   54   
79   53   66   84   16   39   40   44   71   55   54   6   49   25   8   16   18   22   70   56   43   94   27   33   4   95   18   57   44   35   44   65   63   62   67   79   24   83   53   68   20   4   58   23   14   55   15   67   21   19   33   21   63   96   81   6   82   56   4   65   26   70   43   27   45   85   82   7   7   80   72   17   82   70   32   27   86   19   10   38   59   28   43   61   31   61   55   93   92   56   0   27   44   63   73   23   48   26   77   34   60   38   8   18   75   23   47   56   86   36   78   37   46   100   6   58   52   80   
97   24   12   11   27   97   71   26   5   62   58   43   21   57   49   83   35   44   78   15   51   14   9   16   58   43   86   67   15   85   22   30   36   69   6   7   34   40   90   63   39   72   6   22   21   40   4   59   58   34   34   93   21   91   91   84   68   9   63   54   77   42   6   77   58   26   1   78   43   14   26   29   34   18   65   99   35   59   39   63   4   39   79   69   81   24   72   59   24   8   14   25   51   63   3   58   63   53   62   78   98   97   34   41   79   7   20   62   40   7   85   58   29   25   84   27   48   11   
61   93   1   25   58   40   19   25   63   1   70   33   2   68   3   87   89   40   60   82   22   91   21   9   87   9   34   1   3   38   89   25   43   64   30   67   54   98   34   33   97   86   82   77   82   41   76   46   76   45   44   59   29   75   11   78   96   25   69   3   67   60   97   10   6   6   82   40   38   87   20   69   53   96   47   11   76   67   4   62   92   15   33   96   100   54   46   80   4   71   44   1   35   6   98   97   67   94   0   32   45   94   8   88   44   89   35   17   53   71   75   65   72   96   91   100   97   70   
5   8   25   37   83   38   99   49   78   11   94   65   33   26   49   13   54   9   86   44   58   14   14   26   72   96   64   23   3   87   94   92   33   55   14   1   22   82   22   81   35   86   81   18   92   1   35   18   70   49   54   32   68   27   6   34   18   7   47   94   2   10   45   2   19   85   41   3   29   91   51   39   72   39   19   63   66   8   7   92   36   56   86   52   40   1   98   45   80   10   29   33   56   93   48   5   54   67   22   18   94   58   11   25   92   32   14   3   77   71   25   94   2   20   2   58   12   35   
26   27   36   66   35   49   94   7   98   64   2   61   26   72   78   87   66   50   49   95   30   18   6   55   32   71   55   46   19   37   50   28   3   68   28   36   72   16   42   63   25   98   77   1   10   55   9   88   66   19   59   29   0   69   89   82   4   52   1   22   16   48   81   28   42   69   40   98   75   31   82   51   23   90   87   40   13   63   11   95   4   25   25   23   2   80   96   16   65   65   38   100   55   28   69   32   71   37   48   81   34   59   69   60   3   81   82   96   7   60   8   68   30   18   7   80   7   46   
22   35   74   12   83   27   29   69   94   47   50   90   3   52   5   98   31   62   91   29   98   29   14   85   98   87   29   94   52   55   58   78   81   73   34   93   24   39   2   47   12   9   92   57   61   53   27   66   33   10   24   51   43   59   9   29   87   63   96   85   5   63   99   30   54   67   85   100   31   78   17   94   11   86   55   3   54   60   87   36   26   45   66   24   48   79   64   61   38   18   64   2   76   58   41   66   90   89   58   44   40   14   47   14   89   18   76   50   3   15   69   94   24   68   81   17   18   91   
83   77   98   100   7   41   92   88   36   15   88   84   76   49   32   15   19   65   99   1   37   99   84   52   5   25   25   40   70   3   27   11   35   22   77   84   41   31   13   69   48   91   97   31   93   76   0   14   85   80   60   59   20   99   63   36   85   72   18   42   51   37   94   96   1   54   28   29   54   63   9   82   82   43   22   44   33   77   28   44   61   37   24   0   4   92   9   62   5   85   61   1   19   81   68   43   92   57   18   90   2   72   61   74   60   53   56   52   72   5   93   2   15   53   54   73   40   25   
0   30   46   30   22   11   83   48   63   34   12   20   7   10   5   69   5   46   60   84   88   32   34   47   3   52   27   59   91   30   19   97   57   96   58   63   59   8   48   69   73   37   43   69   51   62   92   96   70   99   100   100   14   27   33   23   97   25   50   88   36   66   11   34   70   64   50   70   65   71   1   72   9   16   71   51   54   5   97   75   63   27   16   13   53   76   83   59   74   82   74   42   79   43   81   78   86   81   40   63   34   15   71   96   20   16   58   36   65   34   93   41   87   97   53   17   24   36   
18   79   63   3   74   59   72   24   22   12   11   92   63   2   68   48   0   55   32   36   31   84   65   35   62   75   75   51   71   52   80   60   59   24   32   50   21   13   49   61   41   13   44   69   91   99   58   53   31   90   25   59   5   8   64   93   4   70   100   90   33   84   60   30   63   24   40   38   44   34   67   69   85   36   58   27   26   24   21   78   22   70   94   21   29   75   22   14   76   31   37   8   7   87   7   88   9   87   84   53   46   70   55   10   57   3   4   95   51   58   30   89   47   59   70   95   69   6   
58   31   76   61   63   51   96   8   37   16   30   92   41   15   75   2   57   40   24   58   3   19   6   80   2   84   47   46   57   100   20   37   67   29   18   48   27   19   41   10   30   10   84   29   32   11   83   35   37   42   67   81   75   29   9   42   35   93   85   92   89   5   1   14   9   92   21   52   56   64   65   93   50   30   35   24   93   85   10   18   93   68   33   40   27   53   65   43   49   50   2   6   81   8   66   48   98   68   68   99   54   68   53   21   58   21   48   89   30   34   4   32   54   44   55   6   26   87   
43   73   12   82   26   12   82   18   89   52   96   56   16   40   75   34   24   27   7   87   72   79   65   71   45   72   28   44   36   44   0   80   70   9   1   78   69   15   15   99   82   19   2   47   85   55   96   62   82   88   92   20   26   62   64   62   78   20   59   34   11   78   45   69   63   68   76   100   3   89   49   49   25   46   73   12   44   38   89   3   0   87   56   21   94   29   59   90   42   61   58   78   20   6   19   53   82   15   62   26   19   32   59   26   33   46   80   21   31   51   95   22   48   76   95   7   45   34   
89   79   16   2   9   84   73   38   69   7   82   80   71   13   98   37   64   26   24   8   54   84   59   92   37   88   11   30   7   97   51   97   30   2   91   39   100   13   39   7   32   88   61   3   88   93   89   13   91   42   48   12   17   93   78   98   29   24   94   55   84   88   45   82   31   71   73   81   31   24   29   16   9   31   81   83   54   84   79   91   71   2   20   56   52   4   80   75   61   60   17   83   10   79   69   50   34   16   28   6   63   39   22   47   18   52   94   2   98   19   52   68   66   56   64   25   80   12   
75   12   36   90   5   13   23   84   27   48   46   10   75   73   64   75   34   10   71   56   49   37   84   27   68   25   60   29   78   73   93   82   72   95   15   23   17   18   67   40   51   98   59   49   32   44   35   17   71   95   81   48   99   39   30   3   72   29   27   60   74   64   42   37   54   88   38   64   41   45   56   64   46   85   97   55   72   90   93   46   15   66   94   23   45   66   22   31   5   83   38   4   62   42   19   2   92   40   51   0   37   12   28   44   35   86   78   56   21   93   78   95   86   12   1   31   23   20   
29   11   61   42   7   31   80   27   72   19   94   75   54   83   34   20   6   26   17   43   45   46   35   14   65   60   72   29   32   27   10   78   44   43   44   91   34   28   53   67   16   70   86   71   82   38   97   4   33   67   57   45   95   60   43   22   48   18   67   52   61   98   76   17   75   91   27   75   47   17   97   22   9   35   5   87   8   7   4   4   29   64   48   91   20   93   98   31   46   14   97   32   52   26   87   49   72   36   26   73   10   83   49   56   7   13   96   30   24   27   50   28   54   27   57   94   30   77   
91   92   45   35   60   99   100   51   59   38   26   99   89   76   2   85   3   49   22   69   4   59   41   47   10   32   53   10   62   28   79   67   40   25   64   18   86   63   0   42   76   86   14   33   70   67   87   63   53   46   37   95   20   91   53   26   31   80   42   86   87   40   60   68   18   78   59   40   72   83   39   79   5   20   77   56   5   8   63   98   7   25   5   98   75   99   36   52   29   23   11   16   85   72   35   22   10   97   19   80   43   88   0   24   58   44   54   40   1   93   80   41   75   53   87   88   43   60   
52   69   73   5   15   18   99   85   97   16   20   87   19   27   80   41   96   79   27   82   69   7   57   60   0   87   21   26   82   29   31   73   12   93   46   28   31   4   49   93   95   26   65   74   81   53   21   11   62   55   61   15   0   20   23   37   70   7   46   84   61   22   85   71   31   82   93   4   86   3   17   1   81   76   67   58   72   12   17   84   37   18   21   24   61   68   47   25   12   21   59   43   83   15   74   41   55   94   63   28   47   36   20   41   71   79   57   6   65   19   37   22   27   20   53   21   22   35   
49   57   16   73   84   47   5   37   61   30   10   74   38   14   16   13   18   50   36   75   79   55   46   24   65   52   62   82   79   78   74   26   15   39   53   19   2   55   79   22   37   94   30   8   22   44   35   49   90   28   88   19   73   66   86   34   17   5   37   62   79   76   69   71   39   92   74   79   80   14   46   18   14   2   66   61   63   26   0   25   81   97   3   81   30   18   12   91   60   59   69   27   94   79   73   58   76   91   46   4   92   32   12   57   39   74   50   69   8   57   21   21   55   79   92   15   100   54   
37   71   35   14   49   97   0   53   63   24   17   85   44   14   44   98   57   74   46   7   23   60   59   22   10   64   90   48   78   69   14   1   36   90   39   55   29   7   49   2   93   90   63   27   89   18   65   78   25   74   87   52   33   71   62   58   61   99   3   2   57   13   74   15   86   78   15   56   22   53   53   22   70   99   53   8   82   73   82   94   14   100   43   21   64   67   53   9   21   57   22   83   49   38   55   79   88   97   68   42   75   7   22   8   50   16   16   63   90   22   10   55   34   69   53   56   54   51   
52   40   54   17   14   98   35   50   33   45   62   14   100   39   82   52   72   69   93   31   35   8   32   87   82   83   93   72   91   1   98   94   1   84   34   37   16   33   38   60   65   10   16   37   9   0   42   21   5   51   94   39   30   84   99   33   98   57   35   4   43   34   58   50   13   28   58   39   43   9   45   58   15   13   84   63   7   17   82   92   46   40   14   42   30   17   67   99   80   96   51   3   62   75   51   86   80   3   6   71   38   20   14   71   54   69   72   93   40   76   14   24   24   97   25   94   69   10   
38   11   68   3   65   81   66   31   91   96   26   40   4   5   10   90   42   82   82   47   56   51   67   10   66   63   23   91   29   49   90   78   2   24   33   70   85   56   54   73   63   32   33   74   89   5   39   52   98   44   29   57   65   67   63   5   37   57   62   56   72   90   42   98   78   10   23   8   29   19   41   73   58   34   55   71   90   41   39   92   17   7   90   6   16   23   13   11   33   62   75   91   30   9   76   38   39   12   70   76   57   63   59   87   1   68   32   71   41   26   2   27   56   86   83   98   53   68   
71   14   27   88   4   98   43   33   68   7   27   76   10   54   35   29   25   95   97   44   8   5   17   79   20   60   5   50   25   21   65   92   83   11   68   71   37   96   38   98   98   54   51   17   77   88   34   34   48   80   73   17   33   61   16   56   18   70   31   31   17   97   87   93   51   9   96   60   38   64   49   61   61   2   75   36   29   2   84   86   57   70   56   68   19   95   85   75   43   35   83   42   13   16   47   27   1   4   46   50   10   19   38   55   3   90   85   54   24   62   9   95   34   4   50   54   54   10   
70   3   52   25   54   35   100   8   64   89   92   40   91   73   76   14   62   63   49   4   28   95   28   47   87   59   67   17   40   87   20   49   71   5   71   98   0   5   34   95   95   82   87   7   57   91   92   73   6   57   100   1   68   93   61   62   32   94   81   68   47   51   1   47   3   79   0   78   80   7   21   3   70   55   12   34   88   98   93   47   10   11   53   27   52   27   84   92   35   29   83   49   87   6   81   59   61   46   69   69   68   76   74   88   98   84   22   46   42   6   93   95   65   81   53   65   86   89   
19   53   70   2   89   78   15   29   75   83   29   35   27   82   67   40   33   90   24   1   90   8   67   6   54   33   34   19   9   59   60   47   10   45   2   63   48   97   71   30   99   73   58   26   89   2   19   4   40   61   61   50   80   54   97   96   94   82   79   85   70   17   72   83   9   76   53   39   95   25   100   54   59   11   38   48   98   7   41   10   94   91   98   10   97   0   96   50   25   81   61   24   38   24   30   96   53   59   31   56   68   64   10   31   51   19   68   33   20   49   12   1   68   40   91   38   20   62   
0   91   9   69   59   83   32   22   20   45   69   72   75   41   84   85   52   80   56   78   36   68   65   61   44   47   76   68   0   53   37   34   87   80   63   16   74   53   76   92   4   70   45   4   17   64   39   56   76   68   83   43   64   62   90   75   53   93   68   39   9   50   27   72   80   54   85   57   18   11   54   61   21   50   12   19   55   45   55   42   94   70   44   21   87   86   80   57   98   17   9   92   61   27   76   70   84   1   88   91   57   62   48   26   33   72   11   73   89   5   85   32   43   49   92   62   27   1   
71   22   9   45   16   37   32   92   85   38   93   47   60   68   19   56   42   89   57   28   77   72   51   72   48   70   32   12   3   66   13   23   28   7   19   7   74   77   20   11   25   68   95   17   56   72   52   56   70   32   34   83   13   86   18   57   4   55   35   2   16   54   77   50   43   57   52   17   90   36   74   79   93   16   69   77   60   87   64   11   59   51   78   91   100   3   85   49   67   79   41   99   65   47   57   89   18   52   77   0   88   75   31   20   89   81   60   47   31   53   67   17   80   92   43   42   77   84   
22   39   13   13   73   12   36   87   20   92   79   3   89   88   94   97   94   6   39   46   20   82   72   14   62   37   80   38   46   64   96   83   3   23   59   54   95   44   65   61   28   34   77   36   100   53   28   82   7   4   70   24   61   26   32   52   16   36   41   22   77   16   35   40   87   68   93   77   25   61   67   100   84   14   3   45   95   32   70   77   2   94   45   9   54   50   84   68   91   79   55   28   27   6   24   48   18   68   28   51   77   47   99   92   96   74   6   68   20   46   17   75   73   11   13   90   15   100   
25   100   51   100   18   17   87   96   4   32   40   100   31   100   96   32   48   32   8   71   41   86   23   96   38   79   0   79   17   20   46   19   0   73   15   54   100   77   96   45   3   32   28   21   14   92   52   83   60   78   44   50   19   97   29   69   2   20   99   41   63   33   4   61   67   7   98   53   88   78   40   26   52   93   16   78   77   53   2   31   71   20   97   55   3   55   93   67   38   14   97   53   29   1   62   84   4   84   59   86   75   89   17   36   22   28   31   82   25   22   90   66   43   45   70   30   94   13   
87   100   37   38   67   70   32   73   30   19   77   89   65   61   74   96   21   12   60   7   55   90   27   91   66   74   18   29   26   49   69   45   74   54   46   9   94   70   12   81   41   40   95   64   42   76   37   20   96   74   55   90   48   20   91   33   17   68   18   80   13   6   85   15   30   74   40   64   53   51   72   60   42   19   71   29   35   29   100   69   88   58   70   5   41   79   82   70   34   53   4   60   22   15   2   15   48   47   23   23   30   61   82   3   79   62   59   12   1   5   82   61   23   69   53   94   35   68   
61   4   76   30   86   60   69   49   99   89   53   44   99   100   16   85   53   16   73   56   1   71   87   39   72   27   9   85   3   58   15   7   78   52   18   65   28   28   72   15   78   40   4   47   62   68   76   57   94   89   6   65   14   100   97   40   77   31   58   62   74   67   67   49   33   24   47   61   28   33   52   33   98   66   80   92   16   5   3   15   89   27   52   48   36   64   2   92   30   62   100   21   6   15   63   30   13   21   89   37   47   83   79   12   36   21   86   91   79   1   50   93   71   13   27   60   15   12   
89   51   38   61   46   80   53   76   23   63   64   62   33   42   79   98   30   5   34   88   42   76   5   52   100   99   20   78   82   21   3   89   92   22   81   38   13   67   67   18   54   69   25   87   71   22   55   56   29   42   80   16   50   32   49   12   10   66   70   21   35   83   38   88   99   14   33   41   44   62   37   89   88   63   58   79   9   34   91   40   19   96   3   32   72   34   98   97   29   38   54   21   15   2   27   22   31   51   90   52   93   15   47   13   57   25   74   97   73   88   37   59   86   2   12   98   100   38   
31   38   4   71   70   72   65   51   0   20   73   60   81   95   30   4   2   60   61   49   39   68   98   77   86   71   97   10   95   68   10   32   13   14   86   36   1   63   5   6   13   93   19   34   59   88   25   77   67   60   92   88   99   69   99   59   95   51   88   99   32   38   51   53   1   92   52   66   37   3   9   62   96   81   61   94   96   3   16   25   71   96   73   90   22   100   34   96   98   31   83   53   24   20   41   38   95   19   24   97   84   39   9   36   83   96   68   49   18   22   50   86   81   75   41   89   87   41   
60   12   2   88   51   55   5   30   3   92   27   44   87   47   16   84   67   64   43   24   72   90   25   62   60   11   36   26   40   66   40   34   13   4   51   54   99   13   55   68   23   32   62   51   62   34   22   6   10   24   76   11   20   24   15   57   10   38   86   14   94   10   85   18   50   67   43   46   8   45   78   26   80   53   57   23   8   41   57   78   53   41   44   25   24   72   91   2   98   70   56   47   57   54   62   18   70   35   87   6   9   23   1   84   53   46   6   64   30   3   83   21   42   72   68   64   74   50   
88   2   46   9   17   14   21   100   34   72   67   85   50   19   0   22   83   19   74   38   29   7   44   72   63   87   21   21   99   16   32   83   35   69   23   90   35   78   83   40   76   93   94   18   35   42   54   20   57   26   1   99   8   81   81   27   26   7   13   35   72   29   49   18   12   99   69   21   43   7   4   100   69   84   87   85   28   96   50   58   88   55   84   93   10   55   39   75   11   71   75   85   32   53   84   26   90   91   58   68   13   68   45   69   49   13   29   2   85   84   87   19   22   43   71   15   25   50   
27   19   32   56   38   51   55   42   90   71   52   65   3   42   52   41   27   33   7   75   96   51   50   25   75   33   36   67   7   3   65   61   48   23   46   93   21   56   32   77   73   3   95   85   29   84   81   44   2   22   14   54   84   3   14   9   0   53   62   92   36   54   99   23   75   2   59   29   87   94   85   28   98   72   63   11   67   34   70   67   23   59   7   71   28   80   19   61   79   14   27   99   0   66   42   12   41   3   54   26   27   41   95   6   26   100   9   92   4   20   39   31   26   36   29   44   85   65   
43   83   17   100   99   32   75   34   87   35   1   53   57   22   72   35   52   31   1   60   49   48   81   62   97   16   85   16   95   61   75   91   96   10   8   59   93   2   94   100   26   38   24   8   55   11   54   16   100   46   71   49   71   59   89   52   77   18   17   96   38   50   86   45   9   36   29   31   51   55   37   61   25   64   91   32   79   88   39   56   55   1   2   87   44   67   13   32   71   66   6   73   96   96   20   46   65   49   45   8   4   59   99   90   32   37   19   30   78   71   75   59   72   54   40   47   75   93   
79   25   30   77   22   93   41   42   55   43   93   58   92   7   30   26   83   55   61   8   5   96   4   74   18   14   19   46   89   68   91   98   77   4   25   92   48   74   84   56   27   75   4   34   73   1   85   91   47   62   41   9   67   99   37   13   70   2   55   44   19   35   77   65   90   25   42   52   5   12   97   13   29   61   84   18   64   81   78   66   92   7   48   53   72   36   7   53   97   25   63   91   13   27   24   100   33   32   59   10   61   87   67   69   69   46   29   88   14   11   93   79   23   34   4   59   84   36   
28   6   98   98   68   90   1   82   20   2   87   98   1   11   51   53   65   14   63   3   32   6   62   76   67   93   91   10   88   12   28   81   59   17   94   53   48   4   9   59   39   37   22   85   92   46   41   46   38   11   83   54   75   52   72   26   67   51   31   82   80   67   29   9   25   82   43   15   0   43   68   70   70   48   52   12   41   31   83   100   51   84   27   80   100   90   10   15   64   34   48   36   82   53   22   27   42   97   35   87   74   19   3   71   76   93   61   78   82   34   81   89   32   85   78   63   99   92   
52   97   1   38   16   45   50   58   77   72   42   14   29   9   92   32   56   88   8   71   95   15   85   86   59   85   81   87   5   22   42   99   62   42   9   80   42   1   100   86   75   61   62   14   1   51   46   3   27   65   20   29   75   44   63   40   72   59   75   94   78   99   77   38   90   43   16   97   45   19   43   16   81   33   20   84   95   14   10   86   42   97   96   17   19   45   15   53   62   87   54   45   0   92   83   55   7   70   94   51   87   35   10   96   75   56   95   30   91   21   5   83   20   83   89   78   60   30   
17   40   93   78   34   23   54   99   99   6   13   4   50   27   51   100   77   45   7   11   84   3   15   82   85   43   22   60   44   2   84   66   50   85   43   84   52   61   96   74   67   61   94   55   70   36   10   30   74   52   40   88   8   8   84   64   36   27   48   72   51   7   90   97   20   86   13   78   73   30   64   10   66   65   85   27   21   48   100   47   86   39   53   5   4   68   68   9   24   55   71   35   23   63   33   97   22   66   11   32   93   12   97   59   79   92   17   15   82   77   28   26   34   31   63   99   57   67   
22   34   77   57   15   42   29   92   23   66   97   4   62   22   0   98   41   76   64   72   10   5   38   62   81   98   70   4   34   18   16   27   6   39   9   36   5   14   52   10   95   63   71   98   5   37   87   67   0   66   5   18   96   16   35   6   92   61   34   24   65   48   100   95   13   40   52   31   58   19   48   96   75   5   59   11   37   63   18   0   76   38   0   86   42   74   18   19   64   24   75   37   16   27   69   68   7   49   73   53   25   90   24   11   21   52   44   9   32   85   34   21   1   17   22   94   92   8   
17   59   2   98   58   23   55   43   58   24   20   72   73   48   27   48   47   70   59   24   60   82   25   17   77   66   48   43   55   31   0   69   33   96   17   14   74   6   90   61   42   61   76   79   47   3   91   85   34   7   24   85   22   96   79   16   52   49   94   74   83   12   19   32   97   85   64   35   4   79   0   47   93   20   11   44   87   89   96   29   45   88   71   89   80   42   98   22   90   38   14   76   44   46   71   15   4   16   71   57   11   88   91   74   75   83   54   26   32   62   88   77   88   52   27   28   46   14   
