42   78   59   18   15   25   88   50   96   29   56   21   15   0   92   45   31   92   44   92   60   29   51   55   65   84   38   5   20   24   57   43   92   60   84   54   85   26   25   56   48   48   69   64   73   3   5   96   30   58   78   94   62   30   30   97   51   60   74   2   1   91   10   76   61   49   88   92   34   7   68   94   43   78   66   71   63   81   22   65   79   93   70   97   97   2   59   58   82   74   19   19   20   37   75   51   87   0   65   69   88   50   46   34   23   6   25   14   43   37   93   54   60   57   55   66   84   85   
92   96   15   52   24   49   39   73   11   87   21   23   16   11   16   71   100   83   29   90   81   14   9   36   48   95   29   98   59   3   70   85   58   72   99   73   4   21   62   58   3   44   36   10   59   96   9   37   46   2   6   7   6   60   21   100   91   59   24   53   45   61   82   1   44   43   29   22   31   16   86   68   20   29   100   8   73   95   51   52   7   43   17   25   7   85   69   92   100   82   87   96   50   26   64   14   65   67   58   20   71   7   98   57   22   31   53   99   58   28   1   72   35   14   47   68   67   47   
12   29   36   28   16   51   45   69   22   42   17   60   47   81   16   79   90   63   48   86   4   89   98   81   91   61   29   16   68   69   73   17   90   78   5   5   16   19   59   35   84   48   92   62   78   84   86   12   47   98   26   80   37   92   3   9   83   50   53   46   15   19   30   24   93   47   90   66   15   0   68   26   54   9   26   1   35   77   37   97   14   25   84   84   26   75   77   79   58   19   16   34   79   8   95   95   81   50   64   45   19   94   97   70   17   56   87   1   88   66   85   97   78   23   70   97   76   89   
4   48   58   91   94   86   34   18   13   31   42   59   98   6   21   73   22   98   15   46   42   98   11   50   35   49   20   28   43   44   61   78   53   29   58   17   60   49   34   47   80   63   92   2   96   81   81   46   68   53   71   82   78   91   80   5   50   51   19   78   44   75   98   96   36   96   85   15   22   5   42   82   24   19   100   13   6   35   43   100   87   0   37   64   99   89   99   17   36   35   1   95   55   20   73   87   1   4   22   100   91   28   49   26   36   93   9   24   28   90   95   12   35   97   8   65   64   54   
28   62   5   96   47   82   44   76   54   56   9   50   93   31   42   10   73   62   100   45   13   92   73   87   18   85   33   1   78   99   44   20   20   26   78   19   10   60   34   27   7   52   30   51   53   96   19   41   65   96   48   48   33   100   14   74   79   82   42   53   22   55   32   12   96   4   71   81   52   25   13   35   51   94   2   35   30   51   87   54   7   32   34   39   21   100   21   34   2   18   8   23   50   51   68   66   60   28   10   41   13   37   58   51   21   42   80   96   20   39   84   96   14   60   41   95   16   69   
61   77   63   86   26   86   98   85   45   21   37   95   38   63   36   1   71   50   44   6   53   40   94   59   10   56   57   10   13   43   56   22   23   86   58   12   55   46   72   15   72   92   97   82   22   67   18   64   3   1   2   2   77   67   66   60   13   86   23   10   85   61   66   42   95   59   79   3   96   13   32   6   1   81   90   70   38   67   71   27   68   40   83   60   89   9   18   46   97   35   25   29   24   16   51   21   82   17   26   70   32   73   68   71   33   35   42   1   41   56   13   39   55   39   55   34   13   77   
46   78   95   94   88   27   90   98   65   18   87   70   27   29   8   36   95   25   4   78   35   66   38   26   14   89   55   61   35   11   95   3   27   52   23   9   29   27   69   49   74   95   69   75   61   10   96   24   27   39   16   84   31   30   10   1   100   37   35   83   13   58   91   3   66   23   87   41   31   61   5   84   4   28   47   30   58   74   65   44   62   7   34   71   23   57   85   29   82   64   12   94   76   57   18   40   17   62   32   78   2   51   32   7   21   91   1   11   93   26   89   52   30   76   96   47   97   21   
93   17   8   27   35   13   43   88   96   67   54   55   25   53   21   74   40   99   40   88   48   69   20   11   5   33   78   41   82   76   8   51   2   13   8   92   25   96   43   57   74   38   60   9   49   60   9   43   16   13   76   9   91   19   80   37   80   3   11   82   28   59   90   16   84   0   31   54   54   99   75   96   75   94   19   88   13   61   87   85   23   54   60   21   34   46   25   16   5   34   79   63   31   9   54   38   63   78   2   100   38   12   16   17   59   20   45   88   9   14   31   84   68   68   11   77   6   40   
56   91   42   1   0   34   30   43   61   95   78   39   77   16   53   30   11   82   84   93   2   37   83   34   58   77   31   25   80   46   77   40   75   65   28   2   74   71   52   43   29   47   43   58   4   39   60   20   79   75   49   8   5   29   42   85   87   26   61   98   18   20   9   45   0   56   48   38   38   82   1   21   63   3   19   38   77   24   8   2   70   51   37   97   53   11   74   14   1   14   72   76   98   85   16   44   61   80   67   80   74   79   83   35   63   100   21   23   50   8   21   24   59   20   50   12   94   49   
83   17   72   75   23   64   20   46   19   54   35   50   69   9   82   63   49   47   77   97   62   77   23   9   67   75   23   83   5   57   14   27   100   90   93   1   24   95   22   27   17   70   65   63   58   38   94   6   15   48   15   31   5   18   14   86   22   41   35   82   86   28   1   93   47   20   54   91   52   61   23   71   2   5   48   88   19   99   82   69   28   68   13   90   90   75   80   51   77   72   50   12   58   15   72   59   81   75   78   67   7   14   0   83   51   33   40   37   14   41   35   88   21   54   41   83   44   92   
5   76   48   100   64   96   76   4   74   92   58   22   17   7   5   69   14   22   33   42   71   68   55   74   21   82   10   79   14   72   88   91   26   55   83   65   97   90   58   48   90   14   53   90   63   31   78   21   81   6   87   6   8   4   89   20   51   59   52   41   82   76   48   11   28   64   64   10   63   83   73   34   39   3   54   21   30   15   80   51   40   12   1   17   68   67   44   86   19   62   22   1   58   14   47   21   43   42   39   20   19   82   51   4   36   55   53   54   25   23   54   71   3   21   78   32   6   45   
44   67   40   19   92   77   58   64   88   61   34   29   37   43   30   26   2   31   47   33   61   74   63   8   72   65   2   61   93   29   100   48   15   29   38   83   33   7   51   84   40   93   5   60   94   3   15   61   46   20   64   43   94   47   27   39   8   54   73   45   23   71   79   81   87   27   89   18   99   1   0   49   10   47   2   97   13   69   29   33   7   43   35   21   81   84   71   1   54   36   13   90   84   89   65   81   4   83   8   3   97   79   37   56   63   98   91   74   55   10   100   70   21   7   60   57   98   92   
93   41   59   5   61   50   5   5   10   84   12   91   66   34   90   18   43   20   62   27   1   55   88   9   4   60   67   21   87   90   20   90   50   18   35   58   34   76   3   22   69   11   4   84   4   71   0   51   94   13   1   49   67   73   56   59   23   63   27   67   79   27   74   98   63   57   14   49   70   26   32   65   84   87   2   2   78   79   96   11   16   12   26   4   12   48   22   45   20   0   29   9   25   15   93   63   3   29   39   73   3   87   3   32   38   78   7   69   74   63   4   21   76   35   82   3   15   4   
71   65   23   57   56   61   98   50   93   17   85   55   22   36   12   67   57   36   72   58   11   19   14   11   61   44   61   18   35   12   95   60   28   73   85   35   88   28   22   61   43   34   27   70   74   77   69   88   17   43   29   94   57   44   73   8   74   26   100   94   9   69   52   10   0   32   60   69   90   38   26   78   43   67   50   88   85   10   95   28   0   11   22   59   38   60   77   2   60   66   79   72   97   16   29   73   76   63   90   39   11   93   59   0   18   49   5   63   31   21   79   59   40   36   5   78   25   71   
96   64   46   19   37   42   19   72   52   83   89   44   37   14   95   11   16   86   68   90   82   5   34   37   1   76   16   61   43   51   98   71   33   97   7   88   0   7   94   15   41   86   81   9   76   79   77   71   99   52   3   56   72   66   18   67   76   38   73   95   88   12   97   79   9   100   21   41   33   48   95   79   24   19   96   85   50   40   29   6   40   10   39   59   77   87   47   30   5   38   73   44   4   47   68   54   7   11   28   98   40   88   53   62   70   89   93   21   76   81   41   83   45   46   75   26   57   25   
30   57   69   1   7   75   60   54   31   12   34   23   30   4   21   78   16   60   16   40   88   3   11   28   59   6   0   68   61   86   75   92   48   24   60   89   41   66   81   22   5   80   10   26   21   61   44   15   97   82   86   66   6   78   21   44   72   77   39   25   34   10   84   40   20   52   58   31   7   2   23   20   84   61   5   83   98   56   85   51   71   17   84   39   41   82   87   64   7   31   12   15   97   97   94   18   47   78   58   97   31   34   19   94   23   49   11   80   59   23   77   49   29   48   62   35   73   22   
3   46   16   39   32   97   42   63   82   33   43   67   8   19   90   44   8   22   39   86   61   1   66   43   74   23   37   81   64   63   24   60   91   96   42   27   12   3   31   99   60   62   72   14   91   9   32   32   81   22   2   28   86   32   5   32   29   68   7   74   44   48   40   83   18   1   56   24   22   74   10   21   79   18   13   14   45   33   92   36   55   83   30   57   19   76   66   80   62   63   8   81   38   53   60   42   23   87   77   69   72   40   29   100   78   99   89   31   63   6   44   71   71   99   65   62   56   21   
84   60   66   67   72   59   30   17   83   18   24   45   90   28   47   53   71   41   47   42   23   13   76   50   75   66   96   52   40   12   80   20   95   69   26   4   2   68   95   80   44   51   46   92   58   35   57   42   22   61   49   73   6   79   77   45   27   82   37   17   13   92   40   17   8   2   32   29   9   78   21   25   51   66   65   75   33   4   99   68   90   54   31   5   41   36   78   42   33   74   93   94   36   46   87   24   56   21   38   28   7   54   17   74   58   12   14   0   72   39   1   66   66   69   8   12   41   83   
38   1   48   91   64   22   10   77   99   11   4   10   52   30   36   87   72   94   77   85   14   17   83   94   54   29   17   26   37   60   6   84   23   27   27   77   38   63   68   46   27   48   58   86   36   53   84   49   46   40   98   45   58   22   34   28   97   21   48   64   88   36   65   31   17   89   57   85   3   28   72   98   57   11   68   33   7   25   2   93   82   70   73   45   1   90   44   35   37   62   95   69   93   24   31   0   24   72   44   76   36   3   54   56   96   61   30   87   51   7   15   75   39   8   50   28   36   70   
71   90   79   82   63   24   99   13   89   47   42   48   26   32   0   89   40   3   7   91   58   8   81   54   64   29   49   25   32   100   22   67   68   45   4   9   19   32   70   19   61   6   15   13   49   51   21   93   2   92   17   82   75   19   12   34   86   64   79   32   4   78   34   55   81   57   57   37   61   70   50   1   28   54   79   74   89   27   45   64   29   74   2   89   28   87   64   7   33   21   21   40   95   78   37   41   76   55   88   60   68   47   7   87   8   98   84   25   89   63   34   96   12   43   2   40   45   62   
58   73   98   59   59   54   90   91   74   23   97   16   48   0   97   24   21   76   45   99   46   95   48   37   3   60   54   32   99   98   75   97   33   14   48   99   41   34   25   43   28   0   48   64   94   40   53   17   62   45   7   27   94   97   45   99   55   83   19   1   52   63   95   39   40   41   4   27   15   53   84   6   10   42   68   77   39   14   17   20   95   93   48   34   12   24   45   30   41   64   98   73   76   0   6   27   3   62   53   68   28   13   19   81   54   32   32   81   70   42   98   38   71   1   21   70   0   16   
50   74   31   45   69   63   73   18   23   72   78   77   84   21   93   10   43   53   8   80   3   67   8   94   16   10   38   44   61   35   11   90   58   86   86   85   14   11   51   44   27   11   36   63   13   44   11   70   13   19   34   75   57   81   0   3   100   38   70   91   66   91   93   20   13   24   91   70   62   93   22   40   3   8   89   8   12   98   71   87   9   92   53   0   38   36   78   59   71   9   8   2   63   87   2   72   10   79   7   17   7   83   19   11   5   33   26   67   52   67   93   50   40   88   71   84   31   39   
87   39   3   15   13   100   35   78   20   48   86   74   100   49   94   71   0   35   2   87   89   62   81   72   51   26   89   5   21   8   41   1   98   86   80   87   13   16   49   82   60   100   16   79   64   6   6   70   3   1   43   81   46   70   49   80   68   35   46   71   7   51   28   75   5   76   10   89   71   73   15   52   64   58   95   81   11   12   7   61   1   98   38   18   76   91   0   63   4   64   41   0   35   7   39   28   46   28   96   19   33   60   38   54   79   46   48   61   69   69   79   72   7   43   81   86   73   62   
38   74   68   36   92   51   84   63   54   57   72   55   51   58   24   98   28   77   70   40   58   30   88   11   12   19   79   17   83   91   98   75   26   30   17   73   9   80   36   68   45   32   95   4   16   81   49   45   83   78   64   0   35   36   94   42   14   51   35   83   19   21   17   79   13   42   83   66   61   93   54   70   58   32   92   13   9   82   64   82   48   54   52   67   16   69   88   15   15   48   93   73   48   65   14   99   76   32   9   24   6   12   39   18   59   87   12   74   40   91   49   94   83   69   8   26   42   22   
62   17   67   32   94   57   37   77   100   10   36   64   55   5   64   30   37   79   47   58   82   19   62   75   65   57   10   11   25   34   1   77   38   43   84   81   7   28   29   46   69   67   77   2   23   68   86   96   28   69   73   1   45   43   53   97   52   46   76   92   46   8   35   58   96   37   42   35   81   43   13   0   11   25   2   9   16   89   14   90   60   13   91   63   42   21   31   13   41   43   77   93   80   28   23   89   65   30   6   52   21   61   61   71   30   20   79   48   2   95   16   24   72   6   95   95   14   28   
49   4   98   35   28   24   46   59   92   14   64   71   34   8   4   82   96   0   6   67   28   15   63   76   41   0   60   18   43   5   30   16   44   94   58   86   87   77   47   81   76   4   15   27   64   38   60   39   2   31   6   100   26   57   95   67   2   54   94   29   23   71   97   85   42   5   79   49   10   92   82   74   93   86   82   87   22   41   91   13   70   71   100   5   71   52   36   77   23   16   59   23   27   97   36   99   37   87   68   15   24   75   0   93   46   76   10   43   46   58   57   59   30   79   91   7   48   37   
15   42   6   1   44   51   50   30   35   68   18   51   97   33   80   29   24   10   60   13   53   5   49   89   1   90   29   10   34   14   42   11   70   79   98   19   20   66   20   72   17   92   54   18   37   10   60   6   16   66   9   90   73   64   43   36   23   49   39   46   80   6   45   41   5   5   5   13   79   48   33   79   54   96   37   1   84   4   12   95   6   34   31   52   67   83   8   21   14   51   13   31   61   6   65   13   89   96   93   12   89   84   61   86   21   8   54   32   49   100   11   23   49   22   3   88   5   14   
2   5   31   16   50   75   77   51   41   16   48   68   16   25   1   47   17   78   66   7   47   89   82   71   18   1   82   36   92   89   70   32   47   23   65   42   40   15   34   98   64   58   20   24   68   24   60   56   82   89   10   61   44   7   11   55   16   57   31   89   4   63   93   77   49   56   41   95   37   81   61   66   57   0   63   77   44   28   77   19   82   39   36   18   5   49   35   66   95   72   18   25   57   37   69   70   93   72   4   16   93   18   42   97   77   94   67   79   60   53   23   37   83   100   95   33   38   51   
73   47   85   78   92   99   24   76   47   60   22   28   96   77   24   72   77   63   66   96   4   27   11   36   61   74   49   56   85   76   76   53   76   62   82   32   51   33   34   16   68   87   7   64   2   21   15   88   57   47   3   46   46   7   82   2   60   7   38   17   19   78   91   50   58   60   100   23   88   70   39   96   86   73   86   86   45   58   64   16   94   79   82   93   3   25   63   36   25   71   53   12   2   23   75   90   83   27   48   65   36   45   50   56   10   75   40   86   65   66   15   42   53   7   82   45   8   91   
100   88   30   95   47   10   23   77   47   62   41   63   38   76   23   96   96   41   43   71   41   31   14   20   20   19   13   10   2   27   66   70   12   91   68   7   10   66   99   100   93   8   76   14   4   57   22   14   41   86   86   38   50   95   94   40   66   8   77   28   88   7   20   21   48   36   35   25   41   1   69   68   15   49   19   20   16   91   50   52   79   32   42   80   56   78   42   13   30   59   83   35   75   98   26   20   32   5   23   86   39   23   94   13   100   14   25   9   1   82   24   46   63   69   39   16   17   24   
13   21   17   29   72   71   15   62   42   66   35   0   0   30   47   100   36   57   98   2   14   53   51   14   48   41   3   3   39   42   51   30   10   82   58   78   72   52   79   60   15   62   59   95   49   5   82   56   34   13   31   99   26   98   11   21   72   26   58   68   0   34   9   8   70   50   0   47   42   37   89   83   64   33   30   28   74   18   94   78   82   77   86   48   98   29   54   76   78   56   40   31   54   44   6   47   31   54   13   48   28   33   93   92   83   46   62   56   68   70   19   39   6   3   90   65   41   47   
92   33   64   100   25   71   88   48   5   60   4   26   76   51   11   13   32   22   9   86   22   14   11   79   16   23   29   41   61   7   90   46   41   83   90   63   5   65   41   56   27   62   32   57   46   0   88   80   21   2   79   16   22   89   52   7   33   30   55   58   36   21   81   10   3   84   69   80   67   8   62   43   94   88   42   59   0   62   88   10   59   71   84   45   15   98   58   40   5   87   16   86   79   47   14   29   37   0   54   0   31   36   13   39   88   100   0   93   8   87   11   83   93   78   100   1   92   38   
44   29   93   25   18   12   26   3   2   97   80   66   35   70   18   98   68   22   60   89   95   80   67   27   5   36   69   44   15   52   36   73   84   94   21   57   90   5   19   17   17   86   93   62   46   4   83   37   66   86   57   75   39   83   15   32   63   0   60   55   37   48   28   49   69   67   49   66   84   60   100   3   7   49   25   40   19   6   72   91   47   51   11   64   84   98   36   19   37   96   55   39   56   55   70   41   53   46   61   1   38   23   61   71   15   55   8   4   34   35   43   59   35   4   23   18   62   74   
92   23   10   17   96   13   54   12   13   88   78   65   96   94   32   68   63   3   98   35   67   67   88   71   0   35   47   50   26   57   85   69   32   91   43   53   30   66   47   93   65   0   90   38   35   38   88   63   69   61   56   70   56   55   2   70   39   97   97   32   26   61   32   23   79   40   55   86   64   4   70   6   60   57   24   35   61   54   39   95   76   68   18   59   86   78   26   94   39   48   78   79   52   98   69   19   12   65   91   70   30   74   68   66   39   55   10   13   4   70   74   97   24   48   99   83   63   58   
25   49   26   17   57   11   36   19   95   65   96   29   17   30   96   49   88   92   37   78   49   10   52   43   73   46   55   20   75   87   28   33   99   95   90   5   28   95   33   85   10   13   68   51   75   18   68   84   69   29   22   53   90   56   96   86   30   37   48   84   53   43   96   14   99   69   74   67   74   79   30   14   10   26   38   30   10   1   58   64   62   46   20   18   20   61   34   53   27   14   74   61   8   86   21   41   58   68   61   88   87   19   35   11   71   33   63   16   25   62   85   23   42   11   78   60   36   29   
95   90   44   29   31   2   34   34   53   36   55   56   97   72   60   3   19   94   21   60   66   96   74   74   14   33   58   56   84   18   25   88   77   9   71   38   75   17   35   94   27   2   68   67   60   12   54   31   70   10   85   99   28   22   44   94   73   59   88   73   76   60   74   80   21   58   5   56   22   27   98   14   27   30   29   85   51   77   95   8   58   63   85   78   22   57   86   62   29   17   1   63   64   18   80   66   6   16   92   27   46   64   52   31   94   73   89   15   15   16   47   66   21   86   82   6   40   82   
90   24   14   37   25   38   75   70   84   82   78   13   72   44   80   39   17   86   70   83   36   10   5   23   70   64   73   42   67   87   43   11   71   10   68   35   44   28   34   14   69   44   87   30   5   98   91   78   59   72   64   36   2   86   43   24   92   79   4   11   29   34   74   18   35   53   64   1   7   41   28   63   82   45   22   89   63   62   77   35   52   90   22   84   23   46   51   32   12   12   52   76   21   56   81   95   98   57   71   2   18   25   69   53   65   16   59   49   84   83   90   64   18   48   83   94   21   78   
73   66   39   51   47   11   87   17   83   72   31   56   33   85   61   54   10   42   59   1   3   38   100   84   92   21   39   75   90   81   68   99   12   75   37   18   6   45   48   76   36   5   44   15   44   59   11   37   32   67   93   74   98   76   52   0   25   7   95   41   23   25   58   80   38   94   75   100   22   44   78   87   18   88   23   81   93   33   61   18   57   36   79   89   82   25   97   6   48   5   36   26   40   47   74   95   73   22   29   76   83   60   36   83   97   90   37   82   85   81   57   57   33   6   91   42   52   95   
81   43   7   13   61   68   67   95   85   89   68   12   46   59   22   97   18   37   65   9   62   22   28   96   96   41   78   15   42   94   85   93   44   97   3   84   38   47   44   81   87   24   42   65   80   58   86   99   80   50   83   61   38   97   64   77   88   50   30   21   87   41   79   82   61   78   65   98   62   82   99   6   59   92   47   57   55   55   84   52   48   94   61   78   59   56   7   54   60   59   28   33   17   48   81   51   0   45   93   27   42   99   11   61   71   24   20   32   76   69   24   42   99   44   56   85   93   53   
8   81   21   39   41   81   20   12   33   51   50   10   28   39   85   83   98   92   7   91   22   19   79   32   64   76   85   46   97   28   44   91   22   34   54   18   8   52   78   6   44   86   80   81   14   9   19   90   29   79   85   80   61   13   18   50   9   37   2   34   59   62   75   21   62   14   52   28   2   40   70   36   19   6   46   81   55   48   89   88   4   86   86   26   6   49   7   53   60   40   7   45   50   99   6   2   13   7   77   29   0   31   42   72   55   64   53   56   17   12   64   93   33   10   91   34   90   48   
82   88   22   72   53   64   31   80   45   53   37   3   54   85   98   99   56   37   87   17   14   25   1   19   82   11   100   72   26   17   23   84   22   29   58   67   78   71   59   79   94   29   12   9   15   68   87   46   21   11   27   2   66   16   98   73   84   5   26   87   13   6   82   37   36   35   89   89   8   59   36   12   92   69   72   66   93   30   33   99   29   99   11   77   93   0   68   53   88   57   62   88   32   24   83   83   70   64   9   49   11   30   39   4   54   98   41   90   3   60   95   67   67   2   66   69   37   23   
50   100   89   35   64   29   33   24   23   43   84   98   73   26   78   94   79   86   66   23   32   85   79   12   51   96   80   6   73   22   33   40   45   92   71   29   52   11   53   43   2   10   6   29   74   73   13   48   28   87   75   61   46   64   8   73   15   46   61   43   99   69   76   18   44   22   15   23   39   6   15   4   55   91   47   7   93   39   65   24   81   81   50   19   38   2   23   25   11   53   11   99   23   8   27   82   96   54   38   2   23   48   46   46   90   5   44   78   41   31   88   19   61   27   82   55   66   58   
4   38   50   90   21   1   2   51   30   37   69   64   81   49   45   37   10   96   72   15   69   33   14   11   25   18   16   47   55   64   61   35   79   69   74   47   82   43   82   78   36   57   89   100   61   24   100   85   51   78   26   80   95   2   96   84   0   47   37   84   37   46   35   90   14   45   65   32   40   77   27   2   27   83   64   13   75   15   58   40   74   58   36   2   34   77   64   74   58   83   29   34   36   40   63   60   0   26   25   42   56   90   39   40   100   11   74   31   27   84   20   2   68   82   63   30   43   42   
36   5   56   61   79   4   86   51   0   39   52   68   22   29   75   87   17   5   19   91   83   82   70   53   52   71   99   15   10   16   44   12   55   98   74   59   51   66   72   63   80   3   72   99   82   26   1   40   93   30   49   20   51   77   82   36   46   76   98   100   82   14   3   0   29   66   54   99   54   85   6   4   14   68   36   99   2   82   3   90   80   39   17   11   33   10   80   40   37   67   57   67   76   65   3   89   17   100   15   75   68   87   43   79   68   95   37   99   22   81   92   71   27   91   82   20   60   38   
57   45   38   84   46   61   12   56   27   11   19   49   76   23   46   84   83   70   74   23   70   49   33   5   18   85   98   30   62   2   63   18   66   100   57   72   30   81   7   31   18   1   58   77   52   42   84   22   38   32   97   55   99   97   29   33   77   50   38   38   69   86   44   34   13   75   90   24   77   30   24   6   6   45   8   7   45   34   71   72   5   40   51   27   46   83   54   77   38   100   15   59   51   21   60   88   26   39   14   78   77   100   86   58   71   37   100   79   95   95   29   20   6   41   76   65   30   33   
98   44   28   98   8   23   55   85   63   30   44   18   95   53   64   87   78   90   58   28   57   73   66   86   42   96   25   69   26   72   20   82   59   64   58   58   53   3   5   37   84   6   60   32   34   72   87   7   9   66   96   73   82   47   90   16   28   45   65   75   46   32   90   5   77   32   24   18   92   44   83   28   35   100   27   15   49   85   3   13   39   42   34   40   81   22   34   14   9   92   74   21   22   48   77   21   79   42   78   15   93   80   28   62   78   47   95   48   91   36   8   54   12   4   15   50   25   81   
11   100   42   11   48   71   30   25   91   77   86   56   50   50   10   64   63   94   9   100   99   54   80   77   96   77   92   87   32   70   91   3   79   61   65   13   12   59   70   20   81   83   0   56   14   20   18   24   25   66   54   69   84   80   72   14   22   14   14   49   62   77   17   46   62   36   45   31   87   24   79   90   57   74   44   86   83   27   79   7   56   80   78   63   94   82   81   86   40   30   42   9   21   11   34   80   10   13   48   65   53   38   86   3   80   90   47   48   8   65   19   91   42   71   33   77   98   11   
29   62   66   68   100   93   25   78   94   97   77   94   81   85   85   23   42   82   50   78   36   100   84   11   10   6   4   41   55   39   68   53   89   78   68   25   70   66   21   89   11   94   59   82   17   18   72   38   69   6   23   94   33   85   26   50   39   88   51   2   32   71   77   34   3   97   83   37   83   55   93   51   5   43   94   93   53   21   8   98   99   85   2   28   27   83   82   9   42   66   48   4   5   45   46   74   13   47   42   19   41   96   67   33   80   78   15   78   5   77   51   8   70   51   36   67   9   13   
33   45   53   34   38   82   78   28   100   79   87   30   19   0   71   17   24   35   67   69   62   100   69   10   60   86   27   80   91   41   81   35   21   99   51   19   85   81   27   16   88   59   13   46   5   94   29   43   32   5   25   89   54   14   51   95   26   62   35   68   83   62   89   82   67   33   34   23   83   91   18   64   98   8   36   42   76   4   51   22   87   61   76   63   64   39   49   5   85   56   18   42   32   77   48   55   11   59   32   27   65   10   95   70   46   13   50   98   4   78   61   62   30   91   27   46   79   92   
38   90   81   89   41   83   57   30   85   9   97   100   36   84   42   31   31   59   51   46   60   18   26   61   53   90   20   69   78   9   87   64   10   52   44   19   11   68   60   74   46   31   39   1   77   29   79   74   47   37   47   88   33   86   74   95   42   90   90   8   35   3   95   40   90   94   42   33   64   75   69   59   74   38   34   73   37   92   54   10   70   87   47   26   73   99   19   56   47   41   46   52   72   16   57   5   23   4   66   59   70   75   30   94   83   75   76   81   50   20   2   0   55   31   2   96   93   10   
6   12   6   12   96   29   23   12   27   58   78   38   14   16   6   65   26   70   3   17   33   72   100   7   39   0   42   27   78   91   42   0   4   5   55   74   2   29   79   36   71   62   20   29   49   46   49   36   24   15   67   29   81   14   24   28   13   91   87   40   8   55   35   6   38   77   20   69   95   50   57   61   10   15   23   76   99   48   82   54   66   31   91   58   95   15   90   19   76   91   85   15   36   85   54   28   61   32   0   56   28   46   50   80   8   75   27   69   40   4   85   46   52   55   90   32   77   95   
36   1   91   76   18   76   44   83   19   71   51   33   97   12   52   48   85   53   39   24   27   96   93   1   83   75   45   19   21   24   94   97   81   94   22   22   66   88   49   39   85   59   11   57   86   99   69   35   38   19   50   0   7   17   87   48   63   19   32   82   89   14   4   37   22   59   91   75   26   88   87   62   69   15   46   35   10   40   23   13   42   86   31   90   100   76   54   66   9   17   20   87   27   79   59   43   29   80   11   55   36   37   84   15   35   60   72   71   63   54   37   16   70   42   57   87   77   11   
54   24   99   72   95   96   36   47   65   11   15   7   88   2   59   55   51   83   40   40   88   71   68   14   41   47   22   13   32   3   78   81   10   69   3   74   73   97   4   30   75   26   7   26   25   77   84   73   40   30   30   48   82   68   51   21   30   33   53   31   96   27   11   41   51   6   18   36   16   5   68   22   64   28   86   51   21   50   81   26   27   78   60   71   92   84   54   73   36   90   55   35   77   23   89   18   47   13   95   74   37   86   81   100   29   65   51   20   15   76   80   93   72   21   2   98   12   84   
9   97   92   45   31   7   98   87   73   43   42   91   21   26   99   23   79   17   5   64   77   14   9   77   94   48   50   84   10   89   18   49   17   95   48   72   29   28   70   77   69   36   66   100   87   53   33   8   20   14   88   59   85   85   16   69   46   28   33   4   21   14   49   32   69   41   62   78   7   39   91   89   16   68   31   95   3   21   94   21   11   48   8   81   82   54   3   0   81   85   38   16   58   36   77   52   13   37   53   11   30   44   94   86   42   53   48   34   65   66   49   68   28   2   78   0   17   83   
13   32   17   38   78   79   95   20   52   63   29   35   23   67   99   13   94   87   39   0   15   9   66   87   69   35   41   10   27   69   39   64   21   31   8   38   99   32   8   65   13   84   17   89   51   91   77   95   98   60   89   61   97   30   22   62   60   74   65   63   66   85   8   100   47   12   52   81   64   96   51   86   80   51   24   22   23   41   67   88   65   43   33   92   43   100   48   73   46   70   3   92   79   39   56   100   99   94   1   31   35   82   13   38   49   57   19   73   48   59   85   0   56   76   79   41   36   96   
82   67   74   31   66   59   89   54   90   89   27   13   90   19   25   48   84   76   73   47   3   95   96   82   20   2   8   29   87   78   42   67   83   61   49   19   56   13   13   27   77   77   47   12   95   91   85   45   39   97   72   93   46   41   40   40   24   27   51   71   39   44   12   53   37   76   85   52   13   86   67   96   11   33   78   62   58   37   6   51   74   49   64   64   72   92   80   16   61   70   25   44   74   15   75   73   11   16   29   92   58   9   15   45   74   77   99   33   52   53   70   7   78   27   34   52   12   1   
73   91   38   69   79   42   8   11   18   79   58   68   88   37   53   20   55   15   29   58   86   10   16   87   0   62   35   12   11   79   13   37   99   81   77   68   91   12   73   30   9   78   82   59   60   6   9   51   78   89   78   59   48   1   53   75   30   53   99   25   16   89   77   89   55   73   79   20   80   42   46   95   30   57   45   94   99   28   33   100   52   84   96   12   89   28   44   90   6   55   39   75   53   54   97   5   61   31   36   3   53   26   17   53   50   79   5   18   29   32   9   59   66   16   92   60   83   48   
71   94   44   14   40   42   92   35   9   88   33   57   96   5   82   57   51   19   77   100   54   98   2   70   79   3   6   61   28   74   9   33   60   12   95   36   68   0   84   67   78   64   35   92   95   12   58   54   21   10   11   27   0   19   16   68   61   94   27   89   65   59   38   65   3   83   32   80   24   82   49   1   85   80   96   49   50   32   94   2   52   48   72   38   96   20   19   3   63   30   55   45   74   34   47   38   69   0   50   92   52   41   32   7   6   33   19   42   61   93   24   100   1   55   30   40   70   43   
90   43   72   92   84   92   14   74   95   85   82   65   42   93   69   10   2   46   40   0   58   79   31   26   23   76   95   55   44   89   56   34   82   95   35   41   22   11   16   98   50   94   17   68   99   41   31   67   17   47   23   88   80   32   98   38   10   19   92   50   44   80   87   30   8   63   3   51   16   54   83   37   68   96   54   0   92   75   47   96   97   15   75   16   19   93   75   58   54   62   50   6   22   27   55   76   49   33   61   85   89   11   13   28   21   88   16   25   17   56   8   20   7   98   39   74   76   75   
75   81   13   31   80   17   86   34   71   72   72   57   92   27   68   77   67   91   66   3   91   0   69   83   14   50   68   62   63   84   57   26   1   66   73   88   82   90   83   90   18   0   29   76   70   2   57   24   78   88   85   22   59   19   34   21   86   13   89   26   47   55   12   78   59   22   15   64   93   88   21   44   45   29   73   18   64   45   75   17   48   68   33   52   18   91   32   37   33   24   56   62   57   8   30   33   80   15   51   98   17   91   38   95   76   54   63   62   100   92   45   64   17   22   66   92   57   70   
65   23   21   21   77   82   33   61   98   14   9   13   100   16   77   100   55   18   87   60   20   90   51   41   77   100   15   93   31   48   21   59   26   34   7   100   99   46   1   39   16   76   82   26   11   54   12   37   33   16   40   16   93   19   58   1   5   37   60   25   24   4   43   72   90   61   19   15   47   46   7   13   80   17   13   72   15   41   84   78   24   68   81   70   25   60   95   74   96   95   26   38   53   84   90   40   27   55   92   86   3   33   90   47   38   75   82   19   20   3   55   48   99   85   71   17   32   22   
91   50   3   62   75   74   80   5   65   16   82   86   69   78   12   7   8   45   20   7   29   62   74   2   29   38   46   71   30   20   82   86   80   100   46   32   4   78   80   95   36   96   93   59   21   55   1   23   43   7   86   10   61   65   11   100   33   97   44   66   29   24   22   32   60   34   6   44   60   32   49   30   73   41   99   34   98   44   96   1   12   84   51   6   19   94   51   47   64   92   73   18   15   56   100   39   91   95   63   12   77   72   0   26   20   22   53   64   39   37   95   91   100   98   84   90   35   12   
80   96   100   92   69   25   97   45   8   57   80   18   29   68   29   54   20   36   83   37   82   55   68   50   0   68   64   67   26   86   56   71   51   28   51   7   54   27   20   51   97   3   69   64   26   85   9   22   100   31   6   78   73   56   100   60   32   67   100   20   2   45   18   5   55   49   97   33   19   9   75   31   8   92   67   23   24   4   73   25   15   5   37   19   13   62   87   69   18   51   82   17   80   96   49   44   10   35   18   30   5   19   77   1   42   97   70   93   93   15   14   73   35   3   36   15   54   19   
52   95   82   52   23   73   31   93   54   38   61   0   61   47   16   46   89   26   77   40   85   26   74   74   79   73   31   32   39   3   22   11   67   72   11   66   69   17   96   24   51   36   95   21   99   34   63   15   15   82   57   58   31   61   38   0   26   100   23   65   44   59   3   88   68   21   68   84   58   63   45   69   15   12   83   67   93   94   94   49   23   71   88   0   82   97   56   53   37   49   11   56   72   1   31   57   93   10   48   67   94   66   88   79   8   27   66   35   97   97   87   75   96   47   76   13   6   74   
44   68   8   1   70   15   78   40   79   33   42   17   56   45   16   10   48   86   89   10   26   64   60   24   22   10   32   8   90   70   2   82   35   78   53   18   63   92   72   78   2   72   42   100   20   99   79   25   68   63   27   84   81   18   77   14   56   1   90   37   45   46   6   65   17   52   28   83   63   62   1   97   89   8   18   10   5   14   36   36   80   84   34   60   80   89   95   90   5   37   52   0   72   71   95   45   7   16   57   34   68   97   7   69   16   42   33   36   26   84   39   60   51   12   24   40   12   64   
35   62   90   74   60   13   21   4   61   40   72   70   88   60   80   23   49   15   53   19   98   44   71   3   7   7   11   43   38   83   52   28   38   43   92   43   4   72   50   9   39   26   12   55   43   78   18   12   94   13   14   75   58   64   26   81   79   19   46   34   10   7   98   40   17   86   93   4   76   93   51   10   27   74   42   95   67   27   85   39   10   29   8   30   69   25   41   1   44   52   9   94   93   49   28   44   45   37   11   81   93   73   69   50   26   79   90   97   8   82   92   28   98   93   35   47   38   23   
46   97   66   17   49   23   63   71   57   56   39   49   57   23   96   35   97   67   8   54   14   34   55   8   85   20   14   98   29   58   49   20   70   32   54   18   95   58   3   34   3   50   85   71   26   35   94   23   44   92   85   48   94   42   15   81   44   79   68   52   76   17   68   11   99   26   15   98   85   11   93   16   1   14   87   12   39   77   23   79   87   40   48   77   99   13   47   12   56   79   4   54   31   9   21   37   97   21   33   55   82   24   38   43   84   34   79   8   22   46   3   63   7   79   64   30   21   88   
84   90   76   40   14   57   96   54   94   55   73   38   39   8   67   39   84   35   37   26   66   34   43   61   29   18   71   78   99   67   90   59   40   91   79   63   54   96   50   28   90   92   4   20   4   47   80   49   31   8   83   17   52   97   21   82   66   43   52   21   5   22   37   89   7   23   42   4   69   32   2   41   86   61   74   62   58   80   71   46   32   42   27   43   80   76   3   92   20   38   72   67   39   84   89   43   93   70   98   68   39   40   48   32   94   25   23   8   21   5   10   12   94   34   88   89   82   86   
7   52   83   16   48   57   8   12   33   46   14   83   39   16   93   31   67   50   90   55   20   25   70   100   54   39   87   3   100   5   27   28   21   91   38   92   98   26   25   44   77   51   48   32   46   75   28   13   50   27   17   90   66   72   7   61   44   51   74   64   81   71   77   0   79   38   72   17   71   90   47   5   73   52   39   61   84   2   73   61   25   33   61   2   87   100   72   77   76   21   88   31   83   53   92   29   94   87   63   28   86   25   1   66   81   51   21   57   8   12   60   19   23   6   28   53   74   97   
56   66   67   86   92   65   49   44   13   31   32   54   16   69   93   27   84   76   100   51   36   42   98   69   10   72   14   28   49   19   51   46   93   69   65   29   69   98   30   83   36   60   98   90   46   26   17   88   34   60   60   90   45   15   7   0   80   85   67   20   38   28   2   87   34   38   45   60   35   55   82   35   27   28   62   14   51   45   41   15   99   47   74   7   37   89   58   68   57   13   80   41   53   1   52   79   78   5   5   93   69   24   99   21   51   21   15   19   60   45   53   48   43   31   77   82   1   86   
83   40   7   90   27   23   70   84   55   10   85   87   78   66   9   5   65   76   1   22   57   2   10   3   17   40   13   93   1   1   40   93   73   58   79   30   56   65   87   52   18   44   63   39   46   33   66   0   69   69   64   91   18   88   32   38   57   12   9   8   61   87   97   4   69   34   27   6   94   8   52   81   2   3   51   55   83   3   33   32   9   80   61   3   62   45   71   8   11   100   38   5   90   85   8   68   85   19   0   20   56   70   88   65   25   68   90   81   42   40   18   31   28   59   41   45   79   13   
54   30   59   29   12   34   46   89   96   86   99   97   87   39   47   13   28   51   71   82   0   24   58   59   91   25   17   64   45   12   2   59   100   18   44   94   34   54   76   9   47   49   91   100   50   98   10   34   18   37   45   79   17   22   23   76   98   52   15   8   37   28   52   64   86   13   14   10   91   95   52   24   94   17   34   4   72   8   92   14   45   17   22   16   2   7   36   67   81   25   66   72   74   92   38   99   80   39   61   41   21   60   35   10   5   55   30   46   25   36   3   88   25   64   44   30   22   38   
71   88   19   3   11   55   37   67   2   28   69   80   54   26   2   77   49   20   37   98   9   56   34   86   92   84   66   63   32   89   23   96   47   1   71   3   25   49   60   37   50   95   89   31   39   25   34   51   9   40   69   29   74   97   78   59   74   48   70   78   90   34   84   22   39   74   90   51   75   60   8   1   14   15   40   21   69   64   31   51   31   49   49   97   3   95   21   48   11   39   97   86   2   20   56   26   78   52   100   29   62   71   26   81   30   52   26   33   100   42   53   35   15   53   22   31   64   51   
89   42   24   9   49   60   76   46   87   12   24   45   96   71   64   18   25   38   57   47   21   48   55   53   71   41   48   3   37   40   82   65   62   50   77   40   82   48   46   60   17   81   96   87   84   39   33   89   59   45   40   80   64   79   9   53   18   5   97   86   99   75   65   14   76   32   82   80   97   64   79   12   53   95   55   42   39   90   37   27   37   70   99   76   28   58   72   74   82   14   77   47   43   5   73   45   96   6   2   69   27   68   52   40   64   46   24   48   51   14   24   19   65   82   37   75   28   17   
49   64   37   74   44   18   31   100   23   98   12   33   49   32   24   61   23   58   34   79   23   32   75   56   15   72   57   24   100   26   5   13   72   75   25   66   21   8   37   91   4   6   83   94   62   87   14   54   56   30   100   11   19   28   92   18   75   51   11   32   49   15   66   25   75   29   77   11   99   29   6   2   65   87   88   95   63   73   12   15   85   50   44   64   94   92   60   45   50   1   79   85   34   5   97   65   26   87   27   13   100   16   75   12   62   42   62   27   22   16   57   88   35   42   38   38   68   81   
69   13   45   70   88   23   25   11   95   30   37   41   58   98   75   3   23   55   72   16   73   94   2   97   11   48   90   95   45   2   44   20   45   84   60   78   77   54   50   94   76   48   28   53   51   13   33   48   57   28   29   9   82   1   3   30   100   35   28   8   67   94   29   94   35   98   22   65   21   54   58   73   76   52   64   66   46   31   46   76   15   42   64   27   8   75   79   90   80   82   59   54   90   9   24   11   97   79   75   33   38   35   80   80   93   92   56   25   17   56   34   34   27   10   10   71   56   17   
82   77   27   58   27   7   22   36   26   11   68   64   11   43   11   55   53   15   59   62   8   63   68   85   95   7   38   95   47   10   75   77   14   36   80   61   39   2   75   99   81   21   92   40   54   1   7   95   15   65   70   11   80   56   22   41   34   20   72   54   22   49   80   50   98   46   2   15   35   88   82   69   24   10   98   26   14   86   85   67   87   29   28   71   29   79   94   34   14   57   89   54   80   59   47   75   82   45   12   9   29   5   14   77   20   94   63   41   95   69   44   27   97   49   89   10   89   93   
56   70   67   2   9   58   20   55   93   1   73   92   48   83   80   27   63   8   96   2   9   38   44   26   67   23   20   40   26   25   79   19   15   9   12   59   13   4   8   7   56   7   83   38   46   26   65   41   94   78   25   24   57   86   16   36   89   56   73   75   62   99   76   27   22   72   54   15   94   40   25   69   43   43   97   40   8   65   14   100   90   80   61   79   74   58   10   90   22   57   59   3   74   16   76   1   9   1   79   31   43   59   81   15   10   27   82   99   8   82   0   24   89   29   27   38   57   94   
37   11   13   72   59   39   76   82   38   81   41   86   85   91   25   46   100   83   13   80   46   96   21   77   43   18   88   46   77   27   11   1   81   43   27   3   83   75   89   52   68   80   62   97   90   96   10   47   24   61   32   6   15   19   18   62   1   17   34   67   27   76   34   95   58   39   33   59   6   63   22   26   93   35   70   39   44   22   81   39   2   91   74   77   27   66   8   40   93   3   14   77   75   17   47   33   24   85   23   57   99   77   63   19   39   61   71   84   70   18   69   14   86   89   21   82   39   12   
27   86   89   9   33   23   75   70   40   35   64   9   10   20   37   83   28   53   18   83   57   33   3   1   25   12   9   50   66   5   45   41   19   63   48   100   30   86   93   31   8   99   64   81   37   23   50   63   69   75   63   0   18   91   77   79   97   49   46   60   29   65   73   32   78   57   10   29   95   44   2   8   20   24   65   31   16   29   93   8   14   3   9   60   18   96   9   31   4   25   47   32   87   25   92   13   59   55   23   78   29   64   67   98   50   100   0   73   56   13   9   57   24   95   94   64   59   23   
12   54   55   73   92   61   67   28   69   24   24   11   84   16   72   72   52   91   33   19   39   41   21   33   23   21   32   57   42   89   7   25   15   85   99   70   10   14   97   45   11   14   6   77   98   39   8   35   18   41   10   19   30   74   90   74   44   15   83   5   70   9   95   69   68   11   95   18   59   29   95   41   83   81   38   62   92   36   7   35   91   73   49   61   36   17   36   49   7   86   43   84   34   75   1   62   88   80   56   52   88   62   77   30   70   44   84   21   22   34   76   41   95   5   37   50   85   70   
74   0   92   45   65   47   14   18   3   89   79   22   96   45   51   29   29   13   3   72   12   73   96   82   33   82   52   37   21   66   15   19   53   62   51   47   72   99   10   15   57   1   28   22   74   29   55   70   61   97   26   61   46   87   48   8   86   1   90   66   100   0   13   15   64   47   90   20   48   6   56   72   73   26   87   53   88   80   76   60   32   49   62   22   99   74   57   47   82   57   71   67   29   16   37   94   61   19   79   54   90   25   84   36   42   21   70   89   14   35   50   62   47   8   23   28   47   31   
43   28   86   47   9   13   7   99   61   34   52   22   96   52   53   94   19   57   66   5   0   70   82   42   92   76   57   15   54   73   20   62   76   40   43   27   32   41   63   39   14   57   74   34   72   50   52   90   54   100   60   35   62   38   30   79   14   3   52   42   31   69   10   27   72   3   4   70   34   4   37   84   40   49   47   7   38   61   57   18   13   8   87   11   57   73   44   37   61   34   87   22   56   1   59   97   67   51   74   78   97   86   71   91   92   50   70   83   29   21   42   86   3   19   97   32   40   5   
92   51   97   64   27   4   8   4   60   49   23   73   25   31   51   29   51   53   66   48   8   30   43   13   22   32   26   91   10   75   71   15   65   19   45   90   43   29   42   16   66   0   47   9   67   67   60   81   73   69   65   27   1   65   69   71   31   36   97   85   4   99   10   46   46   71   4   29   35   9   3   4   55   86   32   35   53   35   68   61   70   91   98   82   51   51   73   63   8   44   35   87   99   98   76   70   35   41   66   5   94   43   53   48   81   82   19   21   86   79   99   53   87   34   3   48   25   66   
61   69   76   77   93   71   36   58   44   98   5   43   59   85   47   63   9   39   41   64   50   14   91   99   50   95   12   60   44   53   93   94   45   69   35   85   44   7   97   77   16   42   25   20   14   18   41   63   58   93   12   73   54   100   13   99   3   51   19   94   71   55   70   59   65   8   4   81   35   26   81   34   93   29   49   29   7   35   66   4   23   32   22   17   12   44   16   9   74   23   4   1   69   92   6   62   87   65   59   36   96   53   96   25   97   77   54   28   80   64   51   91   12   63   90   87   16   0   
12   22   14   46   91   30   61   61   63   61   1   34   51   76   16   99   78   84   16   31   10   21   61   73   28   77   22   79   8   33   29   3   30   47   91   15   85   77   86   60   3   23   39   63   62   26   53   15   10   91   56   67   22   6   63   80   55   20   18   48   25   57   94   43   5   29   91   74   52   45   89   19   1   0   24   16   58   71   61   83   57   76   0   61   84   76   68   54   39   73   36   67   19   40   15   79   16   11   2   71   94   74   23   76   71   83   52   40   21   87   47   34   44   41   4   49   22   57   
4   66   83   8   89   3   17   18   54   57   29   4   75   91   56   26   21   99   86   96   59   8   11   8   73   4   84   42   48   79   47   38   11   55   98   72   43   73   7   38   49   26   28   20   57   18   90   27   13   66   1   52   35   62   47   83   5   46   96   15   19   8   93   40   13   99   69   51   58   60   76   73   70   76   12   48   89   54   41   49   72   61   65   99   54   66   37   64   43   60   43   57   99   29   100   59   0   38   47   75   31   17   7   42   17   43   92   84   21   93   61   88   33   59   20   19   96   53   
74   3   51   57   60   7   17   65   18   65   42   27   50   82   73   10   37   66   96   27   3   60   2   70   28   70   51   49   70   87   33   61   35   77   67   96   30   32   65   97   14   30   32   52   89   49   43   18   10   47   93   21   8   98   48   84   12   92   65   38   23   71   27   27   24   28   25   47   79   52   95   88   9   60   33   18   5   19   100   16   87   24   56   5   72   82   18   82   61   77   81   29   16   23   12   68   11   6   93   23   88   14   66   21   94   66   64   60   12   16   93   46   95   73   93   44   28   92   
17   81   28   99   92   78   85   37   51   70   13   41   73   39   19   21   83   75   38   31   22   42   88   75   55   94   66   62   88   97   84   78   60   94   95   87   100   22   39   70   44   92   20   15   83   41   77   51   10   10   93   51   69   84   69   18   88   52   72   85   62   10   52   44   22   52   9   64   13   59   16   46   45   26   93   29   27   38   88   23   1   54   55   89   15   37   32   66   17   91   29   48   4   49   46   39   77   5   76   91   69   13   6   36   8   18   85   89   77   98   61   100   89   21   73   1   80   62   
15   82   13   26   71   34   40   82   72   50   98   76   5   34   75   75   90   45   95   100   70   28   60   13   25   41   4   53   62   25   98   80   43   59   17   92   10   76   43   97   50   19   47   68   98   40   1   64   93   48   78   34   15   26   44   96   25   49   66   0   2   8   59   46   70   16   44   85   13   57   52   41   18   68   65   12   44   50   93   94   6   52   98   75   90   75   83   48   91   70   98   84   95   36   93   75   10   83   18   52   1   16   9   21   71   53   46   91   75   66   24   56   18   98   30   11   51   59   
78   34   33   24   78   5   11   90   28   30   66   66   19   97   9   45   74   56   30   74   32   6   32   68   27   69   5   42   40   46   62   16   33   64   27   54   13   96   45   44   50   25   88   96   62   74   49   34   13   56   60   83   12   95   94   76   94   56   87   31   44   47   16   85   31   1   85   72   25   79   63   35   79   80   70   40   2   84   20   13   66   49   32   99   21   55   19   29   51   8   46   16   68   56   38   34   11   33   84   73   65   91   33   16   71   27   16   72   69   11   29   13   78   100   87   11   9   36   
94   67   24   36   67   45   47   35   60   75   98   57   34   79   92   98   51   86   96   46   50   11   73   73   6   92   80   96   12   39   80   43   68   51   61   73   78   73   24   68   80   91   24   13   51   25   23   29   98   87   94   85   13   62   99   29   23   3   65   80   81   30   54   46   66   24   39   44   89   6   40   15   4   86   8   45   31   68   12   18   48   19   83   42   32   16   8   61   7   34   87   73   64   87   90   75   49   20   50   72   73   98   12   47   8   35   73   77   42   54   29   49   34   76   79   27   84   29   
97   62   2   51   55   50   68   10   15   48   98   20   75   71   81   80   56   21   88   58   75   82   48   81   88   89   36   58   26   1   77   32   7   49   16   99   57   7   4   59   21   4   47   51   27   84   32   40   99   37   1   40   86   15   15   71   44   97   56   36   83   29   0   29   57   82   51   96   42   81   97   39   68   66   10   92   8   85   69   52   44   95   70   75   80   29   12   73   68   92   2   88   2   22   20   0   44   29   48   53   27   40   37   9   86   22   92   89   14   100   40   38   86   100   74   33   76   12   
15   20   8   1   24   55   15   9   4   43   69   46   5   4   38   68   68   80   18   1   68   20   45   92   12   60   72   37   13   20   67   74   52   95   54   17   79   36   91   54   28   22   40   59   73   79   29   95   83   44   59   100   82   78   37   76   99   99   7   10   43   75   53   89   63   16   34   96   64   99   4   10   38   68   1   99   1   7   74   20   32   25   2   72   31   74   3   59   87   57   8   34   51   14   22   19   87   16   11   0   2   82   1   99   9   4   65   60   92   100   72   9   71   95   92   10   44   21   
76   57   24   13   59   26   10   29   68   4   13   14   90   29   95   60   25   52   42   95   42   46   84   66   93   89   63   93   61   51   76   88   79   77   27   2   92   52   55   51   76   3   77   43   45   47   33   95   73   31   57   43   100   86   41   55   18   86   15   59   85   90   50   70   8   5   79   66   23   40   82   48   33   1   90   97   34   64   65   86   5   9   28   63   69   67   16   53   45   30   97   73   62   21   18   22   70   43   40   51   53   95   70   61   19   98   33   28   54   75   39   87   98   5   57   45   75   26   
65   64   14   67   96   31   48   70   57   93   58   30   96   58   41   23   13   55   10   17   44   50   63   57   28   92   78   10   82   10   29   28   46   60   17   61   93   83   69   96   36   9   60   93   37   22   90   37   4   37   25   63   76   68   3   97   31   2   7   55   22   4   36   25   54   38   45   48   83   90   12   30   69   100   55   94   68   4   38   74   76   33   41   48   31   65   14   31   80   86   56   30   70   98   24   51   77   3   5   91   30   99   1   30   7   77   10   98   57   15   2   55   87   18   6   3   38   5   
43   24   2   73   13   15   10   79   16   62   57   45   59   8   77   0   33   88   44   21   78   67   96   28   21   7   50   3   31   47   78   27   63   59   78   30   2   17   2   81   73   40   94   100   93   84   84   76   80   12   43   14   1   75   87   29   34   78   6   76   74   15   62   71   44   1   27   82   89   66   61   79   6   23   33   8   33   63   17   65   20   2   66   92   21   43   65   53   21   62   56   43   77   0   3   6   44   76   3   42   29   23   76   82   95   80   18   83   84   31   58   89   31   75   28   35   88   89   
65   76   8   48   24   29   92   44   89   62   94   67   58   14   58   5   23   38   1   65   22   21   75   72   17   64   19   34   56   58   60   59   74   0   41   49   33   100   13   8   62   91   60   78   11   53   94   52   90   95   28   22   20   87   6   62   63   85   34   14   71   19   44   83   48   82   55   62   69   97   88   97   49   45   27   23   49   81   22   57   68   36   9   64   90   69   36   93   80   52   67   11   83   3   40   99   79   93   43   17   19   46   21   62   16   99   70   38   2   47   64   33   98   61   16   90   8   74   
94   16   54   65   0   69   100   19   77   57   36   100   98   82   49   21   55   50   43   88   69   22   3   75   6   59   87   87   21   52   20   41   3   29   37   42   18   70   17   52   55   5   3   56   58   16   66   3   81   33   84   96   59   84   99   25   52   34   63   81   95   44   28   71   98   83   19   24   42   8   51   51   83   95   82   6   48   18   36   66   92   66   64   68   95   65   38   9   57   22   42   18   38   86   100   44   77   42   40   45   91   65   9   100   96   49   72   49   44   77   94   89   16   92   63   94   18   52   
6   20   25   57   91   59   81   43   60   100   34   50   15   67   37   40   63   91   11   5   46   19   70   2   0   94   37   92   56   38   90   92   86   95   85   46   97   98   15   19   16   92   30   77   30   78   65   8   3   43   84   47   74   45   77   97   93   11   54   67   3   50   98   24   71   71   50   49   31   48   17   67   40   92   39   67   34   60   7   10   43   79   58   20   27   86   100   96   15   3   19   100   31   62   81   34   72   19   91   26   52   12   99   88   80   100   90   82   78   65   93   85   61   18   10   0   91   90   
18   2   94   66   40   26   23   31   12   24   61   69   59   89   1   59   37   46   65   42   53   87   9   23   76   54   55   75   6   99   11   99   52   15   96   75   10   94   98   22   94   19   82   42   49   74   70   98   38   65   98   25   100   86   84   55   8   90   2   53   83   81   35   85   33   20   97   39   53   48   22   80   75   10   84   33   13   3   49   53   58   93   88   54   87   32   57   77   16   84   95   76   89   19   8   16   67   57   94   39   57   90   53   77   40   79   40   89   78   75   93   99   69   14   25   53   42   24   
76   67   14   71   34   97   62   56   29   95   5   78   5   3   69   21   95   36   67   64   82   84   47   78   8   8   31   62   14   30   21   40   3   21   6   9   64   5   7   27   59   1   57   19   85   94   60   21   84   64   93   5   0   62   98   53   53   24   67   92   13   8   5   22   37   66   56   24   30   0   38   50   36   55   42   28   87   100   45   40   99   48   82   64   100   53   27   79   71   5   91   21   33   49   78   24   96   8   92   1   40   8   14   96   66   74   9   93   7   36   96   63   36   57   3   43   43   31   
61   81   80   21   53   19   48   24   11   89   39   39   7   53   79   48   6   34   72   66   86   12   41   18   53   10   14   70   3   4   62   21   74   41   74   79   0   67   38   23   82   69   26   53   16   84   92   66   63   52   17   57   96   20   87   20   17   35   18   94   71   17   43   19   14   94   23   69   34   79   54   37   96   34   25   41   45   18   94   87   39   5   63   19   100   80   53   97   99   47   23   43   14   34   95   62   70   79   74   2   24   11   35   19   22   35   71   94   43   17   84   81   71   76   43   88   10   38   
90   4   49   78   29   93   62   41   77   36   54   27   70   84   17   92   55   22   38   57   74   52   94   36   3   85   42   46   94   50   42   7   23   63   85   8   66   63   46   21   90   73   44   71   89   29   31   19   51   13   32   97   14   87   2   58   63   98   82   99   23   83   4   36   15   37   21   1   98   76   58   55   33   7   24   67   47   19   74   95   89   29   36   86   98   85   80   71   30   87   63   2   69   100   73   94   37   50   48   24   93   31   86   5   42   79   72   56   31   82   15   0   17   17   73   66   63   95   
60   45   45   63   51   16   88   7   83   22   23   95   21   85   9   74   6   92   88   83   74   43   89   13   51   21   18   64   47   65   88   11   89   24   41   38   36   51   79   26   37   59   45   50   55   67   76   35   57   4   99   87   19   7   6   23   15   8   84   97   21   5   22   59   7   20   1   79   14   10   84   34   28   44   84   63   22   23   95   4   46   21   37   80   12   20   61   58   63   6   60   62   46   0   79   48   86   85   42   78   61   20   34   1   63   0   55   36   55   12   32   45   16   55   67   80   52   58   
8   26   91   28   88   92   53   18   35   53   16   28   87   67   76   13   75   62   80   4   70   22   66   67   19   16   71   47   10   20   87   7   24   43   87   58   14   3   99   8   5   96   37   61   23   91   91   24   9   14   90   74   69   55   88   90   33   6   100   14   86   82   13   20   80   8   38   30   14   42   41   88   71   30   35   18   29   99   48   93   58   96   94   96   50   47   38   38   16   73   12   33   33   36   34   99   8   96   71   12   21   77   13   9   77   13   84   24   89   16   60   1   62   29   89   98   73   11   
49   97   13   90   94   76   47   66   24   39   95   1   1   82   74   35   5   73   3   100   43   82   60   52   10   54   91   7   26   51   56   72   32   77   16   0   2   97   10   62   14   77   87   24   23   18   13   24   4   92   35   50   93   13   61   14   13   28   8   53   47   59   44   79   44   35   21   43   64   45   94   43   73   33   77   7   85   48   75   87   77   68   13   30   49   97   1   36   69   5   100   33   8   25   77   70   31   38   45   92   30   64   50   74   84   63   25   17   77   93   51   16   15   86   34   20   98   89   
35   24   46   78   44   43   85   34   71   77   27   93   40   63   70   39   48   86   57   99   31   79   29   61   39   50   28   14   90   97   42   81   26   76   72   74   89   12   88   79   28   12   21   31   70   82   4   97   53   68   100   27   32   24   4   12   64   22   42   99   11   94   80   31   56   43   48   72   55   91   48   85   77   98   20   72   60   4   30   96   16   8   11   50   85   7   87   99   61   68   33   97   5   16   45   66   19   83   39   45   63   63   97   5   21   78   89   68   89   22   27   98   27   33   27   0   94   81   
95   37   72   25   1   57   70   26   17   100   95   31   86   76   64   35   22   86   44   32   86   6   64   19   12   29   12   100   19   39   29   74   36   38   46   99   47   13   91   88   42   50   34   66   21   2   55   10   37   24   53   8   24   60   100   85   63   67   96   63   33   35   53   68   70   4   5   91   28   63   98   52   97   63   0   50   46   97   25   91   65   30   92   17   40   12   45   75   29   66   45   97   76   19   85   89   58   90   99   26   72   31   1   37   14   45   32   23   63   6   20   75   7   80   79   2   45   1   
22   71   61   86   38   6   31   27   60   84   58   52   65   79   77   39   11   94   54   79   72   32   17   61   91   4   9   70   53   23   19   87   46   91   35   3   6   80   24   49   88   85   85   64   27   66   87   50   44   6   80   37   95   23   73   6   16   71   65   65   24   49   63   85   65   12   59   37   47   89   37   91   95   93   18   88   22   16   0   75   82   81   38   3   58   21   47   63   12   49   17   81   79   5   18   27   83   7   68   42   86   7   49   7   88   46   78   41   57   90   31   79   28   76   79   8   87   62   
71   33   28   13   23   22   46   39   39   96   78   2   26   36   64   64   99   53   39   11   91   46   89   10   63   21   15   53   46   81   89   2   82   67   97   23   78   41   20   61   23   92   73   72   72   54   66   100   75   28   63   38   65   63   97   40   87   3   38   11   21   85   33   55   54   2   78   51   39   86   32   52   37   72   7   67   82   10   62   67   23   50   69   56   61   90   30   39   63   48   57   13   33   50   95   59   59   50   63   56   82   14   77   53   87   94   1   22   18   16   15   81   1   94   0   91   46   24   
70   85   38   39   26   24   95   46   89   88   88   36   46   32   57   82   66   87   29   58   64   93   22   48   88   23   74   47   2   46   60   31   94   43   30   25   72   47   87   37   82   20   13   20   40   10   25   92   43   57   63   85   84   35   40   14   40   41   49   93   98   68   5   47   60   43   55   93   35   77   1   95   9   85   96   42   22   25   30   25   35   66   53   0   94   51   36   41   16   17   52   99   15   87   1   38   98   79   58   48   56   12   72   58   18   24   92   87   61   97   40   18   76   32   97   6   7   27   
90   14   61   4   71   99   87   55   34   100   53   88   34   100   31   13   1   95   55   84   12   38   64   32   5   4   7   79   87   78   87   44   12   1   30   60   1   91   28   36   88   6   9   66   97   34   29   59   40   52   83   94   20   5   85   19   74   67   47   4   18   1   3   37   33   3   43   31   51   58   74   46   47   1   64   73   73   34   30   13   21   95   24   84   85   34   25   45   1   78   96   84   60   28   26   81   11   62   84   70   84   12   78   70   85   58   79   14   48   21   79   15   44   50   67   83   10   35   
18   21   95   54   46   97   62   8   76   85   98   85   29   48   66   39   43   0   15   34   7   98   86   88   11   57   20   42   4   73   44   31   65   87   61   16   15   39   29   12   81   92   53   55   49   51   79   83   52   18   90   59   57   17   100   26   32   24   17   18   11   5   15   52   98   74   29   89   51   88   11   49   73   79   18   42   98   93   79   41   0   40   0   57   92   21   18   27   22   36   8   34   87   52   46   22   38   23   78   93   36   35   64   33   3   74   35   38   51   62   33   4   43   40   94   62   32   27   
50   57   5   86   66   76   29   91   35   5   26   75   36   45   45   95   12   38   46   47   89   78   88   64   31   73   47   9   50   27   51   76   22   6   1   19   26   43   18   41   20   67   80   16   21   25   89   46   99   23   41   45   52   78   12   48   87   82   67   15   61   66   2   84   24   100   54   79   73   93   70   62   3   89   58   65   67   85   98   74   51   96   61   56   49   88   40   75   19   90   91   91   98   55   73   13   90   69   43   47   39   88   38   57   41   64   24   42   48   35   29   12   43   30   17   55   19   36   
79   7   23   24   71   55   17   4   1   8   60   27   90   35   5   45   23   12   24   20   41   72   0   61   69   60   21   48   39   31   39   38   61   86   22   43   92   55   4   27   44   75   81   13   21   53   73   61   76   100   77   50   54   91   68   46   45   42   48   59   8   45   1   98   61   41   52   51   22   0   39   17   18   59   26   25   91   69   8   63   19   59   2   2   12   71   45   51   26   76   21   81   74   38   94   34   0   46   66   20   51   45   18   5   80   58   26   11   92   24   86   22   7   48   58   72   63   86   
7   81   4   35   92   90   99   55   94   49   63   5   21   47   6   20   65   84   5   37   72   89   43   91   84   33   99   22   5   34   87   99   25   29   3   82   33   68   3   89   28   82   21   23   20   74   32   93   55   82   0   84   60   74   65   85   10   76   37   12   66   97   99   55   18   95   18   61   78   47   86   51   52   99   77   71   26   69   57   16   52   73   28   83   18   81   23   62   71   76   34   13   1   27   49   87   53   6   62   58   53   73   51   15   47   92   67   67   98   34   67   100   59   44   67   3   76   13   
81   64   19   91   10   96   9   3   58   81   47   78   63   81   31   90   31   74   84   3   50   44   83   43   98   90   97   31   71   95   66   73   91   14   55   48   48   18   7   84   77   14   62   20   97   28   27   22   86   11   6   64   6   74   99   85   7   32   31   83   14   84   74   94   55   29   37   15   23   46   74   56   21   73   0   26   2   35   94   51   0   96   91   82   46   34   100   66   73   72   88   65   31   0   2   86   98   30   57   55   78   47   52   5   33   92   19   25   60   19   84   27   7   92   7   2   0   47   
52   47   59   41   32   84   91   51   19   13   52   6   34   73   37   18   93   68   33   97   57   53   6   57   26   54   68   2   49   25   27   77   0   41   13   22   63   59   50   9   44   68   14   38   54   100   74   67   96   4   49   62   43   12   50   95   85   51   82   20   75   48   75   56   45   35   44   72   55   53   50   57   11   46   10   22   16   77   24   70   83   53   2   63   67   28   10   92   77   12   14   81   70   55   92   53   24   11   23   71   74   10   17   24   35   16   9   73   85   49   82   34   26   82   9   87   37   50   
11   52   72   7   52   21   5   46   58   95   6   37   13   61   64   14   23   65   60   14   66   4   56   82   54   70   21   96   4   38   9   7   27   47   51   97   20   68   10   81   59   52   40   48   14   81   50   43   19   23   48   49   84   95   44   24   27   16   24   15   49   100   84   79   53   12   29   76   8   73   28   43   62   69   89   0   31   3   41   87   28   24   15   26   72   41   78   78   78   85   99   53   75   60   15   64   57   3   71   13   29   94   47   71   25   54   70   47   82   70   23   86   39   45   68   19   54   1   
1   95   27   48   64   23   6   100   71   73   59   65   56   84   42   99   99   38   79   55   58   51   20   84   3   23   5   62   100   32   17   4   60   85   46   73   29   100   86   75   86   39   35   28   81   2   34   89   85   3   6   3   49   24   18   47   66   14   75   89   94   88   80   12   54   86   80   4   34   23   81   80   5   44   44   17   45   9   53   20   0   34   50   79   28   43   1   50   9   90   90   50   21   40   23   51   29   51   10   48   20   51   16   93   59   27   88   22   75   77   50   19   24   45   57   16   63   54   
10   89   68   77   30   61   79   56   25   68   100   47   51   82   0   30   55   38   70   31   85   66   52   34   33   51   28   55   58   74   2   51   43   61   81   62   33   23   26   86   55   39   75   71   12   24   12   38   53   72   21   69   15   90   78   64   57   81   85   97   84   35   86   26   92   86   70   76   0   95   75   37   47   58   48   49   82   27   20   85   19   36   79   82   55   80   10   62   28   56   70   34   14   61   98   86   11   93   77   92   81   69   86   25   90   13   99   70   49   5   35   80   3   85   77   3   97   87   
76   97   90   38   12   0   76   73   1   51   9   50   19   97   88   82   64   6   24   85   86   7   68   98   94   42   52   58   98   92   100   47   13   65   93   94   72   47   93   40   59   71   94   4   28   34   7   96   78   100   77   13   22   57   44   51   97   60   17   24   18   66   2   77   62   23   94   72   43   85   81   1   54   96   10   10   69   97   60   35   37   62   76   47   10   32   97   72   25   2   82   77   38   24   71   100   100   97   96   24   56   68   23   6   85   77   35   11   66   52   14   37   57   42   68   25   17   96   
44   71   6   68   77   78   40   68   94   22   84   60   71   97   47   21   50   15   76   67   58   81   32   15   43   3   100   13   18   63   43   90   56   47   33   47   17   97   74   66   88   62   67   78   17   43   5   54   9   22   29   57   36   18   7   28   35   64   74   16   87   70   29   65   63   1   54   86   10   15   13   90   33   22   57   22   34   69   7   15   54   24   35   2   25   48   11   81   47   7   15   75   93   12   94   60   18   86   78   38   62   47   40   80   22   6   34   67   22   55   82   26   10   31   14   16   13   1   
68   11   29   83   33   39   67   48   49   66   96   79   3   48   22   86   90   15   91   97   88   56   44   53   98   42   92   40   70   39   33   10   45   24   20   54   60   85   55   14   68   67   94   30   90   10   80   82   74   91   19   60   50   15   49   42   52   94   97   92   41   93   99   36   78   87   42   95   1   5   54   55   68   41   50   46   58   23   34   72   38   92   9   36   58   83   94   60   74   53   49   69   65   81   68   22   19   7   23   10   73   5   16   96   18   59   78   52   40   25   42   52   37   79   52   45   98   49   
44   80   71   32   32   17   67   12   60   67   35   91   75   50   40   42   23   53   89   74   56   89   7   64   45   61   85   35   97   42   92   7   70   55   40   16   20   61   8   100   60   69   47   38   7   53   1   44   20   16   27   100   75   23   64   67   19   36   62   11   13   100   71   70   67   55   50   14   68   15   95   21   57   17   4   70   16   54   39   43   68   9   11   95   37   71   96   83   45   63   99   92   8   33   63   20   83   99   73   22   67   55   68   92   19   27   70   62   24   20   50   66   80   68   15   76   55   78   
62   10   98   73   45   32   9   96   33   99   17   15   54   63   59   61   23   65   22   3   54   72   2   6   13   87   77   78   49   19   75   83   84   86   4   21   62   33   69   27   39   23   8   11   20   25   87   23   62   32   71   9   39   72   93   77   98   100   92   69   26   30   35   16   48   69   20   70   29   13   81   71   69   39   69   66   39   88   20   18   67   91   18   82   89   14   37   52   49   18   13   32   46   27   21   66   62   44   59   78   84   34   64   25   16   43   63   6   32   28   13   51   17   76   3   96   12   67   
37   38   16   4   11   66   18   30   1   18   5   27   14   98   70   35   56   89   87   73   65   2   23   71   43   15   35   76   81   99   43   98   27   54   85   66   26   97   81   82   36   2   97   56   90   81   59   43   5   73   69   31   75   35   74   18   70   26   18   35   70   41   47   71   54   27   39   89   48   80   82   97   54   31   70   60   78   22   41   16   22   16   32   46   78   95   9   62   71   11   73   21   26   85   11   51   38   20   47   87   22   16   38   10   37   75   0   17   80   40   77   95   56   24   7   10   15   82   
17   39   3   11   29   73   49   35   12   7   69   23   69   12   30   42   52   5   18   21   72   2   59   99   67   50   87   1   100   3   77   49   65   74   66   29   74   43   82   51   35   84   54   9   57   10   73   62   16   58   17   32   82   26   85   13   5   28   29   21   14   3   87   45   72   39   88   63   28   25   14   39   58   17   57   66   2   0   43   57   75   93   83   62   66   28   68   1   87   76   18   78   95   21   70   68   3   53   2   39   66   22   5   13   31   38   54   31   38   61   53   82   13   96   86   24   79   32   
67   26   46   31   61   23   32   49   95   7   66   24   57   58   62   42   55   26   90   52   35   69   51   44   89   78   69   58   44   81   8   28   62   0   26   18   86   82   21   49   74   98   46   59   83   34   11   71   11   3   27   99   39   16   25   95   21   44   14   2   19   27   26   100   49   3   81   11   40   28   31   61   6   52   49   74   57   25   91   50   35   77   19   84   35   30   42   73   83   20   68   64   60   2   66   71   8   11   38   12   8   50   65   13   77   23   38   44   80   86   91   62   60   83   56   6   46   34   
59   74   63   62   53   19   66   23   18   62   84   71   50   92   70   28   75   15   48   25   31   31   45   9   54   92   11   82   25   66   55   69   86   33   25   66   52   45   53   23   86   32   81   39   26   8   13   7   8   40   73   10   59   36   2   61   34   6   44   23   35   14   100   42   56   83   61   32   62   31   60   33   45   31   6   77   18   36   84   42   22   55   1   9   74   59   77   57   34   51   89   68   4   98   81   64   99   4   75   27   43   12   92   44   87   10   83   47   62   23   4   72   33   65   20   21   62   83   
70   60   67   62   38   86   39   66   55   88   100   64   16   42   93   4   34   2   13   62   45   89   18   83   50   71   90   81   82   20   20   27   38   73   93   25   25   70   84   92   95   99   26   66   51   54   98   94   52   5   69   43   23   38   51   51   65   100   17   43   51   42   60   4   21   90   72   21   27   70   99   8   85   100   29   99   20   15   4   27   6   64   76   64   29   73   93   37   70   63   0   83   52   77   4   27   33   80   82   12   18   34   6   81   75   95   65   21   27   45   94   98   7   11   88   72   81   48   
24   85   46   75   83   39   63   27   48   85   87   22   62   99   74   83   51   52   46   30   61   6   55   63   16   68   89   3   93   15   99   19   71   21   41   53   69   12   62   88   2   7   78   69   81   54   59   13   24   93   9   10   74   61   91   97   3   36   33   75   97   44   6   13   73   5   63   34   39   47   40   24   36   56   51   59   74   33   29   100   96   52   74   20   29   51   93   92   65   3   64   61   99   8   16   2   45   31   52   63   78   76   97   35   44   55   88   61   57   79   39   76   32   18   56   9   37   58   
95   35   55   65   14   80   57   37   59   31   98   25   36   41   23   57   74   78   51   40   76   7   28   25   32   4   77   58   84   28   35   80   21   43   93   10   95   56   24   23   88   61   87   18   11   97   23   77   6   71   24   28   70   93   82   95   43   63   27   2   84   45   18   24   92   76   28   86   88   59   20   30   32   3   53   88   11   59   18   36   89   59   83   55   97   31   89   73   25   89   85   84   56   56   78   64   48   25   13   9   81   68   53   39   24   17   3   80   65   36   54   4   89   1   92   16   23   75   
78   94   45   35   45   0   24   7   75   79   78   47   28   37   63   1   49   62   21   65   71   91   86   55   12   23   78   42   33   19   87   32   39   54   71   62   53   14   99   30   12   44   61   61   42   55   60   16   55   64   40   32   65   34   2   45   15   87   87   70   22   86   97   46   27   78   9   59   94   78   0   39   48   79   72   97   10   16   39   45   25   35   35   70   37   4   73   51   22   77   80   62   35   36   92   72   5   93   20   72   41   33   27   75   98   14   49   90   85   98   6   46   93   94   78   2   74   20   
33   1   5   39   94   69   71   49   7   67   53   14   88   27   44   19   38   59   15   25   8   74   1   8   71   18   80   78   80   23   37   99   67   38   64   56   72   54   57   3   84   98   55   54   45   87   89   70   16   66   3   82   42   19   7   23   17   98   89   49   77   29   40   9   11   26   69   50   78   92   99   7   56   18   25   77   82   84   64   31   19   89   71   6   78   26   51   14   55   5   82   62   93   24   79   65   37   63   22   94   36   47   34   35   35   97   8   67   59   70   18   2   74   21   71   89   75   17   
25   65   49   86   57   55   64   95   72   22   74   44   5   61   96   76   94   54   77   41   90   68   29   48   24   28   0   97   64   88   11   34   75   33   79   99   86   25   69   20   70   21   78   5   70   18   78   65   73   62   77   49   6   31   13   22   84   47   26   98   44   77   3   30   98   5   69   72   11   86   45   31   0   48   24   81   66   21   18   15   70   56   55   60   73   47   37   78   100   42   7   74   16   33   29   6   1   82   29   18   78   0   25   100   68   19   16   92   99   20   92   60   54   89   51   55   66   46   
44   39   23   1   28   13   80   63   30   89   16   94   64   24   77   31   42   85   89   14   48   94   13   11   87   62   54   55   29   34   99   80   59   32   64   12   95   18   27   70   87   94   62   74   4   89   14   70   22   20   38   51   96   50   20   68   73   64   78   8   72   56   46   58   67   22   66   9   10   23   12   54   62   18   80   35   15   50   100   53   92   22   47   37   1   91   27   15   20   99   3   4   10   29   43   60   77   18   76   7   38   39   49   8   1   4   71   48   71   60   81   92   78   21   86   64   96   84   
33   22   9   58   60   75   50   100   19   75   9   57   57   35   53   8   96   79   77   71   89   9   53   1   32   41   85   5   86   25   53   14   84   48   98   9   11   65   36   54   82   27   58   83   17   29   46   75   33   8   25   80   85   59   64   9   58   50   97   86   28   94   5   15   30   0   61   46   69   44   77   53   21   61   31   52   53   87   98   58   19   76   95   37   84   50   13   97   4   49   25   18   11   42   10   52   39   74   79   98   36   34   36   14   96   75   3   45   14   72   67   92   73   61   35   69   28   6   
88   74   6   80   19   31   69   18   65   73   6   36   76   31   51   70   76   13   55   2   8   2   59   90   45   6   38   5   33   88   26   56   64   73   51   6   21   34   92   29   5   46   87   48   27   5   49   70   6   27   39   58   44   51   52   86   75   76   34   94   50   3   100   74   32   89   70   98   55   59   99   61   34   23   84   42   30   3   100   56   8   78   12   16   74   1   53   87   98   26   22   74   88   9   67   74   8   30   2   53   44   10   17   27   65   19   69   22   11   59   94   7   14   20   39   95   81   88   
61   73   98   82   95   76   50   88   66   24   62   72   69   99   51   23   53   37   33   61   7   7   99   34   6   46   8   88   42   18   65   4   59   85   27   66   78   72   28   24   72   41   33   6   9   48   77   46   91   41   17   22   86   61   67   51   33   12   21   33   24   95   75   44   18   43   95   51   33   58   88   44   42   98   9   53   13   47   90   89   74   4   37   75   12   63   63   36   3   47   67   59   32   71   19   80   95   78   3   97   31   1   10   12   88   63   94   81   15   67   58   76   99   98   78   88   49   56   
79   39   97   30   20   57   54   53   59   95   21   72   34   74   47   9   56   55   94   42   49   98   30   32   83   25   63   24   26   82   75   64   39   14   60   12   5   89   12   35   6   19   36   61   99   15   15   28   58   61   61   25   94   83   70   54   52   90   50   59   24   7   58   38   83   67   11   10   77   83   19   34   32   83   7   12   42   30   63   12   24   57   32   43   29   32   29   9   28   30   41   2   24   46   2   74   57   65   8   9   74   55   96   29   41   69   67   78   43   71   38   86   2   64   54   64   27   89   
39   19   3   41   49   11   90   71   6   57   69   60   71   86   15   64   39   65   88   75   7   78   45   58   44   42   23   47   60   21   69   69   3   62   5   32   48   3   0   55   55   24   74   8   88   15   17   87   31   20   56   100   26   57   54   70   79   73   44   63   71   7   99   27   68   8   17   66   35   15   91   35   81   64   49   35   40   7   70   95   94   64   89   34   83   93   0   35   37   53   46   80   81   59   65   6   51   14   87   76   31   77   0   67   94   28   47   89   8   82   59   17   39   28   29   85   20   38   
6   89   64   11   20   90   58   52   68   63   21   17   97   40   50   87   90   90   13   45   58   27   58   97   12   36   21   67   80   35   11   2   12   67   12   73   92   48   15   20   44   79   49   9   75   68   18   70   95   85   64   3   64   78   7   34   45   12   79   49   44   40   60   41   80   45   71   8   99   14   45   90   21   23   82   4   8   20   72   30   99   7   12   18   39   50   39   74   20   57   72   47   71   37   58   72   84   95   94   67   42   66   1   12   60   18   88   43   53   4   62   11   97   55   91   2   37   32   
21   11   83   93   2   32   64   19   46   68   67   32   17   0   47   35   69   73   44   57   78   39   49   60   91   65   88   73   87   85   37   19   95   23   11   48   1   28   77   99   93   45   85   3   49   43   85   46   68   0   45   62   62   88   37   20   93   11   86   22   100   7   17   99   20   10   39   69   47   68   1   56   53   1   33   44   0   55   67   21   100   43   81   23   100   14   40   19   74   88   4   25   9   49   80   33   86   44   91   40   0   59   19   77   93   93   77   78   29   83   33   69   99   24   27   5   26   98   
64   74   72   41   94   19   46   27   55   25   78   85   4   60   78   54   94   11   6   74   68   15   70   77   48   18   70   50   47   99   59   68   25   98   39   75   22   40   55   28   39   99   76   99   72   66   26   71   52   62   22   7   1   3   15   99   60   19   53   62   83   12   16   90   87   62   9   98   87   79   70   34   17   57   74   57   98   51   88   16   36   92   17   80   91   80   39   36   27   80   51   64   15   71   27   22   37   35   16   61   30   48   51   37   56   10   80   77   100   45   77   49   88   91   65   66   0   73   
51   14   33   18   88   56   50   65   27   96   22   64   7   94   25   25   29   83   28   96   87   21   78   89   65   98   27   4   19   12   72   31   30   70   53   54   26   14   30   41   68   8   83   16   83   22   99   90   69   26   53   56   19   3   36   11   95   87   56   65   56   2   61   14   36   66   75   5   24   60   72   57   83   61   40   59   86   25   18   0   31   17   19   40   36   29   60   8   23   89   29   38   62   20   55   93   24   35   93   19   64   14   49   37   40   14   88   33   25   39   19   53   48   3   41   34   90   43   
4   93   3   9   38   45   44   59   4   33   20   98   10   24   71   37   5   13   69   30   71   42   9   61   5   45   38   88   44   97   92   54   92   6   72   79   33   45   60   14   6   11   52   79   56   50   36   51   69   84   32   46   65   42   52   10   18   12   87   56   52   95   100   14   90   89   67   89   15   67   36   52   62   44   74   30   10   46   93   6   76   8   43   4   23   64   41   20   89   73   1   49   6   3   66   43   49   3   14   60   11   50   10   65   99   37   47   98   85   80   30   83   74   9   46   73   34   94   
88   54   4   59   98   66   26   26   7   83   2   60   75   22   89   27   77   38   62   85   48   58   45   60   42   65   93   8   98   31   36   27   35   54   41   100   64   47   61   41   13   32   63   11   60   3   75   7   32   16   96   39   69   39   21   25   49   100   67   76   65   11   8   59   1   26   8   90   86   13   34   36   20   55   58   55   15   82   88   4   19   38   71   94   92   82   35   35   63   76   10   63   30   100   84   25   9   72   98   41   56   65   0   4   17   28   57   60   11   86   67   1   46   14   71   9   87   84   
53   76   43   20   43   79   62   53   58   39   35   30   94   51   15   5   49   45   46   96   48   0   92   92   16   81   85   40   97   21   54   75   35   26   39   44   39   98   30   81   39   83   92   9   78   56   79   21   11   12   54   0   88   85   39   14   14   16   87   40   87   38   79   24   35   7   38   23   19   5   87   39   50   33   64   40   29   96   48   6   1   81   46   28   52   62   92   1   95   1   76   37   28   84   92   97   81   76   20   7   18   76   42   82   65   28   11   80   57   38   8   80   39   93   1   36   78   61   
92   28   15   9   58   76   73   77   78   92   64   64   42   14   4   10   7   16   0   77   49   68   62   68   24   72   50   42   14   56   63   99   87   19   76   55   17   51   26   93   82   20   5   13   79   63   67   91   96   57   53   80   62   47   73   74   43   1   71   51   42   54   96   53   2   35   7   35   61   48   14   53   53   1   75   44   25   77   52   19   10   44   94   45   79   24   0   45   81   60   67   46   15   49   94   87   22   46   51   85   58   37   48   53   26   3   0   65   30   62   88   45   81   57   95   78   49   38   
0   15   54   71   33   6   5   56   53   77   89   98   58   78   74   41   72   81   86   80   40   25   78   28   52   77   82   35   61   65   34   78   4   60   92   29   24   44   19   69   24   92   59   18   52   10   53   0   66   82   18   61   56   7   97   4   0   28   69   59   83   83   19   78   22   13   81   67   6   74   35   60   38   0   18   2   4   86   35   35   43   74   43   49   21   22   28   68   81   41   28   73   41   46   12   36   42   19   19   100   81   36   22   85   36   42   37   60   91   50   79   45   64   24   52   5   44   4   
17   40   14   76   54   71   98   97   42   42   48   46   64   21   2   73   48   95   86   82   3   56   18   55   78   47   50   58   34   18   57   98   71   87   7   82   84   1   51   72   74   33   34   50   45   56   74   17   92   49   2   26   64   72   24   96   35   86   33   31   33   8   36   46   12   84   81   75   90   59   27   64   55   50   6   25   25   12   77   62   95   91   33   50   49   66   70   73   14   71   88   66   8   62   17   5   75   55   63   35   54   13   70   76   67   1   92   72   13   89   74   17   76   11   27   77   92   92   
65   58   83   46   10   97   81   9   61   4   97   15   90   27   81   82   73   78   81   83   77   66   99   19   71   67   24   7   6   43   84   74   44   74   33   79   94   97   85   10   74   9   56   72   70   17   76   41   57   60   5   18   80   1   15   94   90   64   67   16   42   56   18   52   84   21   16   55   89   0   95   76   91   77   89   7   52   46   31   45   25   83   71   10   67   71   57   46   45   38   92   2   35   50   0   32   74   27   9   71   56   87   9   15   92   58   88   85   38   42   65   71   51   26   57   30   34   62   
82   81   76   48   57   53   38   15   49   54   40   60   7   50   65   64   84   94   17   100   68   32   83   96   2   67   36   1   71   11   56   23   17   59   26   36   91   70   85   37   60   50   14   95   5   71   11   14   92   55   10   92   23   43   12   23   24   90   8   5   62   45   17   91   92   54   58   36   93   85   56   67   79   94   88   68   90   25   2   26   43   49   3   89   29   68   90   64   68   92   58   85   28   57   41   39   7   34   94   72   18   96   41   43   49   9   38   61   64   79   14   43   13   70   83   49   2   74   
0   53   17   56   5   69   61   44   68   86   80   64   65   19   72   8   31   37   39   16   48   48   3   28   15   79   82   7   76   73   43   93   94   78   6   30   98   47   3   84   64   50   70   11   75   77   23   63   97   12   100   68   5   5   71   61   28   56   59   32   40   59   7   52   25   31   36   9   43   16   44   9   36   3   63   83   41   3   95   85   46   5   30   37   44   86   80   99   40   57   11   50   99   30   99   59   19   95   79   18   17   63   80   89   49   99   77   78   43   81   83   84   69   92   14   80   61   79   
2   79   80   8   99   29   39   24   40   20   28   15   27   97   5   25   1   74   84   34   13   32   98   7   34   76   5   98   33   28   42   10   59   11   25   49   83   23   55   10   63   83   49   38   44   64   16   41   46   21   76   34   98   96   64   47   57   59   20   14   69   35   19   68   59   93   2   78   77   79   86   15   59   58   87   86   14   17   10   100   34   23   11   2   30   53   94   31   80   56   57   39   83   27   31   58   45   61   93   59   65   95   83   61   50   45   11   48   67   94   0   89   62   63   66   95   72   59   
7   57   44   95   28   61   48   73   21   48   91   31   51   64   18   49   40   21   80   45   69   55   9   53   17   35   71   47   18   62   63   6   59   95   36   86   74   23   14   47   88   62   39   62   67   57   77   13   3   20   100   41   85   72   47   100   4   61   16   10   81   99   49   13   73   61   7   89   73   23   85   69   77   41   21   26   11   69   23   16   12   91   0   98   78   3   48   30   49   78   11   71   81   37   2   6   46   99   41   19   16   67   30   60   79   87   63   70   10   29   58   28   42   14   68   38   83   34   
75   88   55   28   26   63   81   14   58   86   46   70   14   10   31   73   97   53   60   41   29   41   51   36   77   32   50   93   70   40   86   80   81   54   30   82   47   69   8   53   75   77   83   51   86   50   30   42   20   93   43   5   46   83   31   85   24   40   95   74   22   97   79   15   98   1   56   91   27   77   31   84   41   58   6   68   90   90   61   67   65   68   64   49   73   69   99   4   96   2   1   67   45   7   6   46   43   89   98   29   50   4   33   37   35   82   33   83   50   96   44   16   14   4   55   90   9   37   
95   33   86   3   27   74   70   46   58   99   86   4   68   60   39   7   42   55   72   73   2   46   72   15   49   55   97   57   8   94   50   66   54   31   19   17   40   3   41   33   21   60   9   74   15   28   12   59   49   40   52   74   27   89   91   50   0   1   96   75   67   92   34   49   84   21   84   14   35   30   68   88   66   57   3   36   29   38   4   29   91   11   8   19   38   37   18   14   13   16   78   77   60   28   78   72   63   30   91   32   35   85   19   27   34   72   14   91   49   100   6   31   10   29   81   81   66   18   
76   79   61   12   52   60   49   69   41   37   70   11   87   25   20   9   15   28   30   80   94   84   52   55   1   31   45   35   35   75   92   62   86   15   52   81   29   56   87   63   89   26   95   64   11   63   79   70   11   67   36   85   22   89   79   49   45   31   85   22   14   8   34   49   62   31   84   65   61   52   41   70   43   10   8   53   79   58   0   82   4   97   12   68   30   65   25   84   4   10   66   1   15   10   51   56   69   8   16   20   1   98   97   40   2   85   37   70   17   0   54   96   13   82   59   68   58   86   
17   35   42   87   30   31   11   36   41   74   53   53   35   18   60   3   57   33   47   44   37   7   40   28   16   33   67   22   39   14   57   97   66   75   88   32   60   45   4   87   91   40   9   34   85   66   28   17   29   23   8   94   77   80   65   67   14   52   17   7   27   15   40   65   19   65   9   86   90   82   90   42   25   35   6   23   35   38   11   40   18   56   76   8   65   85   38   49   65   11   11   81   53   68   7   49   40   22   99   0   42   38   80   14   74   33   88   33   44   20   95   37   99   18   79   42   72   61   
91   62   97   35   70   98   74   77   80   83   88   69   77   15   69   21   6   60   74   96   30   11   58   53   40   42   61   98   75   91   54   98   21   49   15   32   71   78   85   78   30   30   34   17   10   68   53   55   11   33   55   20   41   75   7   4   83   60   21   83   27   23   22   83   47   69   63   6   54   52   29   93   28   21   22   14   9   90   8   71   33   32   16   63   14   23   73   55   73   79   86   50   6   4   15   38   25   85   90   52   65   40   20   70   73   63   34   36   28   13   24   48   65   5   88   61   100   16   
60   36   80   53   53   25   25   0   99   27   31   2   89   88   8   94   79   11   41   77   91   52   61   20   15   39   71   62   19   6   5   14   47   48   1   35   23   65   16   17   26   82   76   56   39   93   97   42   53   30   77   25   96   1   87   54   5   30   36   19   3   64   95   75   8   8   20   37   44   61   5   74   14   98   59   81   69   57   98   20   1   56   79   20   57   99   7   15   5   15   67   70   20   8   77   95   48   13   25   41   80   67   93   92   50   97   19   67   86   91   25   27   49   44   26   10   99   85   
