78  89  95  34  28  19  9  41  36  71  64  1  99  84  44  95  63  92  55  91  58  31  87  79  63  36  5  63  17  54  5  17  67  81  4  68  87  8  12  2  24  27  12  31  84  20  97  57  25  0  51  47  90  97  29  57  63  3  73  64  6  68  3  33  30  77  23  77  57  10  79  93  58  41  85  11  63  69  97  17  50  77  74  33  80  82  67  96  36  65  59  76  47  73  11  37  31  47  70  80  91  48  93  86  95  16  55  72  61  73  87  15  1  78  35  6  97  27  
59  33  2  9  37  58  74  64  31  75  61  20  56  41  38  5  23  77  13  65  60  39  57  72  13  15  24  80  55  9  9  24  35  24  13  29  40  34  81  50  49  84  92  82  52  5  42  47  63  64  38  74  20  44  14  97  8  81  84  77  64  1  31  21  48  39  5  4  35  90  27  6  9  56  16  25  74  49  38  100  48  34  10  14  73  24  25  64  22  92  86  51  94  24  79  49  67  31  27  92  51  62  25  63  14  25  99  89  61  97  100  30  10  16  31  92  4  38  
81  31  80  14  86  46  99  61  94  70  53  28  19  44  44  59  80  66  52  28  8  29  88  63  91  76  46  89  97  100  23  29  78  36  93  27  95  87  48  54  35  63  32  18  99  65  16  14  34  6  66  8  5  24  99  96  96  34  24  64  31  9  23  67  62  0  90  58  82  8  97  0  29  13  32  47  23  4  25  92  92  51  47  19  37  24  59  79  63  37  12  4  23  56  52  95  38  20  35  71  14  12  14  88  10  82  95  94  16  8  74  7  33  65  96  33  94  65  
0  47  1  67  11  97  53  82  89  3  44  31  37  64  22  59  71  4  9  91  28  100  68  80  1  79  77  78  99  2  8  15  41  87  87  29  67  75  15  74  100  23  61  88  40  8  31  60  32  93  17  85  7  35  82  28  68  83  88  57  0  44  100  20  70  24  26  74  15  40  61  58  4  90  2  86  76  6  32  58  97  7  47  47  14  69  72  22  13  1  50  70  67  70  60  16  41  11  98  0  67  31  77  63  65  29  95  73  17  16  32  93  75  89  2  46  73  5  
88  18  4  28  63  42  16  50  70  94  24  44  73  76  96  95  38  53  23  69  99  31  10  72  21  89  24  45  83  93  54  71  24  71  58  10  82  32  97  84  85  93  84  59  35  79  94  53  42  22  17  28  48  45  95  48  55  66  32  36  3  47  70  71  4  30  69  72  39  22  34  96  99  45  97  58  46  98  47  11  39  49  33  10  12  18  36  42  60  27  60  82  97  56  53  4  57  51  19  33  31  83  45  83  59  3  26  46  17  26  1  47  90  40  19  44  66  70  
61  14  70  7  38  52  34  28  32  37  70  63  70  87  72  31  65  92  7  89  22  44  42  48  82  66  78  13  43  46  19  85  9  58  15  71  59  34  89  77  45  96  89  60  59  8  59  51  48  70  38  90  60  45  57  14  80  75  20  35  58  2  62  14  11  33  51  51  62  6  28  27  41  56  61  75  20  44  78  73  88  18  100  23  39  26  24  61  40  21  58  84  42  34  33  38  94  64  36  6  48  76  55  10  97  24  79  7  66  32  3  73  99  34  18  31  14  24  
68  59  86  95  24  12  59  36  17  15  21  14  16  59  85  23  15  11  79  46  45  14  29  74  56  100  57  80  55  28  45  72  17  91  31  10  56  72  43  17  37  57  58  43  9  71  26  64  72  97  15  27  65  87  68  86  31  35  51  49  39  11  72  26  80  61  91  17  21  84  64  28  89  97  33  36  70  58  16  93  50  22  14  52  84  34  45  82  26  10  100  89  72  93  7  86  75  66  83  46  40  31  4  50  18  70  6  19  30  24  99  86  5  46  30  49  94  92  
24  73  41  33  63  21  38  90  46  55  98  69  64  11  27  93  88  80  33  87  9  87  96  44  84  87  61  20  74  48  63  46  11  56  46  100  22  53  42  61  36  63  70  10  59  73  34  54  49  44  42  37  19  44  82  100  32  94  31  31  30  90  73  57  41  5  28  41  68  32  39  1  80  75  35  60  11  100  70  39  60  33  46  86  60  4  41  28  15  41  72  5  32  20  65  9  65  25  31  69  86  89  42  99  91  41  81  84  34  57  1  19  12  77  0  48  59  23  
53  27  21  82  26  90  59  38  61  57  88  51  71  96  27  44  11  12  98  100  14  94  61  42  3  4  36  38  4  8  92  93  38  72  34  43  7  27  66  27  16  9  97  13  65  53  16  52  76  76  45  86  45  67  72  85  72  78  34  32  98  60  87  91  40  62  99  79  70  93  43  1  45  85  69  47  97  47  42  8  57  50  12  51  93  78  5  64  69  81  94  60  51  65  61  23  61  99  69  90  2  12  64  20  44  56  3  21  50  89  3  53  17  11  65  62  6  69  
20  85  69  95  84  20  2  73  16  74  56  93  88  39  86  71  52  93  39  23  20  31  42  56  94  73  93  84  1  33  68  40  79  96  43  13  40  72  45  67  13  12  88  41  99  1  2  36  66  7  69  9  48  67  72  76  35  92  4  63  98  23  9  38  96  12  43  25  37  1  90  54  91  38  44  33  85  97  36  58  85  54  62  65  13  94  52  100  78  58  67  54  71  96  62  87  91  21  47  76  44  44  9  62  73  9  45  16  46  9  85  99  90  88  13  95  7  97  
62  20  11  3  100  82  45  19  99  25  91  49  63  62  23  45  43  97  58  85  35  86  9  84  91  46  67  37  57  46  6  19  35  41  29  97  83  63  97  44  15  34  54  4  12  77  65  56  25  82  34  54  75  18  89  50  36  61  1  20  31  56  81  87  36  91  54  21  33  35  8  28  48  74  100  66  29  25  46  48  66  98  4  79  48  9  63  68  32  15  61  62  70  1  66  30  16  57  24  69  78  39  45  26  92  42  50  62  90  31  64  23  18  61  96  32  35  42  
90  34  76  62  13  40  36  96  23  12  0  60  51  39  49  58  20  66  64  12  53  70  71  100  89  76  89  87  42  85  69  1  93  50  37  52  37  1  75  98  28  17  40  84  87  48  100  65  33  81  48  27  20  29  53  12  72  36  17  42  27  64  65  68  45  79  81  46  12  10  18  63  50  67  20  15  7  67  71  63  46  46  46  70  10  24  54  45  35  8  51  14  77  8  34  4  91  52  17  53  70  83  98  28  94  51  50  3  52  26  9  95  17  44  68  77  37  77  
42  3  51  38  38  36  6  14  32  18  87  23  4  45  54  32  47  14  33  15  12  87  81  25  10  91  2  13  54  83  91  29  20  22  66  91  63  21  61  11  95  91  86  58  38  81  13  20  2  83  23  54  82  50  57  51  58  72  10  14  22  88  74  99  1  93  73  88  17  100  25  55  75  28  86  33  77  27  96  86  95  59  65  35  11  54  41  21  99  32  56  55  30  5  8  48  6  95  72  52  14  65  28  63  56  23  39  78  98  91  68  46  1  97  29  55  100  7  
46  27  28  15  19  98  33  66  11  100  8  24  47  32  62  98  14  0  9  39  18  53  20  57  91  46  35  91  89  27  39  88  29  37  61  9  88  44  51  45  55  4  13  38  29  44  35  79  80  48  25  17  5  95  67  85  56  26  57  10  33  4  25  70  48  0  41  99  11  44  51  98  33  92  21  60  24  84  10  91  26  33  94  66  58  14  44  18  23  30  53  100  46  95  57  81  83  71  26  10  5  74  84  46  32  10  41  27  87  76  27  26  58  58  72  46  70  52  
79  97  98  17  59  14  39  50  21  86  80  61  70  8  42  83  33  48  15  88  51  18  39  56  75  95  92  10  81  10  30  43  10  33  24  17  100  45  89  68  44  34  5  23  39  50  96  55  86  70  30  74  41  22  9  54  57  48  51  27  0  91  17  18  17  97  38  79  41  45  93  19  100  45  6  81  21  83  67  99  81  65  92  34  50  97  63  5  15  11  51  46  13  7  91  42  59  95  84  48  68  100  8  9  33  58  47  82  0  40  2  8  24  64  91  100  36  90  
66  51  44  37  50  4  54  23  10  13  41  68  48  77  54  97  88  10  7  89  75  37  24  66  66  87  77  8  80  3  28  74  64  100  4  72  76  64  49  23  52  39  1  76  19  58  39  37  21  10  8  99  22  46  13  61  73  66  69  21  81  63  10  67  69  48  67  89  87  23  17  90  50  84  24  78  93  42  53  42  53  77  64  92  24  100  43  16  25  71  36  8  91  70  72  25  93  4  66  51  1  86  62  55  26  79  19  87  0  36  64  57  38  95  90  29  16  81  
93  17  36  78  84  14  97  74  36  47  100  98  12  67  5  61  12  6  51  61  38  26  92  9  72  43  63  42  32  87  49  14  18  61  55  0  94  32  26  41  2  34  98  73  63  62  51  37  3  21  63  30  75  82  77  69  29  58  63  73  80  87  40  11  4  73  79  1  97  31  24  63  9  3  87  59  8  73  76  51  12  28  39  93  34  77  99  0  43  93  15  23  95  93  61  96  38  34  25  30  25  100  14  33  17  10  71  36  90  67  21  23  56  37  21  28  78  20  
27  35  12  0  43  64  79  78  71  54  67  73  17  37  97  58  9  77  48  15  3  27  43  67  21  63  99  90  66  80  46  20  12  59  95  30  69  20  20  77  69  9  94  35  7  49  55  40  49  77  24  94  19  77  62  9  89  28  14  68  46  71  50  20  66  67  3  9  35  67  51  39  44  82  91  19  93  55  28  45  70  68  26  98  32  80  57  87  44  5  28  20  100  93  59  38  60  71  69  61  41  58  68  96  13  18  33  31  9  87  92  97  93  0  43  44  38  70  
77  42  90  92  89  93  54  24  62  35  69  78  60  25  48  12  8  38  52  93  45  65  78  65  73  9  77  14  96  73  97  0  67  63  28  22  67  81  16  37  30  88  88  1  51  16  76  43  100  16  23  91  67  61  94  27  70  87  22  37  31  35  6  31  51  8  80  89  80  57  71  5  12  51  97  19  6  4  12  53  86  1  70  55  79  36  98  89  96  26  78  52  10  57  87  46  3  6  48  76  5  71  41  11  46  71  53  78  3  15  82  67  33  65  9  78  21  4  
9  0  50  28  69  48  24  30  97  28  70  59  43  64  87  61  4  17  53  5  15  75  46  24  61  32  98  96  66  43  90  99  1  96  39  45  31  72  82  86  87  64  41  19  22  47  14  4  75  72  19  73  45  10  98  77  35  15  3  15  86  60  100  41  67  55  89  8  55  75  43  97  94  43  57  42  55  7  3  86  100  99  7  67  56  6  58  88  55  49  13  79  20  69  52  12  29  1  5  41  22  71  12  43  31  74  25  86  67  67  20  27  42  21  78  72  79  98  
55  7  32  44  66  91  14  5  2  33  22  4  8  76  95  59  97  46  53  75  48  24  13  71  9  88  33  78  56  95  16  60  85  85  77  1  1  56  57  39  39  38  95  50  93  58  37  13  91  83  26  81  4  29  43  57  25  25  30  78  58  49  57  98  11  52  36  13  44  8  35  36  0  30  73  17  77  94  66  33  65  78  68  28  87  57  98  47  21  34  79  24  17  81  20  26  29  65  94  73  78  48  98  70  15  50  24  10  33  82  95  73  72  85  40  8  57  55  
22  92  85  40  99  45  76  10  45  5  19  53  64  32  71  68  43  52  2  13  20  69  53  48  0  64  79  76  68  56  41  1  27  33  41  75  34  19  36  58  68  24  10  50  8  13  22  6  80  75  86  40  93  3  63  74  59  8  49  86  4  20  56  10  23  81  17  9  43  60  23  31  61  86  90  65  65  17  5  98  2  20  98  65  71  36  13  74  45  2  57  44  38  43  92  71  87  65  19  50  59  64  16  49  59  58  78  29  64  92  27  100  7  27  15  25  10  53  
98  35  65  90  20  97  91  34  89  16  64  19  9  27  17  25  14  83  79  90  83  88  85  46  36  27  55  92  41  13  10  64  49  4  60  32  80  42  57  3  100  78  40  0  32  80  47  31  59  27  37  92  74  93  82  39  15  79  7  9  98  82  57  20  69  22  66  96  35  54  34  64  92  100  97  13  16  89  12  27  45  50  42  94  2  84  8  23  37  56  9  8  58  42  32  13  47  52  91  16  25  39  12  98  12  76  76  44  94  47  3  51  100  55  66  4  83  72  
57  90  21  74  97  84  80  73  88  16  35  19  0  94  24  91  80  89  8  4  23  94  57  83  38  15  21  2  97  22  23  23  2  29  44  86  72  12  50  100  80  37  2  31  15  70  48  77  88  69  91  45  5  100  37  51  91  58  64  100  26  62  77  92  16  97  35  57  53  77  60  64  70  66  20  43  60  3  36  9  95  58  23  84  32  68  71  18  11  37  29  79  14  38  22  76  49  27  99  73  14  47  64  63  46  85  51  27  13  87  31  47  37  73  71  84  64  39  
86  82  64  4  83  26  68  68  63  31  31  84  27  24  35  84  75  82  21  59  86  80  79  34  77  60  26  56  50  4  55  58  59  53  44  41  64  100  93  45  94  53  66  100  36  89  75  24  16  75  34  16  86  44  84  76  83  6  38  4  3  75  56  7  55  79  98  25  81  26  26  71  71  50  61  47  98  86  34  56  7  77  59  68  20  77  76  71  41  18  46  74  100  75  75  20  38  48  56  71  40  92  90  62  38  39  32  58  15  55  20  99  79  67  78  96  62  11  
90  11  42  13  96  13  94  45  42  31  80  100  66  41  76  32  71  30  64  16  13  18  76  85  16  17  13  27  93  78  31  9  45  63  63  51  2  41  87  21  9  0  22  87  66  43  41  91  24  0  4  17  66  81  37  36  50  67  78  44  0  32  57  31  27  45  37  14  60  70  81  42  91  34  20  97  37  2  33  68  15  9  73  68  84  1  97  4  85  83  45  27  86  68  87  2  47  79  42  42  87  12  41  45  32  2  80  24  90  45  13  73  34  100  3  96  27  17  
90  81  42  54  71  28  100  48  40  21  9  20  32  65  90  14  100  5  12  39  12  6  9  23  48  64  73  55  44  12  64  97  68  64  86  54  52  64  56  42  38  2  67  50  30  77  62  78  74  4  60  40  3  21  11  87  24  28  91  9  29  10  57  34  64  13  22  28  51  82  69  96  33  65  94  70  22  78  49  32  9  15  65  38  63  13  82  5  69  56  59  27  63  99  90  22  11  1  39  95  63  49  66  81  3  76  46  65  12  40  36  67  9  34  63  39  95  84  
28  64  70  88  35  85  50  60  25  22  96  9  53  7  41  19  12  73  64  43  78  79  79  95  38  94  64  19  36  33  16  40  46  62  77  75  25  33  41  15  53  45  12  97  53  52  58  42  18  6  85  58  78  8  79  16  38  46  49  9  39  47  51  25  33  34  82  34  43  23  44  30  3  66  39  77  11  19  94  89  84  99  49  55  48  32  8  78  13  75  71  50  44  4  81  79  15  48  96  28  46  18  20  90  44  28  58  87  30  10  22  26  95  5  89  0  10  38  
17  73  100  26  89  7  7  0  96  40  75  6  24  41  64  63  80  21  70  84  56  10  80  11  90  26  100  18  97  4  7  60  76  86  8  67  86  89  57  82  7  83  78  49  87  99  0  25  77  0  74  39  56  67  34  41  32  32  21  42  95  22  95  36  7  51  18  92  65  14  86  29  96  2  28  40  44  44  11  45  49  39  52  26  89  94  78  68  2  39  28  73  60  6  92  100  52  83  42  27  24  52  78  48  3  59  46  64  36  25  56  76  21  79  12  68  5  33  
43  87  91  77  23  67  82  79  39  52  39  36  43  15  73  23  18  44  67  87  20  84  23  1  89  22  19  63  9  92  61  83  41  79  41  55  50  71  29  18  39  84  48  37  91  61  9  2  60  99  75  56  91  48  73  27  93  65  69  89  99  28  34  32  17  44  8  42  38  26  9  48  78  49  15  29  66  78  50  80  1  2  80  13  61  98  35  50  94  97  17  63  10  60  89  85  88  52  12  25  37  60  30  40  1  22  20  60  24  52  62  74  33  72  34  76  27  82  
53  87  34  64  47  63  98  32  7  5  66  52  99  8  99  31  63  65  43  59  38  53  77  16  16  72  64  85  93  83  38  61  54  22  17  44  99  91  26  22  43  91  35  22  87  57  92  75  29  75  17  86  10  70  60  34  61  76  58  79  27  28  95  33  3  43  42  19  11  90  23  91  88  96  28  59  62  55  45  75  0  14  1  87  34  99  40  55  17  45  74  5  80  33  88  87  9  89  78  80  20  24  37  63  20  20  79  42  29  1  47  75  7  76  15  14  10  54  
90  71  27  40  33  30  75  36  75  78  67  82  9  23  41  19  65  59  32  12  100  80  11  96  36  92  1  93  3  93  67  10  41  3  43  47  80  99  91  74  51  51  28  18  95  40  7  61  44  79  92  10  30  94  81  71  64  95  60  22  16  83  78  9  54  90  89  95  59  18  35  62  81  15  5  100  9  81  55  41  27  55  29  17  96  8  43  94  27  66  56  95  43  73  72  72  83  8  51  47  92  7  2  31  44  90  10  95  22  24  7  15  76  2  22  61  16  2  
2  97  24  23  73  34  50  78  92  34  97  89  97  64  92  68  98  1  60  14  17  94  40  25  60  70  36  3  91  97  4  29  17  71  79  78  83  37  35  20  37  54  31  56  34  8  16  95  38  78  86  53  68  97  69  27  94  3  49  29  50  19  78  89  18  24  16  67  28  94  83  54  7  58  100  75  83  55  82  98  35  50  10  25  61  10  52  68  52  83  66  64  51  20  55  76  14  97  74  78  4  7  19  52  13  36  26  27  40  17  57  59  90  95  92  49  1  27  
72  19  42  61  39  66  73  21  88  0  91  32  41  4  55  94  70  43  80  31  83  27  82  94  29  38  10  42  6  19  36  37  68  59  92  93  10  88  29  42  32  57  86  37  52  30  57  63  12  37  65  49  97  32  8  93  58  30  88  83  76  61  59  80  22  28  85  72  54  11  73  51  30  59  63  22  47  52  35  42  96  65  92  31  80  97  83  56  20  64  43  5  53  34  54  73  83  93  85  57  95  38  9  20  23  68  33  4  50  1  44  30  54  2  63  2  63  61  
65  63  42  50  22  67  59  1  100  52  87  17  50  94  58  70  74  74  16  10  95  16  40  10  84  61  86  24  58  43  62  8  57  43  76  98  40  43  9  97  81  4  63  98  80  4  26  81  48  33  69  0  34  65  56  5  70  59  93  7  59  81  24  42  59  84  33  29  11  45  75  8  8  66  100  74  57  54  77  20  12  35  74  25  63  77  40  2  57  27  70  39  98  30  66  68  6  56  85  74  92  56  68  95  59  26  100  12  97  63  97  25  53  10  23  2  75  65  
56  72  35  0  61  70  69  96  94  73  76  25  13  53  33  90  72  88  77  84  86  20  31  4  1  97  54  76  84  53  40  98  12  67  90  3  87  19  1  36  88  85  25  45  15  84  45  77  91  26  32  19  22  36  32  34  96  24  3  43  67  42  4  24  47  88  24  12  20  86  93  20  68  38  44  48  30  61  63  85  62  37  50  20  69  15  58  15  49  62  51  21  3  32  31  34  33  55  100  47  26  7  98  20  36  34  74  3  10  70  35  49  71  64  72  28  20  75  
47  48  47  8  55  95  31  67  95  90  55  66  13  89  66  35  90  27  31  91  44  20  69  69  81  49  27  36  77  31  31  58  39  7  38  0  62  30  46  53  40  66  94  91  65  54  88  23  95  64  63  18  93  11  56  64  51  47  78  46  50  10  37  62  62  51  59  10  50  9  65  98  46  86  28  31  84  49  72  41  7  47  3  45  85  29  59  24  21  8  91  74  92  60  86  59  86  81  97  83  28  90  72  80  65  92  7  81  12  37  46  76  97  26  44  35  12  6  
85  27  78  74  0  83  97  67  29  70  14  20  53  65  60  81  6  37  49  75  78  79  85  46  33  38  18  20  58  97  33  100  90  36  46  59  89  71  88  91  3  22  30  48  80  21  61  28  16  57  58  1  56  89  85  49  54  60  28  41  39  86  93  7  97  6  67  14  59  12  8  42  34  100  75  73  43  40  81  98  76  51  90  34  11  82  8  15  29  13  76  5  31  79  99  8  63  63  37  21  37  7  53  63  24  99  31  78  58  86  7  66  42  70  2  6  100  12  
42  68  32  93  62  55  27  26  87  21  35  6  79  52  17  91  50  1  71  26  15  6  59  99  95  51  8  19  60  78  25  78  77  71  28  35  96  93  74  43  11  29  7  16  31  37  43  83  4  58  53  9  66  6  14  30  6  78  16  72  55  71  8  69  71  35  84  94  41  25  53  64  78  45  44  40  97  55  51  60  41  70  0  26  92  39  86  35  41  30  32  66  92  10  33  11  29  13  27  6  97  84  89  100  64  11  54  96  68  72  43  7  77  12  61  66  22  57  
22  17  19  42  61  100  92  88  87  33  11  84  66  79  42  79  85  34  57  43  82  14  98  8  6  42  59  24  76  40  49  8  75  26  83  29  29  81  76  23  47  27  84  4  97  62  39  36  39  43  56  33  24  46  34  25  83  68  52  45  80  84  70  10  62  13  44  41  92  28  81  10  76  58  68  87  38  57  17  39  12  70  81  3  39  61  22  29  67  46  44  61  41  60  1  26  11  64  9  73  25  78  96  61  38  95  17  73  53  87  52  72  45  96  87  79  15  46  
72  7  49  70  35  60  23  29  6  30  74  42  73  91  90  98  30  25  99  12  30  93  2  49  74  98  8  19  7  79  46  52  43  92  51  54  61  17  25  72  83  55  31  17  69  70  66  3  40  33  59  7  39  0  91  65  9  73  69  17  37  58  18  24  66  46  22  84  78  81  2  32  29  81  99  96  79  37  15  89  82  74  35  38  49  9  23  78  66  66  13  85  57  67  64  25  2  90  29  21  73  90  49  55  19  73  12  15  26  68  57  38  32  47  53  77  65  62  
5  63  84  82  61  72  37  60  50  45  65  5  41  47  25  89  98  17  78  33  93  84  51  99  79  36  51  57  72  6  41  69  74  58  40  90  0  69  8  38  72  7  63  62  44  38  89  86  68  100  91  0  12  89  58  7  73  75  69  43  55  50  74  0  64  45  66  8  5  9  19  100  55  59  14  61  49  42  1  78  98  19  55  74  83  63  59  21  72  18  14  26  3  55  15  23  22  22  69  86  68  21  87  38  82  15  92  3  31  69  92  39  78  99  15  39  51  66  
5  18  41  55  48  46  17  3  21  71  22  90  42  88  8  25  4  74  76  93  99  23  19  46  86  97  44  73  35  40  15  27  20  68  90  55  39  91  49  75  57  71  86  38  68  75  100  29  8  42  83  90  79  15  78  68  60  84  80  92  95  35  61  13  88  52  25  16  8  82  93  71  5  51  0  95  90  74  25  1  42  88  40  46  91  40  85  45  33  69  6  70  96  77  9  81  100  96  23  1  66  2  74  63  22  74  87  38  7  98  85  94  88  10  67  94  63  45  
92  82  38  90  81  17  48  51  89  12  19  89  90  72  30  33  40  13  17  38  57  43  7  73  70  61  87  18  89  50  84  66  5  99  80  88  28  69  45  3  86  78  48  78  0  89  52  52  38  71  6  87  79  99  65  44  50  17  28  14  70  93  48  57  95  18  65  67  67  93  79  11  93  26  38  9  38  26  90  15  97  77  36  38  11  22  74  15  10  26  61  45  17  16  76  0  54  34  99  71  98  12  75  36  12  28  77  95  52  70  53  44  42  84  33  56  66  31  
47  15  64  84  65  45  55  19  74  36  12  20  7  0  67  83  80  57  23  62  24  39  15  29  47  16  28  37  58  26  80  68  11  85  47  73  62  52  38  86  78  31  9  54  82  86  6  45  12  74  40  16  22  72  49  20  28  57  0  30  18  33  97  23  4  46  14  26  76  33  100  37  33  46  32  100  42  96  28  26  52  42  68  55  63  63  36  31  80  35  45  60  44  45  37  68  79  13  43  11  80  35  76  77  41  2  76  24  88  95  11  4  91  79  75  78  22  23  
10  84  80  65  37  81  50  28  20  23  94  20  53  49  54  5  4  60  15  96  91  88  80  63  27  48  80  88  19  89  94  51  25  39  69  52  56  74  90  26  89  51  45  56  66  34  87  89  52  77  22  92  3  44  95  26  15  8  4  83  13  57  78  13  94  46  30  52  12  81  91  85  76  31  52  99  38  53  36  26  10  90  41  80  44  5  64  48  61  91  44  92  47  55  44  42  24  8  61  75  63  52  46  96  8  63  43  77  83  57  21  14  37  61  47  65  71  69  
33  61  54  31  37  32  82  19  43  22  23  43  14  17  89  43  83  40  14  100  6  52  28  50  99  57  28  10  2  91  86  41  45  85  68  89  2  44  67  14  60  72  41  24  17  40  100  60  92  99  40  99  25  72  19  100  18  58  86  37  83  53  68  54  43  100  36  27  51  60  66  68  49  37  93  98  83  73  4  66  24  9  75  44  65  79  49  42  82  75  40  71  53  33  20  57  68  43  22  55  2  18  18  69  29  35  17  31  13  82  74  28  42  61  35  16  2  45  
30  46  52  4  47  100  5  34  36  3  100  88  10  7  4  2  92  95  82  57  6  75  30  68  33  82  64  78  74  71  35  90  52  14  59  12  93  26  14  82  25  58  83  88  30  11  32  16  36  20  76  91  32  59  45  15  4  100  39  93  14  92  2  65  21  99  65  1  6  45  26  32  18  45  25  41  70  32  33  25  93  31  94  46  42  25  96  48  13  20  56  55  70  40  57  92  19  59  77  96  85  64  45  3  75  61  88  30  2  26  4  73  20  54  89  89  1  59  
22  55  48  49  57  44  20  36  7  37  56  77  36  40  47  10  96  88  36  1  1  0  37  53  38  8  65  81  52  46  53  63  59  99  2  95  94  82  83  85  68  9  8  81  52  80  40  8  62  29  99  89  74  98  1  60  87  89  67  66  31  6  92  5  26  11  95  22  18  39  27  7  56  77  38  14  19  31  22  82  81  100  71  9  3  94  84  76  64  12  19  73  40  78  38  16  32  6  71  100  53  48  88  99  56  72  85  67  38  77  48  91  88  77  68  4  60  16  
45  71  14  97  48  66  74  97  13  59  55  41  30  50  5  90  71  92  59  8  55  63  38  37  20  97  63  45  65  0  5  1  11  41  37  70  62  96  100  47  58  61  26  24  22  14  42  8  16  29  84  21  92  29  10  15  85  8  35  20  31  57  78  13  63  12  7  84  56  80  48  72  39  56  65  24  90  46  41  1  17  41  22  84  100  4  86  73  68  66  81  12  27  9  31  20  48  6  96  32  33  70  40  8  19  61  98  10  27  24  22  11  84  36  48  11  30  67  
1  16  41  46  93  15  67  5  24  25  56  20  75  45  74  12  4  84  54  5  7  6  76  22  48  68  32  41  22  57  97  47  83  100  62  52  37  66  72  29  84  85  34  98  49  93  57  6  84  55  61  15  77  14  6  90  93  18  27  52  19  25  69  22  79  72  45  100  11  10  26  27  22  49  59  77  84  71  80  2  18  49  89  52  10  84  59  25  71  87  76  35  0  48  81  11  79  24  5  77  7  38  84  94  15  100  65  62  45  14  2  70  60  10  71  97  12  22  
42  96  77  53  100  17  8  24  34  50  88  88  72  50  73  78  66  59  52  33  1  97  93  75  73  2  17  40  44  67  69  26  23  21  92  21  66  100  57  63  11  91  86  99  18  39  36  53  1  8  59  12  84  5  77  56  41  14  61  93  54  17  73  5  89  96  47  63  98  47  50  97  100  81  30  100  84  50  11  43  89  54  96  20  80  22  49  11  99  10  58  62  8  100  35  87  23  17  77  99  85  70  52  43  77  45  18  16  78  33  71  99  84  22  80  95  3  26  
30  43  92  3  8  79  80  47  79  42  61  96  0  38  10  70  62  24  32  100  90  7  68  66  53  75  30  100  53  57  67  54  26  47  40  53  63  20  20  96  8  95  21  81  54  70  17  91  99  99  22  59  49  23  31  44  21  78  0  85  32  45  51  51  80  20  18  3  71  51  66  71  60  77  54  16  21  55  47  34  40  12  55  93  9  70  65  28  89  60  41  50  47  87  0  17  42  53  97  34  12  28  25  98  69  84  88  67  39  37  69  21  27  86  25  93  32  31  
4  30  74  85  32  30  91  100  95  5  19  87  26  93  71  96  32  56  77  96  90  66  85  90  5  57  1  23  87  22  92  72  71  86  91  3  82  100  90  1  26  41  85  29  84  81  32  66  95  69  96  81  95  9  58  89  59  13  10  62  60  9  47  82  74  12  4  99  0  61  99  50  7  7  38  30  63  80  78  61  98  84  90  55  36  100  58  11  35  81  78  14  6  81  20  10  81  49  55  8  34  76  3  9  21  58  24  68  12  67  83  66  51  55  54  89  16  46  
88  17  86  52  76  19  65  68  29  62  74  1  25  99  82  9  51  20  27  84  66  74  57  78  43  5  85  100  23  18  22  52  100  21  56  22  53  59  27  48  6  35  59  63  52  58  18  76  75  24  17  38  9  81  23  92  67  12  27  34  24  8  50  22  78  42  13  31  56  9  39  71  98  61  3  31  2  40  44  64  84  15  38  14  57  81  87  67  13  51  30  34  52  59  31  9  77  81  76  72  97  47  86  96  45  72  53  81  35  30  1  72  30  23  73  2  59  44  
11  83  90  35  43  2  14  57  9  31  91  33  43  46  93  2  41  85  9  9  84  96  74  82  64  15  61  2  24  90  100  73  8  99  86  48  18  43  62  6  47  33  96  27  2  93  9  51  40  20  1  18  59  14  40  2  94  94  41  85  83  0  95  73  34  51  68  100  51  47  84  5  15  62  37  29  76  31  24  61  51  82  30  91  4  51  23  3  19  28  0  71  88  43  79  28  32  46  68  84  78  31  82  42  89  63  41  73  95  74  47  64  46  16  53  86  5  52  
56  98  78  9  95  96  45  25  93  44  10  3  32  91  50  82  2  35  29  98  14  64  2  85  36  52  76  97  42  2  26  2  76  53  60  44  58  99  80  71  14  86  73  43  72  77  39  21  94  8  37  89  23  29  24  21  14  97  92  12  26  36  12  20  41  40  58  97  53  96  13  24  35  92  76  0  46  52  51  29  40  73  11  93  87  84  43  32  26  85  41  80  91  43  60  0  4  9  59  22  31  9  33  72  91  6  36  13  26  14  75  58  84  100  17  0  94  63  
40  72  91  67  17  44  36  51  62  19  53  31  31  54  18  44  55  40  71  76  9  60  38  19  95  25  29  66  83  3  58  30  44  49  45  87  64  84  49  100  13  13  22  54  45  61  9  99  26  43  42  88  25  93  15  78  96  19  52  9  14  94  25  57  73  64  35  69  1  93  82  23  45  48  56  85  48  9  33  8  0  82  96  80  22  84  74  74  27  77  46  90  63  88  48  7  91  88  91  59  24  65  91  63  85  9  22  71  47  58  14  88  51  34  100  55  43  12  
90  7  67  23  17  15  80  3  30  1  66  0  50  58  3  25  74  6  39  65  94  79  58  38  5  79  38  29  38  86  34  29  40  52  41  1  76  78  70  80  44  32  49  95  32  26  42  76  74  79  26  80  4  2  78  1  54  91  3  16  85  54  7  10  52  25  51  21  38  87  26  21  63  78  70  33  0  3  85  24  44  83  51  45  18  91  45  79  39  67  25  33  35  5  57  89  40  100  9  19  75  64  94  73  75  26  46  76  89  97  58  17  87  34  40  96  39  15  
32  25  36  97  88  27  40  3  0  10  78  69  46  14  70  62  37  63  55  27  74  83  38  48  57  61  46  92  83  48  72  92  87  49  66  80  71  54  10  21  13  34  10  45  6  34  78  68  90  20  93  35  82  51  18  69  87  64  59  36  99  46  60  2  56  66  65  89  57  53  58  10  6  60  63  45  81  2  66  74  11  39  38  2  91  15  64  3  44  29  88  23  65  53  77  43  6  88  20  96  31  0  14  51  65  77  17  77  94  65  25  17  22  25  25  39  87  22  
5  66  65  9  22  96  44  70  60  33  31  86  28  53  98  61  62  11  29  58  30  19  27  99  24  77  38  96  50  9  1  78  24  7  46  36  28  21  54  18  7  62  29  12  83  100  72  1  45  20  65  29  22  10  18  71  63  83  100  86  47  50  57  37  46  62  0  0  24  17  41  86  15  34  68  99  90  3  96  12  86  47  98  87  63  34  75  27  42  49  100  80  1  96  15  59  0  67  58  21  30  8  35  67  87  2  80  26  58  43  31  10  78  63  55  26  91  88  
87  66  75  44  18  23  12  100  25  1  0  80  47  71  61  53  95  53  8  20  25  75  25  36  87  83  85  29  25  4  10  88  8  40  92  76  65  92  26  40  83  32  72  22  49  35  24  36  24  19  0  76  88  13  68  64  71  23  71  48  36  70  37  20  29  16  79  11  10  75  1  40  48  84  23  25  36  7  41  57  14  22  36  52  30  37  87  65  89  38  76  74  13  39  12  34  69  62  25  61  92  43  43  8  35  59  6  13  20  15  27  58  49  11  47  62  1  54  
66  76  86  25  5  52  55  63  25  2  32  99  84  70  59  68  7  61  54  56  53  70  52  79  41  62  5  29  50  62  61  14  18  89  99  50  69  50  32  82  37  17  5  52  51  40  93  64  0  60  58  39  45  31  90  17  17  8  25  60  100  31  2  12  60  33  13  4  74  55  91  11  85  7  50  83  90  13  56  12  66  79  29  26  44  75  8  43  39  12  33  74  40  92  34  99  89  99  24  14  93  57  51  94  53  41  92  74  48  91  1  79  28  2  94  81  80  31  
55  66  87  9  93  77  75  47  75  85  26  68  32  62  3  26  2  99  99  24  59  15  78  93  47  28  40  78  41  88  44  66  87  58  12  5  40  30  33  5  51  32  48  29  31  87  69  39  50  69  1  14  44  59  22  75  89  90  77  74  76  5  28  35  83  97  74  18  34  54  59  37  38  88  40  65  54  57  56  63  51  94  20  70  15  80  24  93  80  79  8  42  7  37  79  77  69  59  77  83  64  49  83  72  78  65  70  2  92  38  3  56  54  43  52  83  55  31  
58  3  52  93  33  61  67  42  91  95  50  65  44  94  8  46  35  29  30  88  46  94  30  65  79  24  13  20  71  19  15  17  73  57  21  15  75  16  40  66  52  52  32  25  12  44  38  59  87  7  48  77  25  59  64  50  48  14  12  52  85  70  10  16  25  20  93  57  81  43  17  16  38  10  19  77  58  57  95  97  81  7  65  80  72  8  66  29  82  26  66  35  83  46  27  81  75  27  8  20  86  40  18  92  69  68  22  79  34  37  83  33  27  22  62  87  43  42  
11  1  51  80  86  61  55  46  44  66  37  24  61  55  17  83  97  91  97  31  21  51  46  55  88  0  59  84  53  60  76  93  55  21  98  40  85  4  97  14  59  34  98  5  12  46  37  48  39  49  64  66  82  37  89  35  83  58  6  19  81  21  99  6  28  44  3  70  100  59  53  57  41  7  46  100  69  93  32  75  13  2  37  46  4  15  48  18  100  74  85  76  65  37  13  13  38  0  20  76  3  36  21  25  84  97  43  100  8  33  68  6  5  48  66  75  95  86  
3  25  25  100  50  69  41  58  74  57  52  87  27  4  34  58  38  69  54  73  74  95  75  51  16  79  72  10  48  65  60  31  72  7  42  15  84  28  53  32  94  68  77  54  40  85  26  20  81  3  63  71  50  26  73  12  40  30  50  93  64  87  71  98  82  82  53  81  62  90  35  85  6  77  89  58  66  60  17  95  22  22  21  24  35  13  3  26  69  53  34  5  24  20  8  61  78  52  5  88  37  78  52  88  42  11  46  7  34  2  65  13  65  63  32  21  15  95  
99  73  50  50  67  21  26  11  4  44  30  75  59  78  61  77  72  98  13  45  84  43  86  24  8  34  68  85  6  16  1  55  84  9  10  52  16  48  7  39  75  57  32  35  7  47  83  81  38  15  97  89  68  38  67  20  66  21  39  40  88  21  29  90  56  34  27  85  66  32  37  97  97  70  24  71  81  48  15  83  21  35  81  87  97  11  36  61  62  90  3  21  87  63  35  98  40  6  24  63  94  23  36  25  79  24  87  77  66  2  12  22  55  85  51  100  86  22  
76  73  100  74  3  67  37  44  10  87  5  15  77  88  79  49  45  56  99  53  27  58  50  51  77  4  51  43  45  67  51  93  38  98  56  69  20  35  15  100  47  44  96  10  15  41  49  75  36  67  5  46  48  67  12  38  22  96  55  33  95  15  25  82  88  22  68  9  80  6  46  52  47  28  6  83  61  35  37  78  64  84  17  43  72  47  68  0  38  52  99  18  41  53  83  39  80  50  76  74  37  81  76  84  91  8  91  5  22  73  25  87  33  14  41  5  18  40  
92  87  59  51  10  60  43  36  37  61  49  48  34  49  63  55  93  22  95  44  98  84  2  80  1  22  77  47  17  29  87  48  37  88  68  24  56  39  20  89  51  84  0  17  42  68  69  31  18  20  90  6  34  0  70  100  8  89  90  59  81  30  95  1  9  62  66  88  15  77  10  43  17  98  69  2  92  82  56  97  31  17  24  73  14  53  58  73  4  38  31  71  3  51  84  3  9  33  52  20  82  6  40  74  14  41  11  86  53  3  80  31  68  73  75  90  5  20  
27  9  8  67  30  38  90  81  10  73  53  38  82  53  100  77  4  44  82  32  72  47  57  92  37  65  93  88  97  25  63  49  84  74  58  40  51  45  88  82  2  30  66  43  51  71  97  95  30  29  94  54  7  73  34  78  61  60  97  89  70  42  14  93  99  100  62  7  91  63  88  71  19  94  8  72  42  46  25  93  12  76  94  43  13  9  48  74  45  30  57  78  65  61  72  82  31  37  24  8  48  80  94  56  54  76  66  66  93  44  2  87  64  0  90  33  54  32  
