47  55  17  12  97  86  27  70  11  60  22  38  9  27  42  93  4  87  40  82  47  43  70  80  69  95  96  88  58  95  63  13  44  96  60  5  35  49  23  30  53  11  74  47  89  56  99  21  8  34  56  20  7  43  78  16  31  4  22  4  48  44  99  92  37  30  35  59  36  13  29  51  79  52  83  5  64  13  72  47  32  55  8  36  18  17  63  5  56  41  83  96  83  14  27  17  5  93  19  69  25  7  86  26  87  31  47  17  44  69  79  53  10  25  72  99  43  13  
38  52  81  15  12  74  60  75  26  28  50  14  73  97  41  16  98  96  73  57  99  47  39  11  98  87  69  22  20  54  29  63  24  83  65  30  16  26  43  48  15  63  57  78  88  33  39  38  94  93  86  65  10  89  66  24  98  67  16  24  40  72  25  42  10  72  89  6  35  23  53  34  83  11  71  61  12  99  0  18  84  10  20  23  57  7  90  35  55  55  16  73  43  66  23  16  50  7  12  82  63  29  90  85  95  24  2  60  0  95  58  87  10  79  78  2  32  22  
32  93  67  1  21  73  96  18  36  58  18  36  6  74  61  31  7  1  91  64  61  83  38  69  47  75  21  94  21  9  25  20  48  86  51  78  91  1  67  33  40  87  12  97  0  30  11  78  44  66  10  22  68  20  88  87  11  76  84  62  75  61  22  28  63  61  74  8  11  49  9  43  98  89  40  0  27  54  53  84  8  61  22  85  62  73  80  66  53  30  27  93  83  14  98  98  6  98  82  5  61  69  31  17  92  24  100  75  58  97  83  7  71  0  38  97  22  0  
35  91  75  94  0  72  2  18  76  69  62  8  66  99  91  15  82  59  78  69  34  8  49  31  16  19  36  71  91  38  91  100  48  71  97  99  85  88  13  83  99  96  73  90  57  69  64  12  70  34  54  89  11  0  26  30  71  26  65  83  11  38  68  51  82  75  21  31  6  7  22  77  63  13  96  65  48  70  94  69  10  51  52  47  43  70  47  55  64  61  100  33  90  8  17  57  54  6  4  68  63  1  85  73  69  67  95  15  57  63  12  5  54  96  21  78  30  65  
80  40  72  59  60  3  1  3  9  33  15  48  26  83  79  58  100  22  38  34  44  35  98  43  90  22  28  62  18  48  49  54  91  62  56  53  85  9  52  40  86  16  98  37  30  92  8  8  49  31  46  12  14  54  63  33  1  99  61  58  69  27  90  92  83  69  58  42  85  82  72  23  31  99  78  43  11  76  71  40  28  100  94  99  66  65  69  33  56  3  76  9  6  80  13  80  34  59  78  32  74  9  63  100  12  2  24  8  8  79  100  97  68  38  92  26  90  21  
62  77  88  91  49  21  53  26  56  38  4  92  97  46  62  4  22  26  27  44  22  66  46  97  79  16  3  46  100  80  48  53  53  79  28  23  31  16  64  84  39  66  86  56  6  21  28  85  79  88  91  45  21  62  40  23  51  16  61  76  84  99  17  46  28  82  7  13  80  15  6  37  4  30  29  53  76  61  65  39  3  84  25  32  47  39  15  43  7  41  100  71  98  37  18  96  3  77  86  49  65  78  6  57  65  84  57  10  98  43  78  86  3  82  21  77  3  100  
84  43  58  47  60  94  13  65  10  79  23  26  88  62  13  77  10  27  88  66  40  97  9  20  5  32  45  3  84  71  39  88  41  0  96  94  85  48  14  12  26  71  33  95  14  41  95  40  69  99  15  2  95  77  69  82  83  18  73  77  64  62  77  2  21  90  11  81  27  27  91  13  63  100  2  52  71  59  96  15  14  31  70  30  4  51  42  17  51  43  52  25  21  82  29  66  87  24  33  52  38  82  85  32  18  59  41  91  90  69  45  100  2  59  71  29  92  33  
90  37  39  86  44  82  89  55  89  36  31  86  69  8  13  26  10  96  23  28  88  17  79  13  49  4  78  56  65  45  56  26  12  46  40  55  64  65  3  97  13  86  65  54  15  91  74  30  58  64  38  24  0  54  87  90  5  10  34  99  83  59  44  5  67  82  50  48  20  23  22  12  23  54  100  82  7  35  40  15  47  71  11  10  45  99  64  98  94  86  31  90  46  99  61  55  13  20  0  27  92  10  100  69  54  23  69  89  12  37  59  77  48  44  52  15  31  60  
63  94  90  4  25  41  73  32  61  64  12  47  37  98  26  44  81  27  84  70  48  22  36  76  58  67  83  70  49  94  30  22  87  94  81  95  24  18  96  98  13  98  17  52  98  6  56  32  8  75  52  8  45  15  100  41  38  55  94  25  76  56  84  31  53  16  92  42  62  77  79  34  77  41  97  26  96  30  5  77  73  53  68  72  77  76  37  52  53  7  98  28  33  48  24  55  12  6  62  37  15  77  4  87  87  82  59  40  5  48  81  38  54  34  9  69  29  31  
28  37  83  64  89  54  21  26  61  95  1  35  60  23  69  63  1  7  45  71  11  10  43  11  69  51  91  100  95  89  94  58  42  36  18  48  29  1  74  50  66  49  30  70  92  79  12  6  50  70  64  54  44  8  32  28  62  32  37  94  21  79  30  94  74  98  99  93  5  78  51  87  79  62  22  93  91  97  74  4  69  27  69  21  7  81  9  44  40  22  85  75  11  4  51  68  24  92  68  11  100  79  91  55  52  31  33  3  53  8  78  11  88  4  7  43  40  86  
51  13  95  20  78  82  97  33  40  70  76  95  62  22  82  98  1  79  94  17  12  28  86  65  2  61  34  79  17  42  24  22  25  25  29  3  5  25  99  43  0  35  37  10  91  43  56  70  33  78  46  27  65  44  31  22  61  2  49  42  46  17  7  65  2  15  28  58  83  79  82  47  69  91  46  38  2  85  7  3  69  59  93  60  96  26  93  43  50  95  63  71  84  65  15  75  32  45  8  96  42  13  5  88  98  50  45  29  3  47  33  64  11  13  67  91  77  86  
14  98  79  37  65  42  50  21  75  0  7  26  33  0  73  86  8  42  23  73  27  16  51  15  70  18  33  57  73  19  14  72  28  64  22  52  2  47  43  74  2  24  60  27  82  76  29  72  78  41  29  73  97  72  23  21  1  25  33  5  20  53  33  54  29  36  89  97  80  61  42  97  41  31  8  27  88  71  16  71  74  80  78  52  56  1  53  16  50  24  89  79  70  93  54  79  17  19  53  21  60  26  28  50  75  72  80  7  83  59  69  74  85  77  94  18  14  8  
62  71  93  88  33  9  27  23  5  47  63  27  88  76  36  74  80  26  80  81  99  96  75  4  0  7  76  72  56  11  84  91  98  14  30  52  79  20  20  53  22  32  28  13  28  55  49  56  64  81  93  53  77  54  54  11  31  8  81  88  90  46  43  10  58  7  17  86  41  34  35  23  87  93  4  61  55  60  16  55  0  72  30  33  24  40  45  37  44  57  61  49  6  22  45  12  16  17  52  4  31  68  75  68  21  26  65  53  69  71  86  30  66  21  71  71  30  60  
99  24  35  37  20  11  25  81  67  13  65  51  3  98  34  60  53  96  80  68  14  11  59  73  9  45  14  14  91  80  82  1  65  69  7  79  17  33  66  34  52  2  51  93  0  1  61  42  53  53  88  50  64  93  8  12  79  44  64  41  7  65  34  38  81  23  66  79  63  43  25  85  99  12  89  29  72  49  8  26  2  92  11  43  70  57  38  84  39  79  93  71  30  81  86  90  16  96  75  19  56  7  36  79  56  40  53  7  71  97  80  9  95  71  99  50  51  88  
12  69  63  65  6  22  35  15  74  99  10  20  59  29  91  65  31  53  77  62  37  78  97  93  76  77  98  70  57  40  44  55  1  63  97  40  73  68  13  90  97  79  86  53  98  91  3  100  85  8  16  40  23  18  87  16  71  19  99  4  53  72  85  55  35  29  12  46  57  65  62  26  71  31  92  69  94  83  89  27  32  5  100  55  38  75  6  41  88  93  99  96  55  35  46  10  53  21  2  28  15  24  61  10  12  93  99  41  59  71  67  47  75  76  79  95  57  82  
39  79  22  54  88  75  10  12  59  54  8  58  82  94  10  27  5  17  5  50  89  83  93  69  45  22  44  85  14  47  77  76  84  49  13  38  56  23  46  42  57  36  68  35  31  78  48  80  24  26  59  3  17  59  75  89  98  33  55  49  22  36  73  25  100  39  88  36  81  12  14  99  4  32  85  9  91  29  64  100  88  26  30  71  43  17  70  66  89  38  19  50  12  47  21  95  65  61  56  3  98  75  74  72  24  98  58  61  79  69  73  76  24  100  12  43  15  16  
69  43  66  81  77  27  24  71  95  94  56  84  94  71  76  51  20  58  88  39  59  1  42  37  60  70  70  31  88  89  57  27  68  85  46  6  13  62  59  49  36  1  16  96  0  51  26  64  7  64  100  2  16  61  100  12  68  18  97  5  78  41  21  66  49  65  18  80  29  49  69  40  55  89  3  81  79  38  28  46  31  70  72  71  9  87  28  24  7  65  68  47  38  11  13  59  95  61  95  62  100  27  99  46  63  21  73  58  77  13  66  69  47  42  4  40  5  52  
3  65  2  66  79  6  33  2  21  82  26  87  16  8  68  51  47  97  56  14  80  53  71  82  89  28  36  33  66  53  61  92  30  3  20  47  5  23  14  43  40  77  74  52  91  22  67  68  84  58  11  58  81  19  69  54  71  86  38  12  4  65  76  54  75  94  54  98  94  72  82  90  14  72  53  8  66  21  17  95  39  94  98  88  67  17  21  75  71  67  61  58  63  62  16  1  72  73  1  33  67  9  40  66  65  98  62  33  78  98  90  80  57  30  53  51  36  13  
34  43  72  8  0  95  24  15  23  1  43  58  18  27  9  10  25  15  4  87  20  36  91  88  47  67  96  78  29  72  11  32  52  88  6  14  53  16  46  7  27  94  0  77  84  46  25  8  36  88  26  34  79  44  80  98  60  38  100  53  41  93  83  90  34  0  61  92  97  23  66  24  45  11  12  12  20  94  44  69  24  75  9  28  30  27  73  95  58  32  72  20  24  54  57  76  58  59  27  4  6  83  1  96  64  20  66  58  57  11  87  22  81  25  92  59  34  7  
26  80  9  30  49  35  71  1  98  85  88  23  50  95  6  57  93  78  88  51  80  14  65  64  17  63  90  5  17  34  66  54  88  27  75  78  33  92  80  49  58  99  55  76  17  68  58  45  99  17  91  19  98  39  29  71  3  27  5  23  16  42  46  77  38  10  22  92  71  20  87  0  23  71  5  19  80  94  80  50  96  31  52  31  21  73  10  25  43  44  11  16  65  20  89  68  43  77  17  20  49  42  2  57  23  0  90  16  94  77  86  50  94  72  89  31  47  18  
2  39  43  50  62  3  58  30  21  19  45  47  8  91  63  33  41  0  90  90  16  91  76  12  69  75  95  51  43  43  42  57  65  71  64  54  96  54  77  93  74  93  45  28  56  78  5  82  58  57  61  27  57  82  60  76  74  49  75  24  36  11  47  30  58  21  14  56  66  3  98  97  77  66  31  93  80  29  3  49  6  54  27  25  90  35  34  11  99  33  50  98  66  72  50  99  4  66  81  57  38  4  44  7  60  18  46  23  5  96  71  33  70  34  51  25  64  6  
15  46  51  33  30  96  51  97  96  17  27  82  26  12  88  52  94  34  49  53  10  78  20  10  62  36  50  13  27  47  94  3  31  26  40  86  63  56  97  84  88  39  71  5  64  84  87  52  22  87  28  3  87  54  82  44  4  27  68  96  47  66  67  78  39  82  87  7  87  2  2  54  3  76  61  62  22  79  45  4  44  86  25  73  52  67  47  35  80  72  87  52  44  72  84  53  24  44  69  83  31  31  61  26  66  8  90  13  10  57  47  93  42  33  25  26  61  63  
77  17  15  9  89  52  37  11  84  84  11  35  14  46  27  92  4  75  84  95  20  54  93  18  30  88  73  64  99  12  11  10  44  12  86  54  72  29  34  99  73  37  33  9  14  89  98  3  17  76  38  39  56  43  61  31  56  81  92  84  27  10  91  11  45  46  88  6  31  22  66  17  89  73  78  61  14  57  41  30  99  27  100  48  17  46  11  22  58  16  45  9  33  25  20  26  88  71  1  86  35  77  63  55  15  55  37  72  33  77  82  3  76  10  41  74  15  69  
74  12  16  74  75  97  57  31  57  59  84  12  39  83  29  29  72  82  57  84  44  63  69  52  84  99  1  15  50  92  42  23  73  9  10  99  35  62  43  29  45  95  27  55  75  64  29  86  50  25  97  78  63  70  56  32  57  38  21  45  56  76  14  41  67  78  48  0  99  21  33  85  35  64  71  23  45  3  43  22  16  88  77  81  23  36  64  64  40  17  32  94  66  64  42  65  34  71  42  36  42  23  58  72  76  92  92  12  97  58  77  21  78  2  39  60  56  37  
85  4  4  25  69  0  78  18  23  30  91  49  41  84  63  99  63  32  42  62  6  37  33  35  4  81  37  49  83  65  49  27  51  50  3  90  41  39  18  14  69  86  64  28  51  80  92  20  96  22  54  22  36  18  27  19  19  79  45  50  3  95  45  57  83  5  11  60  9  12  72  54  57  99  85  55  92  38  69  53  86  66  90  92  82  90  63  15  44  10  14  41  64  40  57  77  100  90  28  70  13  11  88  61  21  78  46  82  80  50  93  90  74  62  97  23  99  96  
28  41  39  88  77  68  35  14  12  92  59  43  52  77  77  51  84  21  38  95  89  57  66  38  62  60  37  54  15  18  36  54  43  97  69  8  52  49  13  88  18  67  81  1  84  73  44  80  73  60  55  9  63  1  18  21  87  31  28  81  60  61  20  88  31  37  78  1  97  6  28  74  35  87  4  69  2  86  54  54  71  64  61  69  77  39  51  18  33  68  9  35  42  50  48  99  90  22  0  82  92  12  42  55  75  18  30  47  38  85  55  29  48  96  59  97  3  74  
94  80  66  64  72  30  51  58  85  74  77  91  45  13  62  14  90  29  35  26  9  48  15  30  63  48  0  45  21  0  54  49  58  28  89  50  24  16  62  81  67  43  15  96  2  68  55  83  75  100  56  28  36  86  48  53  83  66  28  57  60  91  85  62  90  8  45  98  51  27  74  25  44  2  86  95  33  9  22  35  44  65  28  89  47  96  36  42  26  97  52  58  12  76  14  16  75  60  41  11  98  21  46  1  3  23  60  68  85  98  90  21  41  89  42  48  45  77  
15  48  62  22  10  40  41  23  73  64  79  30  0  54  28  22  53  59  38  64  36  41  34  25  22  68  43  38  32  66  18  37  65  17  82  35  66  56  97  44  68  3  62  90  17  32  55  23  45  57  12  37  36  34  36  84  22  26  13  81  83  95  50  3  96  31  19  44  21  2  73  46  29  24  3  78  37  20  9  49  8  70  57  18  86  42  53  99  54  0  5  83  86  22  20  49  70  36  24  65  95  70  49  40  70  46  82  90  97  69  74  28  60  26  30  39  13  75  
82  15  32  47  33  61  74  99  9  15  73  17  93  8  71  91  20  63  15  74  58  77  55  28  18  39  0  78  85  17  22  86  55  0  95  0  56  66  61  60  64  22  80  98  5  93  4  18  71  45  24  92  86  49  18  67  99  57  34  5  28  84  99  60  49  49  100  18  61  53  28  62  35  1  88  91  65  83  62  29  56  77  21  89  64  86  45  22  43  47  65  87  99  7  15  43  37  69  66  91  64  44  56  15  95  47  64  88  91  76  15  41  7  56  63  46  1  94  
87  33  59  27  38  31  41  81  58  35  75  83  100  3  98  91  50  40  79  36  82  31  78  81  22  40  76  18  97  26  50  42  88  32  58  11  44  18  14  58  41  97  69  62  47  17  69  60  1  68  97  31  39  71  61  22  34  43  46  58  5  6  9  96  43  96  93  52  97  44  39  70  17  58  73  95  98  7  16  20  37  1  41  30  96  56  33  14  53  3  31  21  35  96  31  24  83  71  78  90  72  34  64  55  58  70  47  61  70  31  28  66  69  44  53  95  53  23  
61  45  44  63  6  59  57  75  87  58  61  40  9  11  53  14  13  43  51  0  41  88  9  4  22  91  96  55  85  82  19  40  51  64  94  38  17  44  55  78  9  64  44  26  58  94  95  27  29  31  50  87  54  38  14  98  36  87  28  92  91  75  73  11  13  74  47  78  18  86  47  93  72  47  4  62  49  35  37  33  54  36  37  16  66  13  38  44  24  86  78  72  61  62  46  81  20  68  40  62  62  75  0  7  43  19  29  3  6  46  15  57  50  94  99  83  22  72  
34  37  77  16  4  86  21  95  32  47  88  10  70  39  63  50  33  32  91  49  59  48  96  44  87  86  28  10  24  14  99  51  32  71  20  57  87  54  0  26  59  12  90  76  45  33  13  50  8  47  97  72  73  86  6  69  72  62  36  61  95  52  69  83  99  36  87  100  52  90  7  36  46  18  27  76  24  29  9  36  75  68  2  15  58  5  10  61  97  30  81  41  85  79  88  87  90  20  52  76  56  88  88  52  67  83  27  17  69  70  19  28  63  80  18  45  6  47  
1  44  45  63  47  35  43  60  14  13  49  52  42  91  54  6  7  17  18  52  26  94  33  65  1  51  66  41  13  100  100  91  27  54  68  9  60  46  4  92  92  90  26  3  26  56  8  59  80  87  74  70  12  21  93  68  51  63  6  35  89  74  84  25  18  67  55  83  21  91  65  78  4  8  85  52  38  26  80  89  1  35  83  53  68  8  13  61  84  32  66  50  65  3  56  62  33  74  61  20  5  34  45  32  20  15  44  17  45  51  2  33  23  22  46  46  33  53  
77  54  53  58  47  47  61  70  10  36  2  22  22  8  72  18  79  3  35  14  89  70  49  40  32  1  38  67  7  14  50  41  8  71  66  10  68  81  51  2  59  92  39  91  63  67  9  9  58  87  36  16  76  78  92  32  75  59  31  62  66  11  33  51  22  27  71  18  30  86  71  71  65  86  25  53  74  37  58  76  79  82  72  64  97  60  29  23  18  17  99  36  8  13  79  56  56  88  90  84  95  76  97  30  10  21  29  84  64  21  31  94  78  45  33  99  56  2  
99  99  43  8  33  21  44  31  13  91  76  62  15  68  92  31  26  53  0  14  17  37  0  89  40  67  60  8  78  72  22  31  51  73  93  77  88  56  94  2  73  36  99  86  0  23  24  49  73  82  56  82  44  41  71  69  52  52  23  63  27  13  89  68  0  24  44  26  88  97  5  16  87  66  53  90  94  38  17  18  18  79  89  50  65  98  75  37  15  19  16  55  89  24  62  54  25  96  88  90  17  51  21  40  27  70  16  13  39  5  18  31  62  57  64  65  56  45  
65  57  60  99  78  17  29  23  12  8  18  45  92  89  16  16  61  55  7  40  45  10  39  17  37  42  48  16  29  65  32  73  39  74  77  73  0  44  40  37  77  46  67  48  75  94  28  6  68  24  57  13  89  24  63  66  47  72  0  40  20  76  37  69  37  86  45  66  59  34  42  52  44  86  49  60  89  37  88  52  19  90  95  88  55  78  57  71  65  27  46  32  81  17  52  44  51  78  77  22  21  36  20  34  77  30  94  62  96  38  96  19  63  89  95  41  70  30  
73  88  0  12  54  22  53  79  83  76  69  53  38  74  2  85  76  27  82  42  74  75  0  70  56  21  54  56  44  12  38  69  85  15  11  36  36  46  67  0  8  73  18  44  29  36  60  27  48  83  98  90  79  23  62  69  64  80  11  46  66  74  22  58  65  44  91  39  78  83  74  60  29  98  57  79  61  77  40  34  51  20  74  84  11  49  29  38  6  21  44  72  10  23  98  68  2  33  75  40  93  62  59  48  32  86  34  85  39  53  37  33  79  48  95  28  76  37  
32  20  87  3  47  55  21  16  63  99  99  67  27  57  34  64  37  44  34  57  9  14  92  41  43  77  93  60  44  19  48  27  89  91  53  43  12  70  92  94  71  88  84  90  6  19  55  77  55  28  84  45  85  55  7  49  91  4  33  19  42  25  10  74  73  67  24  85  56  58  33  29  86  43  64  96  18  43  76  20  23  95  33  92  34  3  58  79  81  6  1  92  66  30  99  45  4  13  89  79  26  56  91  78  98  7  6  25  96  41  32  78  11  78  23  26  33  90  
15  24  37  40  28  80  75  45  78  39  94  59  93  38  72  57  99  28  22  96  76  50  62  45  10  25  3  28  30  61  67  32  76  46  95  5  90  62  73  14  27  35  3  94  16  80  7  92  74  69  28  96  63  72  7  64  48  20  7  88  77  99  27  33  34  89  41  16  60  9  41  29  46  1  21  18  0  79  75  85  49  13  83  96  18  26  1  67  100  25  72  52  71  17  53  45  17  43  36  40  49  26  63  89  6  61  81  34  10  54  100  89  72  91  58  87  7  80  
49  28  80  13  11  68  59  9  72  47  50  3  94  85  16  10  87  32  52  26  90  80  97  93  81  29  67  71  1  7  46  63  42  80  46  16  69  44  37  52  40  83  72  29  65  48  43  30  23  35  88  2  40  90  54  0  76  44  3  13  16  11  34  67  11  48  96  98  43  17  1  22  49  21  95  29  49  54  36  1  26  6  25  79  17  81  96  99  0  88  67  17  100  71  57  37  38  28  61  42  32  83  50  24  91  44  49  92  67  18  77  78  46  68  30  24  2  59  
53  68  58  52  41  78  100  17  87  99  47  29  100  81  79  38  44  18  37  9  43  81  79  76  23  62  41  89  96  5  18  26  56  67  84  2  35  89  61  49  53  75  88  3  69  55  51  92  54  70  12  11  24  37  54  25  93  0  98  42  65  62  15  85  32  45  22  25  99  67  37  82  33  70  99  33  44  67  72  41  6  91  15  82  90  87  61  63  51  19  98  4  94  22  91  69  23  93  12  51  90  88  97  17  73  19  69  15  86  68  16  47  97  66  86  4  32  70  
13  9  58  97  70  63  47  51  9  64  43  33  22  99  89  81  30  29  23  30  85  66  16  57  41  40  35  6  18  18  92  19  69  27  23  84  59  41  43  18  37  86  81  33  15  53  52  46  21  60  43  49  10  28  95  1  59  6  58  75  6  38  30  88  76  3  28  71  78  11  51  74  73  92  9  67  75  98  81  81  13  32  51  79  100  11  4  75  6  26  76  70  57  36  9  46  73  100  67  91  54  34  1  39  58  27  54  34  19  1  64  0  36  78  89  39  25  80  
51  83  79  9  63  57  18  83  31  18  13  4  50  37  59  70  66  30  65  53  89  33  13  31  36  3  91  65  39  42  41  9  81  23  84  38  25  85  71  97  87  1  98  73  89  3  23  73  55  33  83  66  94  45  2  89  37  23  92  21  35  12  70  97  65  91  55  59  98  97  58  13  88  46  15  16  0  24  30  62  24  10  88  52  39  33  100  77  47  18  36  25  85  68  4  82  95  46  5  37  97  37  10  71  81  77  2  61  19  95  63  33  13  13  75  76  10  32  
65  13  32  84  54  87  22  16  44  40  95  71  29  9  51  33  67  10  26  19  27  66  99  25  26  72  61  91  96  55  59  49  86  35  73  19  69  15  94  46  5  85  52  85  54  90  73  38  66  98  55  86  100  29  51  66  32  5  94  35  83  74  25  19  97  44  76  19  43  61  23  16  66  5  76  60  78  72  36  99  76  46  33  29  88  96  25  82  73  82  2  37  45  84  34  59  94  9  50  68  67  3  92  81  100  62  98  13  76  73  94  100  6  45  75  39  71  12  
29  67  94  62  93  85  0  42  59  90  57  24  1  55  49  32  71  13  84  82  64  72  45  86  17  70  23  45  16  87  0  73  79  15  38  46  76  15  71  52  65  33  82  10  32  0  30  23  19  85  9  18  76  82  68  57  97  57  70  64  88  70  38  56  98  31  9  71  11  82  26  93  57  82  12  82  0  88  72  11  76  62  50  66  29  22  41  52  34  82  92  68  40  0  34  35  69  8  77  72  82  1  68  76  72  15  79  69  6  53  90  93  40  69  88  12  65  46  
29  99  34  36  41  98  25  97  56  66  43  74  64  74  2  67  52  65  14  80  88  35  50  47  87  5  72  41  36  66  85  82  43  32  43  20  56  98  64  50  44  83  91  94  62  69  83  30  75  17  31  87  84  81  51  9  22  1  5  68  83  69  33  13  4  51  57  49  29  45  75  100  35  53  66  28  25  54  48  39  81  9  54  69  27  47  65  25  3  66  0  83  64  14  22  89  69  30  28  84  15  29  42  24  58  41  83  47  72  28  19  10  53  98  40  88  16  73  
8  82  83  57  2  30  89  33  97  12  64  14  31  15  35  31  70  100  4  92  82  47  74  33  67  67  72  100  10  32  65  55  23  24  28  40  76  25  89  76  28  31  6  19  82  78  39  18  83  82  34  32  76  9  72  71  21  74  67  96  35  96  36  0  19  0  39  35  40  85  17  83  15  24  59  46  45  24  6  41  66  81  10  81  75  12  92  24  60  14  73  58  70  32  34  56  48  41  86  44  49  46  53  65  100  90  13  55  96  68  76  39  43  17  100  29  83  96  
1  16  95  22  96  25  51  34  81  87  28  62  31  12  94  57  72  4  69  39  46  1  2  20  55  100  85  34  47  7  19  87  49  85  100  5  51  62  30  87  73  86  11  82  15  1  36  26  47  16  81  69  36  79  25  3  55  66  26  15  64  76  79  16  62  75  54  56  80  78  19  60  21  79  4  50  2  34  80  80  20  72  76  17  58  7  46  35  68  22  69  42  2  56  19  58  46  23  39  61  58  91  75  89  84  95  73  33  67  59  72  47  63  84  95  71  86  66  
70  24  27  71  6  3  27  81  27  81  15  91  88  99  96  27  69  41  97  1  69  3  35  73  99  29  76  100  10  82  58  98  35  87  59  28  97  87  26  89  45  4  19  70  37  26  67  63  19  84  56  40  33  60  27  95  41  74  4  35  46  27  22  21  8  51  32  23  89  3  32  82  98  47  23  100  56  62  81  22  3  7  45  8  41  89  33  73  18  99  16  2  53  24  88  48  17  8  74  68  82  46  97  98  97  5  10  5  40  35  23  92  70  85  62  61  47  84  
39  95  96  58  49  78  57  23  67  94  74  94  60  2  57  93  99  49  31  15  73  51  12  20  24  79  66  58  93  93  22  48  95  59  48  3  19  34  97  69  39  28  87  61  79  30  29  55  44  37  44  48  44  39  90  24  99  44  5  6  51  44  72  34  10  76  19  6  69  19  3  83  54  13  40  50  32  90  9  32  77  37  20  17  87  45  19  65  34  72  21  61  51  21  39  60  15  97  38  16  54  81  40  7  43  58  50  43  83  47  72  95  60  21  63  38  6  36  
92  66  16  10  51  58  51  30  66  2  50  62  79  54  29  32  63  64  3  51  21  35  19  74  23  31  38  18  68  4  17  76  3  22  10  72  55  63  88  54  20  87  9  43  1  19  24  91  7  14  62  8  88  30  85  75  6  96  52  81  59  3  50  55  82  39  49  34  52  3  47  64  24  42  56  4  94  29  94  70  9  19  63  72  29  17  94  56  6  62  26  90  36  72  62  34  25  65  22  84  54  48  66  96  55  70  22  78  100  7  63  56  33  48  58  41  25  59  
48  1  65  28  35  61  41  39  66  68  95  57  37  84  2  39  90  82  99  72  44  33  58  12  89  61  28  27  87  77  0  92  64  28  45  5  73  17  91  69  81  21  76  71  28  97  41  93  8  7  25  27  62  44  5  25  27  65  81  26  81  16  40  70  55  98  68  24  24  46  75  78  55  3  13  40  23  66  57  48  46  18  35  46  32  64  63  97  58  26  35  67  34  95  41  46  27  97  35  28  13  6  62  98  42  65  8  34  73  54  88  24  65  67  33  46  11  46  
59  72  41  6  62  73  35  28  45  16  37  16  93  33  94  99  15  28  21  100  63  77  91  93  2  91  0  95  39  14  54  16  82  59  18  47  99  23  8  34  56  78  59  23  40  75  42  13  79  53  30  96  88  24  59  69  43  0  12  18  18  24  79  12  38  17  91  72  96  87  66  16  25  2  43  22  14  5  50  31  49  93  79  23  77  57  24  74  18  22  24  67  8  80  15  69  59  86  10  17  75  60  62  46  6  34  86  53  26  97  12  46  74  36  49  31  19  97  
75  2  58  72  62  30  28  12  99  49  99  27  69  17  5  37  79  65  85  86  95  93  44  18  55  95  92  50  57  0  70  71  58  52  68  43  2  83  13  79  25  19  18  96  36  68  79  34  91  96  93  83  15  67  22  61  76  97  83  15  88  9  61  57  45  26  5  16  13  62  5  95  72  39  81  73  7  5  90  73  48  59  27  55  39  32  61  21  35  96  47  29  96  73  64  34  40  50  39  4  69  19  3  77  97  84  36  24  98  45  33  98  53  62  47  99  69  21  
80  25  66  12  20  69  5  30  96  37  43  95  60  35  83  59  45  93  59  99  58  23  64  55  63  78  83  59  28  18  68  49  40  47  97  70  58  36  47  98  55  7  66  94  75  89  29  0  85  80  7  100  13  92  13  34  33  70  30  0  51  5  96  66  72  39  41  40  90  26  47  18  77  73  8  50  40  56  13  22  78  58  82  82  96  15  62  90  16  93  80  5  97  62  38  67  86  65  56  18  79  48  76  76  0  73  88  43  10  56  36  35  96  57  31  82  85  86  
95  51  100  29  1  53  63  45  0  52  14  13  98  2  40  52  74  41  46  42  31  62  59  60  93  93  28  21  4  68  60  59  69  10  57  10  26  43  39  65  100  2  6  48  98  25  65  100  78  98  7  43  67  53  10  50  58  51  51  19  76  27  77  45  41  30  62  75  77  4  70  57  72  65  70  31  99  87  24  7  12  36  91  65  83  34  37  22  31  36  90  19  12  75  1  24  45  13  20  84  35  55  46  79  27  55  8  81  61  73  19  31  46  38  22  40  0  1  
47  14  29  23  14  51  72  38  43  48  63  78  81  99  93  41  0  68  25  8  50  88  71  87  49  79  92  92  17  47  82  50  12  80  100  77  19  54  38  80  45  89  68  86  42  14  88  45  42  75  54  19  12  96  73  15  34  97  42  23  43  46  16  16  40  25  59  47  15  9  6  99  18  50  95  78  63  20  55  16  62  34  90  21  48  60  4  91  90  99  85  68  3  69  4  93  8  8  11  95  98  48  62  50  17  90  74  21  85  55  69  53  2  76  96  66  91  9  
36  43  13  23  6  94  89  95  60  59  60  81  17  1  0  77  13  89  86  89  69  45  42  28  77  11  82  14  31  8  83  66  44  96  84  81  6  68  69  99  16  22  91  23  29  24  45  58  94  84  2  55  87  50  96  23  51  3  4  80  33  40  42  32  76  82  26  44  43  4  61  1  29  88  21  77  59  81  70  33  94  97  1  66  51  40  98  20  38  25  23  94  31  17  95  83  45  95  5  74  100  64  6  83  23  13  86  6  54  51  85  28  42  30  6  83  12  98  
47  51  42  68  25  93  20  29  84  78  30  34  48  59  94  15  40  46  74  14  9  61  38  82  47  72  89  85  73  62  53  87  54  19  10  85  7  84  10  17  50  24  44  60  41  56  56  46  73  98  85  89  65  70  12  95  65  21  37  63  74  49  91  29  61  20  52  13  94  19  97  27  72  31  72  64  30  83  71  24  84  17  96  78  4  58  75  52  84  83  66  64  42  9  50  13  67  35  97  30  64  80  95  33  76  85  93  21  95  37  48  59  44  84  68  57  62  11  
34  52  40  91  3  88  98  3  44  90  60  55  78  57  73  59  32  27  62  89  86  35  57  5  73  46  38  78  44  71  52  58  72  85  41  20  15  16  44  33  40  90  97  30  64  22  14  8  11  60  57  78  26  6  50  78  3  93  48  79  11  32  24  18  72  80  66  21  52  35  28  66  34  12  13  37  50  29  4  6  60  84  29  5  85  67  91  6  62  46  37  97  1  36  16  27  99  40  46  54  54  90  81  78  50  55  78  54  38  63  31  72  44  86  58  63  84  0  
51  99  34  78  14  30  27  5  35  81  41  31  96  50  13  71  49  93  20  23  14  76  56  68  57  70  17  52  16  55  97  42  97  48  10  66  83  73  81  19  54  96  74  78  88  7  85  16  32  37  38  95  4  29  3  42  79  64  5  75  2  87  92  35  57  53  89  25  11  76  92  5  31  82  44  70  64  36  41  69  61  8  20  7  5  57  38  93  30  10  17  10  92  53  84  77  77  96  74  59  71  61  46  57  47  73  47  71  80  37  59  83  73  61  42  44  52  6  
95  54  94  51  99  14  1  93  52  33  78  7  0  73  16  95  57  70  66  50  22  16  48  13  49  32  84  96  89  36  15  25  51  83  71  14  38  44  50  34  15  60  53  62  69  56  25  16  79  55  93  54  60  55  47  61  78  58  97  78  76  79  65  22  70  4  93  78  30  19  63  91  12  89  47  71  71  19  58  50  28  78  12  12  36  30  38  29  34  75  39  11  3  52  99  30  76  67  90  96  30  51  53  89  0  0  14  5  98  1  66  31  100  23  45  58  80  98  
24  47  90  17  67  56  67  4  89  68  35  76  61  89  38  46  84  91  75  61  30  18  53  18  91  56  83  36  68  58  76  53  8  21  14  63  29  98  39  97  73  40  41  1  55  55  27  29  19  37  10  63  74  40  19  100  19  50  34  66  41  33  13  99  97  42  72  100  54  29  51  72  72  72  64  93  1  25  55  62  20  47  21  73  48  98  41  4  50  1  52  66  65  54  31  83  61  100  83  7  7  87  7  32  22  36  49  29  99  99  39  80  21  14  27  71  45  76  
71  24  69  66  38  83  36  91  15  21  95  62  33  18  20  10  48  40  15  66  69  24  83  34  53  84  38  29  16  80  55  55  78  21  25  56  31  14  43  56  28  89  25  91  74  99  0  31  41  62  19  22  7  73  84  9  84  33  75  16  16  84  61  54  4  2  96  31  61  48  40  84  9  50  48  42  100  6  21  30  83  85  42  9  8  55  44  85  28  46  94  27  11  50  78  41  69  97  49  15  55  14  43  40  33  31  99  96  61  29  76  31  75  14  35  38  27  59  
26  47  40  26  29  53  70  60  100  83  99  74  3  39  11  48  91  3  63  31  46  64  80  34  78  68  21  26  90  62  8  97  50  97  45  14  33  8  44  31  34  1  67  71  59  18  77  31  98  98  59  40  84  52  52  2  29  59  87  98  1  60  78  33  73  79  8  56  22  26  25  25  50  42  47  82  18  12  22  27  23  61  6  71  30  75  29  34  25  70  17  95  65  0  25  53  40  83  55  23  35  14  13  89  65  3  27  94  63  40  48  47  45  7  44  60  19  39  
68  38  37  58  30  95  80  80  22  89  89  5  83  36  78  8  73  87  59  11  42  4  34  6  18  50  72  9  64  50  31  69  31  63  100  23  2  40  98  50  89  54  43  81  12  55  34  44  0  92  3  38  19  68  23  25  31  92  93  47  29  61  28  51  36  61  88  99  27  17  42  68  86  98  45  13  77  12  3  94  51  59  38  7  49  48  6  78  0  51  76  71  49  9  64  38  46  25  1  81  12  10  78  0  40  100  94  80  94  97  16  37  5  69  32  68  23  17  
35  52  38  86  27  91  74  99  93  20  20  79  54  68  77  25  33  14  30  48  56  84  56  86  92  83  29  72  43  39  9  51  64  58  36  52  65  37  71  99  40  52  93  59  9  86  46  31  9  48  59  61  97  93  3  87  46  8  13  25  45  2  94  33  29  55  31  1  3  19  99  92  60  98  75  66  38  48  51  91  22  26  44  50  83  72  46  63  94  63  16  67  76  93  79  3  1  47  13  87  96  2  91  40  51  96  10  64  67  9  79  25  70  47  30  24  81  69  
74  9  79  21  97  37  1  37  96  96  78  52  37  51  58  57  99  32  74  22  59  64  56  53  64  7  16  51  74  96  64  8  45  16  10  51  38  3  77  24  53  70  62  3  80  11  8  37  1  34  6  83  22  91  4  33  84  82  50  79  39  44  25  76  47  46  95  24  79  84  22  84  67  9  94  6  31  50  7  82  66  58  65  20  28  52  48  40  69  36  58  88  13  0  49  51  47  94  92  57  45  96  51  55  93  61  89  56  49  18  44  3  88  0  3  95  23  63  
7  96  43  94  32  65  76  55  82  81  15  44  98  43  68  75  3  68  2  41  11  3  37  21  65  45  30  29  18  14  76  68  39  57  91  56  35  6  25  81  16  3  82  61  100  12  1  39  99  88  90  57  26  37  91  70  35  68  23  13  2  77  72  19  60  6  95  80  100  32  36  69  9  61  94  78  1  80  22  97  64  36  38  48  9  21  5  41  70  71  71  82  46  41  63  43  56  90  7  33  85  8  89  50  63  9  32  6  30  23  12  83  88  32  17  67  56  87  
43  60  25  31  85  70  43  87  46  85  22  35  26  20  73  38  24  29  36  90  75  78  32  75  18  57  39  89  97  100  85  61  59  50  62  47  43  11  32  97  32  35  92  5  87  82  88  10  37  11  43  50  56  8  24  29  7  73  5  51  35  52  13  98  27  90  33  13  80  42  19  27  43  85  95  94  88  95  65  71  86  8  69  65  48  71  11  7  84  88  31  24  47  60  85  94  72  79  73  41  99  86  74  73  43  16  69  50  56  97  86  76  98  28  79  36  87  36  
91  11  86  92  4  43  38  57  15  8  44  99  30  38  23  40  92  56  15  69  51  69  96  65  13  26  26  98  48  22  69  14  95  2  94  91  0  72  51  10  76  62  44  96  12  15  95  64  37  42  8  39  22  55  73  27  41  21  54  40  42  53  2  3  7  78  12  50  23  99  4  81  6  87  53  68  95  26  19  55  48  69  45  29  98  55  37  98  33  37  75  55  73  1  17  57  97  56  95  88  58  85  13  69  72  51  63  51  68  79  92  88  41  34  84  30  15  14  
