64  4  94  84  83  22  74  52  75  5  49  0  94  17  42  56  87  63  33  39  90  100  23  84  90  27  80  71  61  4  52  95  50  53  57  79  11  11  84  81  57  82  11  94  89  56  6  83  47  57  29  51  13  65  37  91  75  27  52  62  53  29  5  9  16  8  90  59  29  52  94  99  11  92  33  11  67  29  59  65  53  82  38  28  13  91  97  48  88  82  98  2  21  55  44  22  38  11  3  42  85  69  32  85  61  72  68  91  13  81  31  59  67  56  40  63  80  39  
27  88  42  64  72  60  0  71  70  58  13  10  1  49  42  89  67  47  69  95  59  46  28  88  19  58  20  53  58  87  21  41  63  71  41  43  88  33  26  58  20  15  55  84  29  17  76  43  24  16  54  19  88  43  11  84  89  93  27  18  15  79  8  10  64  26  25  12  93  57  37  17  82  76  33  26  55  58  34  24  16  29  66  69  1  82  86  83  18  4  89  22  27  45  7  46  88  77  56  68  39  66  33  45  82  45  41  90  97  51  10  88  40  62  44  85  87  44  
69  2  66  61  10  8  13  80  22  64  80  86  28  63  70  18  65  43  8  71  33  65  77  57  7  2  56  74  92  44  53  7  71  17  45  75  77  67  28  42  64  85  44  25  70  49  33  19  71  48  93  51  64  89  34  99  13  56  3  37  45  11  72  70  31  30  64  63  75  99  52  44  73  2  27  65  42  92  26  94  39  19  77  18  50  47  76  19  56  64  54  79  43  67  8  58  9  5  17  61  99  47  85  79  4  61  32  54  33  15  30  30  41  62  22  24  56  70  
66  29  32  23  77  66  59  99  25  10  77  9  10  66  8  50  40  93  1  1  24  86  92  98  38  30  14  71  59  76  26  81  2  12  12  91  65  84  43  6  92  43  31  47  21  54  25  44  58  55  23  71  35  97  62  11  77  45  9  81  72  15  46  19  39  100  78  22  12  88  31  57  63  33  95  68  43  69  100  19  17  25  85  51  14  2  99  0  18  60  32  77  31  69  92  2  31  6  12  0  9  62  26  45  43  50  39  19  33  43  18  38  52  15  56  58  36  83  
90  92  32  84  35  59  27  92  69  56  38  9  32  65  96  34  42  94  5  44  16  75  87  71  25  94  30  79  82  70  11  34  70  71  6  79  45  59  48  45  76  48  46  20  11  75  68  6  29  47  83  31  82  44  8  9  28  72  2  30  13  47  28  79  6  73  27  52  53  22  1  8  37  13  56  0  31  24  85  18  56  87  49  41  41  2  21  55  7  77  26  92  76  77  51  29  85  47  60  83  7  90  95  12  12  69  1  17  29  56  81  21  91  11  12  73  92  59  
71  80  30  51  94  58  56  27  41  86  28  51  45  62  71  68  49  73  92  10  11  85  48  17  25  37  87  49  52  85  80  61  26  9  20  87  25  58  91  53  93  49  3  26  40  62  41  65  88  61  100  97  71  46  83  92  8  64  56  93  81  50  28  51  24  62  86  30  23  60  20  53  81  15  66  54  88  85  64  51  35  100  4  8  53  28  30  15  84  63  9  18  55  10  27  22  61  72  23  34  67  32  75  28  37  26  12  73  54  35  44  52  41  41  94  81  96  12  
35  79  16  30  6  4  93  64  47  52  18  85  44  26  21  79  5  17  6  74  67  58  96  68  59  43  47  93  24  82  44  97  30  68  38  11  43  80  63  11  99  74  88  90  37  64  78  53  94  48  11  19  21  8  31  88  59  38  32  12  51  42  67  3  95  19  3  61  17  58  12  78  15  59  23  91  90  4  44  99  56  87  6  15  57  12  23  54  53  29  16  73  24  59  24  43  70  98  75  0  41  10  38  100  25  76  77  27  31  12  47  1  100  73  7  38  95  84  
100  99  9  29  37  44  34  87  66  2  73  28  16  93  53  36  80  50  33  23  91  97  18  31  39  30  35  38  43  4  44  52  75  32  97  17  15  7  53  58  25  27  20  25  83  51  8  52  48  12  60  54  2  75  55  39  35  3  36  2  84  3  6  12  61  73  37  43  29  27  95  18  44  7  73  20  30  80  75  33  2  92  19  95  89  12  30  39  20  56  10  56  76  8  41  75  81  45  15  19  6  51  65  76  39  51  28  4  83  36  51  23  30  3  94  63  54  69  
97  73  8  31  36  21  24  98  61  61  96  71  36  1  89  56  35  53  24  66  68  9  1  4  9  4  72  18  93  92  72  92  27  44  35  76  41  7  79  69  94  49  50  84  70  61  74  32  54  90  18  12  24  84  25  33  41  14  87  47  26  86  53  7  80  9  23  54  26  91  57  27  36  0  90  5  42  100  84  54  8  78  50  98  47  83  16  4  59  11  85  31  15  41  55  100  68  62  85  67  30  13  32  19  8  91  78  80  8  46  19  28  91  97  52  47  8  68  
52  94  97  77  98  17  25  52  83  64  60  94  19  42  94  98  63  71  82  78  73  20  51  45  43  63  25  65  80  86  27  44  0  23  7  89  91  15  4  51  62  53  52  18  66  73  97  57  60  16  33  56  44  53  94  29  26  14  85  12  59  55  77  18  61  25  41  65  90  81  30  0  8  20  78  16  76  10  77  53  29  89  3  28  21  63  52  31  46  60  16  6  31  83  95  44  98  85  85  17  2  10  32  81  80  99  74  88  17  78  95  62  78  97  43  87  92  23  
42  16  75  33  92  58  9  36  15  15  39  68  18  46  48  0  38  12  73  63  13  13  69  18  87  94  50  13  82  72  19  61  50  8  28  24  76  23  38  22  5  76  20  54  61  32  10  93  11  2  67  41  73  25  18  90  58  9  65  69  17  65  63  37  67  57  79  51  40  13  39  58  94  64  2  49  21  7  73  41  16  61  99  37  56  61  17  96  14  38  74  7  44  55  3  41  97  94  82  100  28  65  66  37  40  93  52  40  96  18  19  79  36  24  57  17  58  6  
84  83  93  76  84  67  49  82  9  89  85  53  5  36  72  88  53  40  54  28  57  24  86  16  97  46  99  16  83  39  68  7  77  94  51  16  23  63  70  32  79  99  43  59  96  30  18  84  85  54  35  38  0  63  94  6  80  35  83  21  24  71  92  77  71  48  78  62  25  99  57  52  55  67  4  59  80  40  35  78  7  18  65  2  53  87  96  26  13  95  98  10  50  71  92  20  2  17  55  63  56  89  54  79  20  66  41  10  54  38  22  59  91  13  38  55  71  63  
41  4  16  30  26  62  88  35  43  29  81  22  67  51  84  42  54  29  32  47  86  35  87  21  54  94  62  52  97  26  55  78  65  80  38  76  62  91  35  20  58  11  57  61  61  45  41  74  13  87  69  61  54  61  60  78  25  39  89  24  47  17  79  43  81  33  20  19  99  13  35  92  41  27  57  27  69  13  46  18  13  67  87  12  61  39  86  3  83  57  8  55  67  64  88  61  80  27  64  80  39  1  22  2  37  38  96  6  61  25  34  65  63  1  24  33  82  68  
25  97  14  100  47  19  56  26  26  87  34  6  32  29  45  75  26  83  38  67  91  24  46  62  38  41  17  100  36  11  18  83  69  69  35  48  86  39  79  47  25  93  30  62  17  46  35  74  10  85  96  53  84  88  55  6  70  42  60  49  35  30  85  33  22  18  24  61  19  88  71  60  30  50  53  20  100  53  47  28  97  67  70  13  87  45  89  41  34  57  22  44  9  61  84  12  32  7  79  16  59  3  75  82  86  0  83  67  69  13  61  79  70  63  6  22  12  30  
39  85  87  63  88  51  7  12  6  70  41  28  85  39  49  50  48  75  29  82  4  8  78  74  34  83  58  39  8  98  27  53  66  52  67  38  79  27  5  35  69  22  65  54  70  27  41  5  73  34  98  28  66  66  24  67  34  91  3  55  51  26  87  9  91  46  56  3  5  67  46  96  57  75  70  67  49  37  27  53  12  84  22  73  36  57  37  4  27  27  4  60  16  12  76  62  23  0  0  32  46  72  55  56  29  30  28  97  33  84  70  73  10  20  98  41  33  86  
8  79  23  57  6  68  97  96  31  26  52  57  19  42  29  31  85  98  77  100  24  81  76  54  61  12  53  21  88  47  58  75  51  86  65  62  70  38  3  50  66  0  86  79  6  79  29  19  9  84  73  13  83  68  35  79  2  8  78  62  94  53  40  83  0  73  61  7  50  47  24  44  93  20  99  75  66  43  68  46  69  93  83  28  26  99  22  83  15  74  58  93  51  10  74  19  1  25  25  61  85  90  71  16  33  39  0  29  50  25  75  87  28  30  44  54  12  55  
6  6  50  50  34  58  21  92  50  81  47  38  9  51  9  9  85  46  79  61  53  28  21  47  43  4  14  60  93  7  78  37  13  88  54  17  15  17  33  21  57  4  19  10  43  71  31  4  76  59  83  6  11  86  25  98  27  47  37  53  58  2  12  44  27  51  15  82  48  12  89  100  82  40  27  70  66  33  89  84  29  3  32  16  15  97  76  96  25  48  73  77  87  34  32  6  63  20  3  32  58  32  94  85  11  10  82  85  94  39  66  41  13  61  68  39  23  1  
52  46  29  81  39  66  23  92  21  25  100  58  3  5  93  52  4  4  14  17  51  65  6  64  16  8  29  84  90  79  73  21  89  100  17  94  32  0  8  11  53  67  94  34  88  43  57  77  49  74  7  92  59  25  36  100  9  42  65  98  33  65  67  73  20  32  34  88  95  100  40  27  38  36  51  19  24  14  66  77  43  8  86  43  49  37  75  19  86  75  29  28  3  60  78  59  20  41  17  25  63  30  76  38  42  12  31  44  85  41  20  88  100  19  58  12  95  42  
71  41  51  77  28  40  29  19  67  55  39  14  76  28  17  86  18  57  95  84  37  76  34  36  25  77  51  64  85  8  94  24  78  89  54  43  42  58  81  85  82  53  0  62  34  82  60  60  13  16  19  57  92  28  47  56  91  41  90  73  79  54  28  44  71  83  87  49  92  76  21  58  42  42  91  81  66  52  48  47  29  55  67  39  40  81  44  81  18  73  44  3  14  26  14  28  93  58  59  57  62  75  88  77  97  76  7  87  47  94  18  56  31  37  55  17  16  23  
70  49  39  86  40  4  29  4  74  51  61  78  57  4  44  53  95  61  6  72  66  12  85  39  52  64  86  99  20  52  17  21  75  74  0  8  49  11  39  27  82  69  82  89  2  35  35  36  20  86  80  17  14  39  87  23  20  12  97  70  37  18  36  3  92  11  16  80  39  47  89  43  74  40  98  100  86  15  57  36  10  49  51  19  34  16  1  68  43  37  71  87  2  12  73  25  95  61  13  16  23  34  94  25  33  22  10  83  81  60  11  54  84  73  73  54  78  83  
1  10  32  58  73  13  1  60  11  40  91  4  48  76  20  69  75  11  56  29  33  26  60  57  13  70  55  68  78  6  3  19  58  66  4  78  45  94  67  27  1  79  67  3  56  79  89  82  82  45  36  41  50  33  2  58  54  67  21  46  25  66  47  77  6  33  52  28  50  97  39  7  7  85  22  1  87  24  85  57  100  50  41  40  67  12  90  9  25  94  81  11  14  45  16  77  9  42  20  97  81  24  3  20  75  99  6  100  70  97  69  28  77  54  83  71  58  24  
68  92  63  71  29  47  98  29  27  41  72  25  60  18  79  51  55  70  96  62  30  55  22  69  68  59  44  10  8  26  38  69  5  37  33  71  16  100  68  20  71  68  97  28  70  53  99  27  92  13  76  66  78  31  69  53  96  19  89  27  88  34  59  33  34  14  23  63  35  80  93  55  26  93  9  34  33  20  90  70  59  73  88  80  89  93  9  72  16  56  52  86  5  87  38  82  56  30  48  45  4  52  31  50  63  30  58  42  67  55  43  39  70  5  99  5  32  83  
89  54  4  69  68  94  42  18  36  47  65  94  4  90  71  43  38  28  25  61  96  88  49  42  45  56  32  8  32  55  35  47  91  53  39  85  24  5  82  24  14  75  58  29  82  26  27  64  53  25  98  47  35  79  16  21  26  75  76  14  78  48  54  38  90  84  76  54  55  6  79  83  79  98  84  90  48  39  50  9  39  100  95  24  12  45  70  97  17  68  90  33  48  31  45  72  18  86  37  48  81  94  71  62  11  98  57  92  55  80  84  6  22  5  52  46  88  32  
98  40  55  1  34  56  80  15  94  80  55  59  1  58  90  69  21  37  93  40  6  13  52  41  35  66  51  73  83  48  8  96  95  55  29  31  9  25  34  72  47  84  62  32  69  96  21  56  30  97  63  78  67  94  100  38  8  2  12  82  0  6  55  79  21  62  14  100  3  30  26  55  6  12  22  62  59  92  38  78  9  4  91  97  32  78  91  75  45  21  24  92  37  30  45  95  81  87  54  36  1  85  74  98  61  52  66  32  45  9  26  7  88  63  57  26  14  79  
50  97  69  14  31  89  6  33  70  18  81  21  66  8  55  68  58  21  24  83  11  21  79  37  54  6  64  14  41  34  66  84  71  18  100  30  22  59  25  11  33  36  34  34  52  60  75  15  31  25  56  100  35  35  42  37  12  66  45  19  3  82  80  70  40  11  48  100  12  0  7  78  32  42  53  54  52  36  86  29  0  79  100  55  61  94  51  41  30  47  56  72  1  38  48  28  98  74  3  10  0  93  42  60  40  3  78  29  35  35  16  97  65  85  39  58  67  100  
69  28  79  71  18  29  36  5  20  23  24  83  30  29  67  96  77  4  71  75  50  94  93  39  42  98  99  95  55  85  61  93  0  100  33  56  29  9  20  32  34  34  76  39  11  60  13  87  37  83  83  22  52  90  12  98  36  94  50  13  94  22  38  13  37  88  91  43  9  93  58  3  41  34  34  13  91  33  69  85  34  67  57  61  85  57  63  30  12  32  13  24  90  15  26  94  95  87  48  75  41  99  44  82  55  84  14  66  23  76  22  85  25  83  46  24  49  17  
5  88  98  12  65  69  60  57  98  41  49  29  24  50  77  14  65  6  81  46  73  19  55  89  10  46  7  21  71  40  2  80  35  37  47  48  57  89  1  91  29  75  15  26  28  88  85  0  32  88  20  50  71  98  85  24  62  41  28  64  18  40  66  38  30  94  81  69  20  67  59  21  71  17  21  64  38  24  56  62  82  33  27  71  1  81  8  1  85  35  28  89  76  68  79  38  89  90  12  85  40  54  99  14  35  20  64  47  21  85  71  39  28  36  42  81  80  19  
25  34  85  93  88  43  19  16  41  78  54  12  52  75  99  86  21  11  17  60  67  16  9  79  43  10  85  42  40  90  96  72  0  29  87  41  72  64  27  32  78  18  60  83  75  61  16  93  28  51  61  89  51  83  24  25  62  27  56  64  43  29  21  27  48  67  66  65  33  6  83  72  4  55  52  22  14  86  86  57  35  34  58  90  22  44  78  77  94  86  6  64  19  92  85  8  33  42  85  75  79  79  97  55  20  22  34  32  100  22  92  12  46  38  80  38  1  25  
14  20  58  75  22  79  80  32  96  38  54  59  32  63  59  1  78  41  4  81  74  13  58  49  64  56  74  18  0  76  33  79  68  48  80  4  60  71  81  74  3  71  98  43  65  23  11  93  7  75  42  85  81  57  71  20  42  18  46  85  74  46  30  79  12  60  98  22  92  15  42  41  16  32  92  31  40  88  11  13  4  80  3  76  41  36  12  75  84  97  20  92  96  13  60  97  70  39  39  98  96  54  73  80  86  9  68  25  2  29  40  2  62  90  71  12  37  25  
65  57  38  47  67  33  19  12  70  52  43  91  84  44  5  50  71  30  49  54  8  71  72  67  9  84  97  93  64  76  25  85  44  54  42  66  25  96  60  95  38  41  43  2  0  31  55  80  64  7  62  5  93  83  20  38  52  23  51  3  44  62  64  62  17  52  60  47  94  90  20  20  9  99  89  49  59  0  43  19  34  64  98  50  20  8  87  75  85  91  54  70  7  95  16  4  6  52  76  20  62  31  7  14  41  54  40  90  41  23  96  36  96  47  30  31  65  64  
9  4  73  69  49  1  100  33  97  71  20  94  43  4  74  29  47  82  11  87  26  62  77  3  90  10  54  8  91  63  3  37  14  99  67  22  33  14  24  18  79  56  45  76  22  78  3  90  10  58  7  79  56  53  23  46  17  90  81  38  86  66  92  87  84  20  5  15  53  50  74  14  78  40  43  19  45  94  99  80  62  99  45  16  49  82  79  19  39  65  15  80  33  94  63  53  33  55  92  87  95  87  87  31  6  19  0  79  86  9  61  95  95  38  41  76  16  33  
38  100  46  100  16  32  37  76  24  43  5  24  96  6  15  63  56  62  82  72  48  95  81  33  91  95  46  25  42  81  13  60  37  1  21  27  70  26  83  35  14  40  88  21  57  80  90  63  50  18  58  54  94  1  25  13  55  40  74  63  66  47  0  18  0  18  44  71  49  31  2  37  18  54  51  23  45  54  36  56  85  83  37  30  66  21  89  62  67  32  9  100  25  16  11  34  7  38  25  83  13  47  29  62  36  10  71  19  26  74  10  50  48  70  56  61  51  30  
97  75  79  49  50  22  56  13  54  85  72  81  28  50  2  57  11  52  88  5  61  75  63  22  44  66  6  3  72  11  85  22  77  30  22  63  17  5  84  56  12  71  12  70  96  89  87  46  58  29  6  97  56  10  36  38  79  72  71  4  39  64  55  36  94  44  11  33  83  76  23  9  66  54  60  15  30  22  25  29  46  85  41  36  13  18  48  46  28  25  36  21  98  59  97  61  65  27  65  6  36  92  68  13  71  88  82  63  31  27  98  80  42  72  26  29  4  25  
80  69  98  30  19  23  83  28  40  18  81  36  78  21  16  77  24  61  43  83  2  73  47  42  96  40  25  82  15  28  88  64  94  64  26  12  38  31  47  56  81  67  67  91  44  32  32  46  98  67  49  35  63  53  93  97  23  9  79  82  41  72  54  81  60  81  42  67  71  31  76  82  16  98  25  53  43  9  24  92  46  3  27  66  11  25  13  78  58  95  44  22  56  85  77  6  25  4  20  4  69  41  90  82  49  39  46  84  41  31  59  52  71  91  71  69  15  92  
28  34  48  71  25  81  52  42  3  59  68  100  100  87  48  15  72  70  29  92  9  70  21  10  68  54  34  78  77  16  15  88  77  32  88  84  47  86  9  49  53  11  72  23  60  93  85  2  79  30  73  14  42  46  48  89  54  23  83  32  24  36  22  52  55  7  94  79  17  40  45  99  37  42  50  67  93  52  92  22  40  58  76  9  65  28  36  94  6  7  35  18  49  98  33  49  20  1  88  98  77  10  46  91  84  73  81  79  76  27  55  97  11  72  24  26  99  87  
94  63  67  90  84  71  77  33  65  65  76  49  21  53  74  23  3  1  82  67  15  22  76  27  92  11  63  93  92  62  91  44  73  47  85  74  65  19  53  48  70  99  17  51  70  47  48  71  13  21  42  10  26  60  25  46  70  59  98  43  36  76  8  9  47  32  10  76  74  19  53  88  3  46  34  97  96  27  5  45  78  39  95  31  0  96  21  35  88  38  7  18  75  60  18  45  51  14  29  95  98  20  9  44  48  47  11  54  96  74  56  13  32  38  2  70  3  26  
85  80  70  88  14  88  9  95  1  5  62  76  98  4  70  46  80  82  97  16  72  29  75  22  36  57  7  24  40  22  70  64  57  99  22  56  42  25  22  79  93  25  9  89  59  71  25  88  3  48  0  21  47  93  50  66  5  28  79  61  39  12  77  45  62  51  53  38  15  52  19  35  47  82  100  23  38  28  49  66  73  24  38  94  16  47  43  22  35  11  28  84  2  60  28  72  53  71  27  77  96  98  91  50  72  40  87  51  49  31  57  26  45  13  86  17  51  82  
13  2  83  68  5  50  64  95  9  86  18  22  33  55  88  53  69  95  38  100  5  11  37  35  8  39  36  39  44  32  20  24  100  21  89  94  50  100  28  8  35  25  42  93  20  27  24  55  72  27  2  96  90  63  28  39  17  94  92  26  23  78  86  1  74  99  15  29  89  6  59  70  7  8  29  48  2  19  26  61  26  8  91  36  79  43  40  57  20  11  77  4  88  46  15  61  68  40  61  8  66  32  81  35  53  75  36  16  39  68  100  85  56  12  41  2  94  55  
8  98  99  20  100  25  27  51  77  1  50  1  13  51  29  72  90  91  69  71  17  22  41  11  38  83  51  18  28  32  68  4  26  82  60  36  12  48  27  12  26  24  34  49  43  65  64  22  85  18  99  87  9  92  7  59  2  42  0  3  11  63  34  99  4  19  43  33  57  57  64  34  18  21  90  3  41  51  2  48  11  23  76  47  31  14  86  9  13  33  68  6  72  91  30  20  24  93  75  36  23  43  48  83  29  57  92  92  12  94  70  71  78  22  60  61  7  26  
82  7  1  90  0  52  46  81  17  92  32  69  35  21  100  47  52  87  65  23  16  54  68  91  39  28  5  50  60  99  13  82  8  15  92  44  99  20  9  31  6  16  34  45  57  80  3  15  84  97  73  67  17  98  3  3  85  35  71  60  53  59  75  100  52  87  80  12  66  29  98  61  53  67  41  25  19  10  97  28  84  0  17  72  81  24  82  74  73  69  85  83  1  41  33  52  34  28  50  31  60  13  80  29  85  30  80  56  63  41  2  48  99  65  66  85  77  83  
34  41  11  78  20  97  37  84  54  84  94  19  71  59  68  18  45  63  25  100  77  48  88  68  45  30  92  35  70  25  38  99  74  89  7  0  45  13  4  55  77  20  10  68  2  82  35  60  17  47  66  80  59  100  59  68  42  84  71  83  35  38  63  100  18  94  71  90  35  70  37  62  53  80  90  13  22  32  93  40  51  39  27  26  21  63  83  96  24  96  65  45  65  52  76  93  71  13  86  84  93  33  50  60  23  20  49  14  85  0  58  22  76  61  9  55  41  99  
26  68  3  85  54  42  52  18  44  80  57  49  97  82  99  40  37  29  20  5  11  3  3  24  93  3  41  69  89  37  78  9  76  14  40  24  77  31  56  65  95  63  57  57  94  6  69  57  94  20  94  33  59  1  44  90  68  36  17  83  3  4  62  79  53  61  8  14  70  46  78  59  23  78  24  0  92  46  34  38  25  52  11  77  82  9  35  87  8  75  73  1  84  53  89  55  49  25  52  6  72  88  45  59  5  55  67  69  47  0  71  43  83  43  90  63  85  47  
31  13  27  10  51  46  100  12  55  12  57  45  98  51  26  36  11  44  0  68  50  54  75  54  33  40  86  22  23  61  95  44  97  16  37  27  99  36  68  32  66  68  60  59  7  76  24  18  32  0  47  83  45  3  90  84  56  90  62  56  42  40  59  89  93  20  67  29  11  92  67  27  53  68  17  91  85  80  67  48  61  46  61  26  90  39  18  66  18  40  95  8  16  27  66  41  16  47  97  99  23  58  96  23  86  38  82  22  62  31  53  0  92  10  58  81  49  71  
77  88  67  43  27  26  80  59  79  10  50  53  99  3  2  81  63  92  14  80  38  31  79  0  67  8  4  27  68  48  51  17  78  13  45  29  51  22  49  96  33  78  28  26  74  16  3  25  68  33  34  77  94  9  29  87  87  63  89  14  25  99  32  22  46  29  92  42  34  9  79  14  64  90  38  30  65  80  91  56  73  49  34  52  61  59  88  54  78  99  14  98  74  55  61  9  29  71  2  68  82  57  25  74  8  74  10  71  2  87  40  97  97  27  53  32  29  31  
75  20  61  96  93  21  36  45  36  15  15  87  18  65  46  8  0  45  8  5  60  64  51  96  37  36  33  57  60  93  4  69  28  67  63  54  56  80  10  14  96  5  31  23  77  77  92  63  34  31  21  89  12  79  44  14  16  7  48  2  3  84  98  95  8  51  49  48  9  39  85  69  42  64  16  15  32  22  36  59  6  12  77  6  64  99  19  12  63  40  8  16  18  24  77  45  19  31  17  88  68  0  9  45  81  95  58  60  12  73  42  53  7  41  84  2  14  52  
13  57  26  44  73  68  62  75  7  9  69  25  50  82  19  22  18  22  81  40  41  16  42  67  63  5  18  26  85  7  23  57  90  46  8  44  18  69  58  55  31  94  80  65  36  31  43  85  22  19  34  30  74  89  43  0  54  7  93  81  86  80  4  65  72  36  66  65  11  58  71  99  100  62  85  74  99  14  22  24  44  61  44  43  23  16  91  95  100  66  27  1  18  35  51  26  68  9  17  61  25  81  48  16  92  3  1  36  65  31  54  8  19  21  59  67  48  49  
21  64  48  80  37  80  100  11  69  12  53  91  83  30  92  86  4  46  69  54  10  30  24  23  46  47  60  54  59  58  6  25  15  61  89  42  98  7  17  36  99  87  84  96  29  77  33  20  55  48  99  47  64  33  68  21  58  2  22  75  85  92  98  15  41  52  54  94  30  38  96  13  95  8  6  20  51  88  93  60  93  87  51  41  93  84  49  76  71  51  31  22  16  33  43  99  37  24  21  51  90  45  75  81  10  3  39  21  73  54  19  94  12  93  24  79  0  32  
13  16  13  29  55  83  65  4  64  4  2  23  17  52  76  89  17  71  95  47  44  41  9  63  77  10  92  25  86  42  75  21  82  17  76  0  60  44  72  16  77  91  77  63  82  68  35  7  97  13  28  8  44  27  0  21  55  54  14  18  81  84  14  71  57  60  92  35  71  24  50  78  63  24  17  30  28  34  45  54  96  95  12  17  97  0  30  79  44  3  0  62  31  96  65  72  37  57  72  80  42  80  5  41  56  32  39  74  58  1  11  21  47  82  41  100  24  10  
92  70  14  49  41  96  85  99  86  3  35  99  4  59  79  90  19  38  82  24  51  34  29  10  33  27  99  49  47  16  12  6  17  12  91  26  4  72  4  80  84  33  64  55  39  38  83  64  30  68  30  84  67  18  68  32  33  84  18  43  13  54  68  84  84  59  19  51  71  20  54  62  83  31  79  17  28  66  66  52  86  82  46  77  19  82  55  2  100  82  35  23  20  39  46  36  30  48  64  52  54  75  15  44  88  67  85  45  30  20  85  71  87  67  9  5  80  3  
69  88  91  91  76  76  66  58  96  19  65  21  4  32  96  54  54  12  84  69  60  34  11  34  82  24  2  42  80  53  81  3  19  21  35  16  15  15  26  91  97  37  77  94  17  45  14  18  86  8  89  33  46  65  92  90  60  95  86  92  67  53  29  29  52  60  93  61  76  76  28  39  85  77  99  67  85  86  100  35  28  99  81  53  51  16  95  64  38  65  94  88  64  41  21  35  20  17  87  98  30  23  45  99  51  50  99  67  73  75  37  92  46  71  72  38  58  85  
19  10  48  26  83  48  90  0  98  49  56  9  73  61  39  5  63  24  97  32  99  47  22  85  79  46  10  33  10  11  81  34  78  66  18  34  62  44  85  19  23  90  47  42  98  84  22  92  57  41  48  69  34  83  18  16  77  58  28  19  6  13  19  12  0  96  51  76  22  79  17  67  98  16  99  100  63  22  25  92  16  12  75  10  5  66  95  80  52  11  39  69  38  34  95  89  40  72  57  41  88  90  88  90  6  1  62  72  94  49  100  41  86  7  100  8  91  59  
77  62  16  4  47  63  13  11  6  10  48  36  11  28  17  12  96  31  28  97  81  14  7  92  40  60  93  23  71  11  14  16  17  100  5  76  58  5  66  26  10  22  91  51  38  3  52  40  56  18  62  27  62  63  96  21  6  56  34  31  99  46  89  73  100  60  12  68  66  47  56  83  91  53  64  18  47  8  40  84  22  13  61  2  84  68  41  52  19  0  89  79  17  42  63  28  50  10  19  30  98  56  53  3  59  85  66  47  88  73  65  59  59  56  74  96  41  28  
66  35  48  47  99  70  36  13  30  52  7  100  50  59  49  75  5  35  71  66  8  43  5  8  24  35  20  35  64  89  29  32  2  69  28  24  2  68  4  80  57  73  31  65  70  7  72  14  93  10  95  68  76  40  48  49  91  95  2  28  44  69  21  25  88  25  52  55  90  90  98  46  25  49  51  14  17  57  29  27  62  12  62  60  13  70  84  4  90  66  32  23  42  55  69  60  44  57  7  12  61  29  29  7  54  67  74  11  23  63  35  99  65  77  45  16  18  6  
41  39  9  70  98  10  88  40  3  55  38  1  79  34  93  51  100  49  52  24  89  89  46  29  28  14  93  98  100  69  82  12  36  56  83  64  49  27  4  32  51  81  5  38  32  0  69  45  60  71  23  100  45  0  52  17  20  85  18  54  38  19  21  81  83  0  74  54  35  82  39  48  39  67  83  74  69  50  99  73  96  3  86  46  4  54  28  21  71  91  56  92  34  60  91  91  9  19  68  32  79  39  54  74  19  47  4  97  72  98  68  18  37  10  22  67  22  55  
94  73  42  29  78  30  46  10  1  31  95  18  48  10  25  96  80  38  68  3  27  88  38  11  7  13  16  41  88  9  24  81  86  22  60  9  43  2  76  64  82  35  61  39  73  54  15  3  33  54  62  51  11  26  11  4  72  88  90  54  64  92  19  55  88  9  63  100  55  74  100  46  88  95  71  21  33  8  66  80  90  38  84  97  9  2  20  97  16  53  40  98  13  70  62  34  2  84  60  28  42  69  0  31  45  83  21  50  49  32  30  18  45  66  72  15  94  58  
58  49  56  93  43  94  9  56  22  58  11  72  78  34  61  35  94  60  82  32  88  12  29  37  59  34  32  95  79  96  36  9  63  23  33  59  61  77  36  23  93  96  59  88  40  4  57  3  93  78  67  5  79  85  78  79  65  45  56  74  46  72  74  35  70  33  17  28  2  95  48  19  59  42  90  75  78  25  70  28  2  83  27  6  25  92  14  61  60  65  29  55  67  76  69  29  48  62  1  73  77  35  99  13  92  41  95  22  71  67  92  74  53  88  73  14  99  22  
50  41  94  12  64  73  80  14  40  80  20  75  82  96  15  13  20  50  19  87  23  97  89  20  41  69  64  57  78  97  0  0  37  89  61  69  19  93  4  56  34  52  49  50  4  99  59  15  10  92  25  95  46  8  95  93  95  54  93  83  80  72  50  40  44  83  2  7  32  70  60  71  24  4  33  63  98  49  44  23  20  70  22  40  2  22  52  79  24  19  70  13  48  60  27  22  71  2  50  29  89  16  30  93  5  73  36  86  72  77  88  87  3  53  70  21  10  15  
93  31  12  12  9  30  86  54  17  86  15  40  57  81  49  6  18  14  63  2  2  31  42  51  32  35  81  19  95  77  90  53  23  64  16  84  93  1  47  94  69  31  21  92  71  60  75  1  72  88  13  41  53  83  28  24  76  77  62  65  17  37  55  67  28  87  5  30  53  35  57  23  63  9  17  15  56  35  86  53  33  24  67  17  83  95  68  59  96  59  13  13  55  13  43  46  83  44  8  35  96  38  69  39  26  74  66  31  25  93  89  51  7  5  93  40  70  28  
51  56  38  84  19  41  35  66  94  22  97  4  92  59  97  91  68  96  28  34  34  71  11  11  2  90  94  46  87  96  64  65  3  36  59  34  80  50  7  6  15  84  50  15  91  72  49  99  49  100  1  70  48  92  80  44  34  85  93  90  13  85  92  59  32  17  44  70  86  64  95  63  11  56  92  4  44  92  67  63  100  44  42  1  97  64  83  57  76  78  46  6  19  57  73  1  3  54  19  88  47  54  92  51  38  78  32  24  5  90  95  51  62  16  92  98  21  21  
60  99  93  47  41  68  30  90  66  33  2  93  84  48  89  63  99  97  83  71  38  56  73  20  55  10  64  68  7  10  71  78  21  52  71  82  22  18  68  74  7  7  52  70  87  2  78  80  75  17  77  86  74  32  46  55  95  19  6  71  28  30  44  1  18  11  31  54  41  9  45  17  75  94  87  61  38  98  52  71  85  91  73  55  46  37  81  90  20  32  98  79  18  56  72  65  12  13  63  57  16  92  39  85  33  64  58  62  34  61  4  18  90  61  83  5  88  9  
37  6  89  62  44  5  72  6  34  47  30  89  88  92  94  72  25  87  77  62  11  100  53  96  4  73  12  61  28  46  49  79  68  91  7  79  4  14  8  76  15  53  75  52  35  85  72  83  37  61  25  7  25  13  58  16  98  8  32  43  73  14  59  39  61  62  55  69  29  89  22  26  80  86  44  13  30  50  70  82  80  46  11  70  71  2  57  100  59  66  50  83  1  33  80  20  81  50  13  9  79  16  55  72  65  59  21  94  80  30  35  17  93  33  36  18  71  42  
50  50  87  66  13  8  76  47  84  86  60  62  23  68  27  22  25  46  87  57  36  86  94  79  85  11  98  54  29  39  55  46  38  4  88  43  47  22  65  86  45  18  35  24  23  42  79  13  24  6  7  87  10  30  23  7  99  48  32  40  56  7  32  49  51  43  68  65  8  37  84  72  66  7  67  94  41  3  73  57  42  51  42  21  42  1  14  48  64  18  56  33  90  6  35  95  89  59  91  72  43  64  12  24  39  57  56  9  94  40  42  31  5  7  24  91  62  8  
63  16  65  2  79  38  15  32  70  28  38  45  22  46  79  81  84  96  82  99  36  51  67  80  45  41  82  90  22  42  65  22  31  7  7  3  32  93  40  53  54  70  69  61  58  39  93  10  29  16  19  6  42  42  80  19  55  59  43  5  41  41  100  81  13  58  68  62  25  100  95  100  54  67  89  25  71  83  96  15  49  34  89  93  2  97  70  20  75  8  87  36  24  59  52  76  11  50  100  98  3  18  78  10  83  30  87  57  73  27  54  75  60  63  25  68  10  84  
86  18  2  34  30  85  57  22  54  88  47  6  87  21  86  61  60  84  82  29  60  69  84  27  20  97  68  36  43  75  49  81  33  84  78  19  94  11  4  0  56  99  89  80  3  10  81  22  23  19  15  53  18  37  74  27  55  74  16  10  42  58  78  31  0  61  82  96  9  42  51  37  44  39  9  28  31  10  22  99  45  14  79  45  88  96  92  41  11  43  56  48  97  59  64  85  29  82  39  89  18  92  24  95  90  99  24  41  79  98  82  34  0  79  67  92  100  29  
71  100  89  38  6  7  14  87  64  33  57  73  96  98  33  49  57  55  31  46  69  70  54  68  23  8  16  83  96  79  26  89  88  21  20  95  56  87  49  12  35  92  12  73  93  90  16  28  86  57  40  5  3  77  22  9  78  100  16  82  8  8  63  39  7  64  60  17  53  58  87  92  22  76  82  95  77  48  9  69  47  49  24  25  98  13  78  43  90  52  14  10  50  75  32  12  30  86  51  20  27  63  85  71  96  13  98  59  92  19  86  86  94  69  13  94  7  53  
41  32  53  89  76  15  72  26  30  55  30  86  30  53  74  93  41  93  58  63  9  92  95  76  83  15  55  78  26  82  36  94  79  9  44  47  46  65  13  48  55  53  68  77  27  48  8  53  5  95  44  59  54  72  20  6  41  45  12  65  76  56  2  62  37  34  93  0  22  28  48  68  92  8  10  64  94  30  30  38  77  85  27  2  26  22  93  58  41  42  20  89  22  67  98  84  46  93  40  89  66  88  62  34  13  93  28  9  80  80  100  38  30  10  25  11  90  19  
88  99  5  49  55  23  53  40  44  56  68  51  26  47  20  0  97  3  15  66  68  96  37  37  77  56  47  55  43  25  25  45  44  20  100  14  60  23  99  98  27  11  90  32  7  89  98  4  86  46  4  67  35  71  38  2  99  37  50  68  29  19  64  92  35  20  78  82  85  89  98  17  49  92  100  19  65  21  54  66  11  65  75  89  3  34  86  10  64  92  72  26  85  32  78  71  38  42  10  32  69  1  92  86  55  89  97  21  65  77  17  69  21  62  3  62  62  69  
61  0  8  45  99  72  22  78  11  23  56  86  21  56  65  13  100  86  71  70  80  33  43  21  91  100  68  0  72  41  28  69  40  21  77  33  94  55  3  82  97  13  34  50  41  36  37  98  32  52  93  78  82  8  74  43  19  83  21  45  51  100  51  33  34  11  10  19  100  47  21  62  59  42  34  22  69  80  94  5  58  79  58  12  35  13  2  50  30  81  16  71  36  92  87  20  90  14  35  87  7  54  4  10  49  79  9  46  15  8  30  14  2  71  6  33  57  90  
86  78  74  35  98  36  98  0  47  97  7  93  31  5  21  3  38  19  18  73  42  75  35  26  62  22  10  27  45  7  3  89  34  54  99  26  7  11  24  11  35  19  57  98  30  92  79  44  57  60  63  81  91  21  36  17  65  36  40  7  68  79  25  55  29  3  4  54  18  94  17  27  81  56  95  16  0  10  29  20  100  83  8  72  75  50  66  11  53  38  13  97  62  24  40  54  83  87  21  61  98  78  1  51  81  79  51  97  74  5  50  98  80  23  40  5  51  11  
22  3  24  89  63  75  59  22  65  37  6  18  71  54  34  94  63  17  36  13  87  80  60  31  16  25  67  50  69  82  43  50  89  66  91  71  12  50  44  84  63  38  35  94  48  96  13  26  65  69  13  15  54  34  72  62  69  75  0  14  70  39  80  42  57  20  55  65  82  7  78  57  6  75  67  5  9  21  82  2  6  9  83  12  57  62  57  50  35  82  100  88  28  1  49  16  95  45  32  87  32  90  89  48  26  17  72  36  46  61  16  58  83  89  70  17  55  94  
35  18  46  87  16  65  9  62  58  17  8  83  55  13  53  78  79  47  13  14  97  23  19  20  26  68  51  70  96  14  70  26  80  41  69  86  79  23  73  39  86  35  5  76  0  48  21  45  82  42  86  15  31  86  82  31  90  36  52  2  70  10  99  96  64  56  79  8  39  22  44  31  85  66  41  61  25  49  62  42  75  15  0  19  84  4  34  97  86  55  40  43  92  42  28  18  33  55  88  23  98  98  29  11  32  81  99  43  59  94  0  59  4  45  73  56  66  44  
