00011101101010
6
11010000001111
11010010010000
00001101000100
10101110101110
00001100000110
00000010111011
6
1 1
0 0
0 1
0 1
0 0
0 1
00110001000011
1
11110111100111
6
00110111011011
01100100110000
11100110110111
10001010100101
11001010001011
01101000010101
6
1 1
0 0
1 1
1 1
1 0
1 1
00001111110111
0
10111110010011
6
01001010011101
11011110100001
00001110000110
00100100110110
10100011100010
01011111100100
6
1 0
0 1
0 1
0 1
0 0
0 1
00101100101101
1
11011011111101
6
00111011111101
01000001111110
10001010111001
01100011000000
11110100110101
10001101000010
6
1 0
1 0
0 1
0 1
0 1
0 0
00011100000001
0
11001011000101
6
10011100110111
11010110001100
11000110010000
10101100100001
11010000110100
00010001111100
6
1 1
0 0
0 1
1 1
0 1
0 1
00101100000111
1
01101110100100
6
00001101001000
01001011101100
00001000110000
01111000100001
10101110011010
10101110110001
6
0 0
0 0
0 0
1 1
1 0
1 1
10111110011011
1
10001011100011
6
01010011110111
01011101110101
00100010010011
01011100010111
11101010100100
00010011111010
6
1 1
1 1
1 0
1 0
0 0
0 1
01100101001011
1
10000011100111
6
00111011011000
11011000101100
01010110100100
01011101000000
10111010111110
10111011111100
6
0 0
0 0
0 1
0 0
0 1
0 0
11000011000001
1
11001111100010
6
11101111000100
00001000001111
01111010010101
01110010001100
10000100011100
01100110100000
6
1 0
1 0
1 1
0 0
0 0
0 0
10000101011011
0
10110010100011
6
10110101111000
01110100111001
00011101110010
00101111000001
00101000001111
11101110001000
6
1 0
0 1
0 0
0 1
1 1
0 1
01011011111011
1
11100110110101
6
11001010000010
00010111000011
00111101001001
10111111010100
01000110011011
10101000111010
6
0 0
1 1
0 1
0 0
0 1
1 0
11101110011001
0
01101011111000
6
10100000111110
10100100101111
01101110011001
10011011101111
00001110010000
00000000000001
6
0 1
1 0
1 0
1 0
1 0
1 0
11010111100001
1
10100110110110
6
00010010101111
10010000101001
01100011101001
11101111001001
00111001000101
00010101100001
6
1 1
1 0
1 0
1 1
1 0
0 1
11111001111101
1
11011010011010
6
11000100001100
10100101010110
01111010000010
11010110110100
10101011110100
11110111100111
6
0 1
0 0
1 0
0 1
1 0
1 1
10111011101111
0
00011110101111
6
01010011110001
00111001101111
11001100101010
00101100011101
11000101101010
11101101100001
6
1 0
0 1
0 0
0 1
0 1
1 0
00001100111001
0
11111010110100
6
10001101100001
11111110101010
00101110010001
00010101110001
11010101001000
11101010011011
6
1 1
0 0
1 1
0 1
0 0
1 0
10000110001011
1
11110011100000
6
01111011001101
01010111110010
00000100000011
10010101111100
00011111000101
01110111111110
6
0 1
0 1
0 1
0 1
0 1
0 0
10000101000011
0
11011010011011
6
00111011000111
11100101000011
01100000100101
01001000101100
11011000110100
10001001001011
6
0 1
0 1
1 0
0 1
0 1
1 1
10110110001111
1
01111100010011
6
01010000101110
00101011000001
10000100111100
00000000011001
10100011111100
11111100100001
6
1 0
1 1
0 0
1 1
1 0
0 1
10111010000101
0
10111111101100
6
11000110111110
11101101000100
11001110011001
11010111010111
10000010111101
00101101101001
6
1 0
0 0
1 1
1 1
1 0
1 0
01010110001011
1
00000011000101
6
00010010111000
00100111110110
11010100000101
01000011101000
00011010010010
10101010101100
6
0 0
0 0
0 1
1 0
1 0
0 0
11101100101011
0
11001000000100
6
11101010001111
10101100101110
10100101011101
11101000011000
11010011001001
01110010010011
6
0 1
0 0
1 1
0 0
0 1
1 1
01110010011111
1
11001000011111
6
01011000100010
11101011010101
11101101001011
11010101000101
11010100011100
00000111110111
6
0 0
0 1
1 1
0 1
0 0
0 1
11001100001101
0
11011101011000
6
01100010000101
11011000101010
01010001100111
11110011010001
00100010010001
01011110000110
6
1 1
0 0
1 0
1 1
1 0
1 0
11111111010011
1
00101110100111
6
11001111011101
01100001111111
00101011111100
11100010001110
11010101101011
01101101111010
6
1 0
1 1
0 1
0 0
1 0
0 1
00000100101101
1
