1394   5941   3800   6344   2113   6170   4943   3759   6450   3338   4052   5011   3768   7927   7282   3309   6498   2974   861   1393   832   4043   3472   7489   4322   5507   3376   517   5162   262   7249   4873   5514   2077   5266   5186   4012   4639   721   988   4632   250   5962   2151   6692   7455   3551   1841   4830   4198   1127   7216   2267   4785   3565   660   5402   6754   4076   7593   8084   5479   7942   8039   
3732   3750   5996   2331   5963   5982   1659   3248   3935   5507   4628   5935   6065   1167   6166   6007   1258   237   3182   6483   1252   2685   7625   6307   3140   141   4382   7990   4283   3511   6926   73   1701   5741   521   2614   7351   5743   559   3128   4957   3644   934   595   5723   1625   5841   7542   6583   5274   1775   139   238   2624   4920   7311   5213   2925   8140   7906   3927   6903   2452   1618   
2758   4999   5947   2581   780   5380   2658   3899   3979   7945   4941   2332   2938   7202   1813   4472   6952   4532   4017   4758   3805   6437   6704   5699   40   3569   5452   194   7120   5293   7550   159   7282   2541   6688   4540   3258   7538   3712   3493   4652   1091   1755   264   1948   5944   5002   2180   3327   7251   7535   1501   3571   6830   5978   2517   4678   6712   7473   7107   3074   3266   5580   4379   
1234   4245   126   7572   1768   2010   7454   7989   5275   4506   7158   3375   7056   2173   4373   4370   3005   2217   6644   6507   2046   6568   3337   1407   5475   2658   2123   4529   6994   1216   5266   2507   6844   7872   411   7319   6472   7476   2801   6265   225   6525   1795   3031   1566   5780   6083   242   7764   6448   7195   7794   2141   610   7808   2917   5385   3742   7293   762   5496   4121   2847   3364   
2946   3632   5689   5292   2809   1203   3987   3193   3525   4463   2508   2977   4091   5991   2142   5117   908   2949   1792   7609   5235   8025   3203   6312   4838   3069   428   3607   7297   1441   7724   7915   7201   6706   2214   557   1903   6653   1054   5653   1155   2085   3971   2576   4115   6251   7383   1433   6225   1191   4991   5587   3109   1314   6473   7934   7913   6598   6147   7362   2322   7968   2370   1948   
4664   4984   3125   1965   5595   7950   1958   7199   2620   3601   5732   1107   7149   3989   4903   2888   473   4543   5254   2896   6812   5460   3017   5606   1508   4969   631   1985   3510   4853   3894   6879   673   738   4187   1810   5692   7511   3077   7447   4664   1022   8036   1010   7485   6606   5505   5895   332   3413   1780   3252   5243   2923   2790   3166   7328   8044   5548   99   6213   5540   2569   7168   
7158   651   6260   1314   1843   6467   7134   3613   5920   5066   6115   8011   443   4508   7236   569   6056   1180   1982   3892   6936   7256   6312   6679   1280   6322   5170   1096   4824   6143   7658   5736   6241   7157   2600   7239   1600   1831   4935   4035   3539   2888   5337   6170   3346   1729   4608   6873   92   891   123   6591   2552   5638   5401   7269   4236   7659   7651   3346   6537   6452   2613   6871   
5649   4882   1647   2728   4255   7071   975   2815   2784   7962   579   2122   1225   5166   644   7180   7010   2455   7611   4633   7221   2906   4926   3719   693   1425   7360   2558   1225   7956   5800   4124   1967   2831   2717   6381   984   1399   3283   1582   2690   5979   6496   7601   6180   558   4063   1186   5727   4650   3126   7424   5731   1917   1362   76   7158   4634   3872   3494   2130   3915   226   6649   
4628   5406   6730   3464   2368   3084   4904   2067   900   3894   7017   5250   5898   5103   4483   1941   7670   6510   8168   1004   7223   6371   7550   4144   6722   5413   372   3034   1354   6897   3649   3144   407   4687   7764   240   5168   537   5627   6567   7798   1944   2035   6720   7178   7626   5707   7051   7993   7612   390   7076   5117   2275   136   3040   7216   3577   6599   10   6941   4514   3433   7467   
1377   3542   6201   6045   8054   2460   7746   4   6713   837   4028   2851   4041   5459   2482   6583   4330   6510   2846   3182   4743   1201   2486   7119   1267   6879   2323   8110   3480   132   155   5368   7056   6189   2092   4433   5669   4838   3615   4769   6269   307   4103   8164   6221   2817   4670   4365   872   3912   4128   7485   2079   4533   1026   2991   8096   1335   5029   6006   5870   4170   1310   608   
