6441   7216   2813   1902   5213   283   1839   4737   2065   530   4122   1361   4672   2540   6006   155   819   5163   7909   2677   6266   670   5990   5633   678   7320   2681   6621   7858   3035   3468   918   3736   1863   6491   563   2401   6902   4174   7767   7677   7628   6569   4646   5804   664   7865   7383   5981   3571   2828   8164   3244   4819   173   5927   650   6667   1624   7955   4347   5812   4625   4411   
2663   6719   493   974   6665   2255   6684   25   7063   714   3034   8174   1926   3256   1319   4698   2171   6038   7804   6347   5788   7701   3615   7120   6932   88   1589   2215   6947   7931   7239   4591   6226   6294   1433   5580   214   3023   534   683   4361   6962   191   5270   817   1954   7214   7617   4738   1526   8183   478   6536   3888   5925   5880   3532   804   1035   4609   4318   2297   279   4904   
1163   3962   8002   2629   7402   2561   6667   7126   1537   6891   8153   3486   2697   587   3504   3683   8065   649   222   6354   2504   2139   5194   1647   4892   5596   7983   150   4239   7488   3675   4589   4649   7466   699   5885   1212   4336   2387   6258   4885   4434   6047   5310   333   4796   7660   3148   4626   1713   3948   5530   5603   5168   2561   6761   947   5580   4609   5138   5159   6669   4152   99   
4419   2185   3897   101   4673   1445   1543   2391   5161   4735   7444   3219   3590   8014   4185   1305   4741   5012   3351   4489   938   4886   1431   6915   1922   2279   6481   555   386   2280   3942   2998   2676   6310   6847   3013   339   226   911   2867   7506   2793   1209   4968   1867   4657   1511   4227   489   2298   615   1804   5071   5495   3261   7661   6572   2170   3349   746   2797   4265   7489   1691   
1039   2224   1872   6711   7738   3136   4080   6824   7462   630   4324   5034   6906   4665   4650   672   1289   2571   3337   7202   5185   6505   2991   660   958   6316   5998   1296   7172   3901   2409   6957   6036   195   6875   3214   5851   3159   7711   1380   3603   6700   6240   6262   5456   3998   7540   7053   811   1935   1518   6526   6571   6929   2431   301   3348   3246   2335   748   4276   5356   3454   6597   
7962   4145   5493   3084   6742   2090   243   3245   4926   7061   7217   3975   7084   1458   142   3264   4387   2906   215   7720   2222   6728   898   1727   1337   8023   4180   7346   3549   6656   6862   5879   2954   5725   6465   7434   7078   2054   1979   359   2907   6077   8004   6346   1365   6279   6254   1926   1326   6062   636   5274   1769   6793   1898   7973   2602   5554   1676   1766   56   7931   6225   5147   
6162   1105   360   8047   4223   1348   43   4864   3583   5822   3368   1306   7809   847   7160   5392   3187   7535   7888   1569   6181   1151   282   1247   194   5117   2198   6470   5439   1334   202   4370   2863   5020   3132   1679   6323   2401   1771   5392   6687   1059   7473   828   6612   7814   637   710   2528   2789   1914   137   4593   5518   4633   4909   1698   6201   3177   7071   3184   4730   3698   6638   
1273   1855   5449   1578   4366   5520   7083   4017   1514   3261   2824   1798   4903   5811   3491   6558   8170   8003   842   1863   4274   5016   5922   4451   7786   124   7951   5028   2245   2900   6668   6671   7176   2115   417   2414   4128   3909   800   4314   2979   322   866   6676   2848   3591   3095   3410   1027   2356   1487   4500   3060   4473   5157   3404   1367   719   3317   6813   5691   3128   6950   1960   
2211   3124   4090   7742   5519   1332   4901   3242   5341   8032   3259   263   6700   2419   329   2440   6135   5173   5059   2086   6011   498   2017   3563   7881   4825   7711   5654   7377   2570   4150   5507   4410   7422   8167   4607   6774   112   5461   7436   4050   7546   232   5513   575   3622   4377   1984   3168   749   6299   7179   5672   3623   1652   7902   6670   1311   4549   2300   1479   405   2756   3227   
4316   45   1081   546   6502   4496   8084   5173   7320   7922   4528   6699   2217   2317   3764   239   1267   2164   6715   3341   2715   3062   654   4373   5120   949   7413   8163   3928   7606   1977   1979   2599   6065   4157   158   509   3145   6211   6173   3203   2797   5168   8016   2449   3785   5378   3687   1967   4376   3788   7815   1044   3638   1189   547   7116   1816   3502   6778   6336   5044   1480   434   
