62  387  1666  6737  6540  2156  5849  3603  7667  3528  1568  7698  4814  4339  2875  3558  4032  4856  547  4812  437  6322  8186  8178  8171  712  6477  833  2214  3138  7950  1532  3705  5629  5785  6684  7198  7558  3111  7000  5496  4311  3040  455  3432  4604  1427  7394  1356  4843  3589  7060  8112  8084  2166  6331  5536  1422  3334  3111  6496  5104  7510  1895  
89  2346  7126  6321  8060  3909  4000  4136  6836  5820  2223  2972  1718  6957  2596  1815  6368  4067  398  4722  6667  8141  5129  4096  5975  6309  8013  307  982  7514  7489  5684  3949  4964  3648  773  1368  1319  3680  5959  3709  2388  1679  2757  2310  2463  7872  7897  5616  7646  4349  4722  1898  3650  2811  7373  7913  1237  1614  6760  7681  5740  4483  6199  
504  2551  726  7312  7603  7083  5232  2534  1790  4665  2921  5141  3539  5054  301  5596  3096  3395  1238  4351  3158  8134  7400  6121  733  4645  8089  6439  4909  4999  2658  1818  4657  5515  6500  8001  2655  1867  2766  7353  7596  2798  5037  388  3870  500  5635  1210  4459  2636  1607  8146  4270  5155  6779  365  2163  7667  2719  6429  1785  3127  6199  6972  
1851  6282  7285  7789  6909  7724  285  266  7404  4321  7775  3502  923  7953  2221  1963  1888  3819  6421  1479  2558  2636  269  3181  5578  1837  4801  6110  4920  5178  2247  2306  2770  2723  7340  2860  1230  5069  6062  6005  5621  2113  7076  3434  2069  4997  3189  4542  34  4138  1433  2967  6833  4087  5051  2203  4737  4043  2765  8134  2930  6187  5611  7276  
1840  7147  1289  2525  174  6467  5651  3015  2894  7881  7159  7868  5197  4370  592  5281  5433  4645  491  6375  3060  4055  372  4709  6867  434  8127  5600  4041  7228  3604  6265  6851  113  5863  4758  3559  6703  6548  1275  3177  2153  2562  5982  325  7127  505  6366  6751  660  3982  6460  4514  1359  3636  712  1844  3792  6409  150  1751  6693  2866  1554  
347  3609  4518  1401  1601  5780  7253  2573  4350  7763  4659  7779  6513  2262  7732  3774  1447  4326  1133  2247  763  8002  5163  8078  3705  437  5426  4473  7406  4933  4016  452  1467  7609  7268  2327  3222  5437  2400  583  6153  4136  7447  4683  7573  2531  218  4744  674  3231  869  193  7454  1675  5139  3021  5088  2244  7367  3780  6459  1022  5598  6755  
835  7412  2200  1093  5960  5234  5934  3383  1056  7198  1584  948  1441  4172  748  5885  6824  5402  5921  3407  2898  6293  3915  906  2965  6167  3217  4047  3214  5856  2775  5853  2499  2421  2776  5928  2944  1443  3483  4967  5836  5726  3439  7768  7840  3006  3576  4922  3442  7578  3033  2913  5113  3584  6385  6187  4645  8153  2867  6005  5182  4393  1440  5327  
405  5909  2485  2625  6350  6316  3965  5014  975  1987  3136  2295  2931  7994  4677  4682  4167  7103  899  6815  2698  2502  3568  1644  410  3986  3381  7091  6215  3133  2599  1443  5160  1175  1091  2380  4824  108  7015  5938  7019  7336  951  7620  2847  7757  1861  2130  7039  6168  3484  3288  6811  6457  6992  3602  38  5072  287  5428  1494  6870  4933  7794  
5881  132  7126  7216  3300  3770  6226  547  5225  1810  6717  1182  1343  4966  1706  1558  726  2781  7270  4151  5903  5051  6494  6144  4495  4682  3602  4295  7600  3890  596  7045  7614  5359  5478  6236  3626  6786  3178  2208  4932  6225  2688  6200  5375  1587  3933  7044  1004  549  5596  4857  4176  3696  7537  6341  7350  3282  6143  999  5415  1469  2737  3674  
6436  7521  3149  6902  6390  1396  7356  6343  7483  3084  321  398  3127  1775  4742  3899  2723  5100  7690  7418  5823  1986  1300  6212  2918  489  1855  2307  2189  1300  928  3697  602  1596  7718  3601  7525  8036  6713  235  6054  2701  1761  6449  3528  1582  3620  2224  2815  6425  2395  1872  6896  1437  1443  1245  7715  3194  8081  6433  2917  966  5566  6433  
2381  133  6097  7775  6645  6300  5251  6877  3137  6692  765  5045  7083  1154  3724  1274  2660  3455  2342  2271  3740  7579  6321  1448  1547  7208  1499  2101  2406  1321  5576  2843  773  1195  7261  5318  7161  5693  4722  6750  1216  6618  5594  6017  7902  7159  5513  5510  5904  6359  2158  3048  1487  2331  5909  1969  6585  1090  7428  6906  4521  6760  6368  2231  
5932  5483  1123  3873  4582  5574  5935  3352  111  8034  1671  3357  2620  992  3397  5582  2973  638  2412  7785  4119  1514  2843  6258  5661  4491  4999  4339  5863  7693  556  6994  766  7591  1306  1698  5551  5313  3112  3273  3750  4625  3811  3945  1314  2251  4112  7439  5341  3196  5944  6377  1790  167  1705  5948  7566  281  7222  7233  6902  4590  7829  5325  
7675  3204  683  1877  4985  8147  5606  7131  7215  2765  6690  3471  4206  3488  4239  6381  5911  938  5318  3219  238  5367  4365  495  3340  6079  1480  2327  3578  6650  3278  5136  4535  6577  3455  4518  2920  4416  7268  6521  7207  830  7277  3888  6  5802  2205  4758  5748  2444  6818  6596  7873  6510  403  7240  4070  165  4874  6631  6463  4293  44  905  
6007  4316  2439  4495  5862  5296  7000  6689  4797  5773  832  6061  3792  4502  5305  720  1964  3231  3576  6929  5513  3822  2593  1733  3724  2047  1893  7298  99  6786  3721  4015  4184  5013  2707  3859  5953  5493  7923  7873  6184  4387  6261  3438  5077  5961  3421  5962  1403  3522  3035  4646  4266  4408  300  705  7181  5991  2610  7621  4326  2270  1464  4243  
7999  33  5101  2353  5141  3758  1682  6137  484  7849  5767  574  3629  5083  5321  7661  4821  3539  762  6577  6331  8080  3006  2134  7509  6545  8075  6501  7971  4629  5981  2227  5000  5516  708  5718  4124  1177  461  4697  1859  5601  6895  8138  5361  6955  3476  7548  5113  1157  6452  6908  6860  2530  8058  5598  4671  870  1915  2929  8099  2814  4336  677  
5140  736  8035  312  6114  5819  6955  6503  4255  4263  6584  7430  7711  6769  7975  4584  2730  4248  761  7216  6476  16  2867  775  553  583  6154  3229  5644  1589  2953  2075  7986  2165  3018  1332  3402  1700  1364  5905  1853  7733  5890  2100  7162  6056  3081  6521  8098  8092  5227  931  3428  7747  1598  5034  4462  7264  4375  335  8151  1766  3271  6456  
6502  5391  5827  5750  6323  1926  6134  1708  5192  1552  7033  6609  72  8107  6894  5099  3692  6816  454  6144  5422  1702  5940  5190  2658  4564  4758  2036  6356  3286  7955  2924  7658  4718  6296  2110  6185  519  2974  4708  1948  7858  4255  3616  3044  3868  1737  3730  1998  5097  1011  1043  4410  7598  7690  3107  6283  2917  2093  2974  5169  2404  2253  1957  
3954  7737  2801  6238  6706  6064  2381  3760  6752  5107  1591  733  7658  4668  7031  3758  5794  7971  1660  1251  5411  1599  7887  5914  4758  8104  7746  7776  7956  647  4167  2524  1938  5006  4568  3797  1135  6043  3373  7999  5964  6762  5074  3911  5840  6656  1626  5034  3518  1351  182  4086  3956  759  4457  5059  7607  7245  6897  1131  5733  3918  3975  7119  
7982  678  8020  1038  936  119  3364  7595  1475  3134  7114  7876  648  418  7087  744  5389  2102  3375  7829  8170  4857  2012  2139  1522  6681  5098  7389  7211  4275  4395  4013  4998  6623  7868  8122  5797  1163  1370  6579  2141  1948  4630  7941  627  3817  4161  2548  6013  2489  827  6659  4529  3751  5488  3837  6354  1336  2852  1915  6527  7514  7019  1791  
6640  2502  6939  3984  3980  1751  304  237  1322  3537  6988  1228  2562  2145  6587  253  1400  881  1637  6072  1329  678  4716  614  6733  3185  6850  2310  1228  2351  3436  5506  6701  5233  3848  7899  1408  7435  4160  3053  5905  390  7428  7618  1341  6881  2937  4194  3967  3916  3297  3028  3886  4384  551  7927  3733  901  978  7902  3816  4842  117  7958  
7249  6619  2613  4786  2171  3043  4780  4905  6922  6857  4549  5642  7390  3057  5653  1344  742  2831  1021  1224  4933  6896  2790  3858  3192  1705  323  3875  3997  6426  1392  6187  978  3133  2778  3738  4148  3202  3897  6844  7967  1523  7853  1752  5364  2842  5094  7896  4821  7521  3570  3267  4105  5595  6540  7005  5201  2218  4529  3393  3927  6472  6621  349  
5260  4465  1218  515  4723  8186  1731  5336  6064  5752  4372  5194  6009  2031  1706  1463  947  4812  3910  1494  6010  5565  3325  860  7856  1641  6019  676  4441  3182  956  5378  2850  2378  5797  255  5213  2603  7162  755  1029  1169  2809  7502  5714  7019  879  1961  105  6187  945  3699  2950  3449  4351  4192  5236  7471  3056  1549  5209  7532  8016  7536  
3173  5340  2455  2509  5298  616  4068  1961  2185  2813  4911  664  5475  15  7960  1928  5420  4354  6820  5206  7807  7197  1538  7532  6934  6825  5119  3486  2400  1666  5589  3504  5534  1183  5349  2711  1581  3487  1795  379  674  1702  3792  7133  2854  998  5422  3744  2216  7313  446  3637  8005  4078  6038  9  5508  4310  973  3358  3138  1907  4492  1597  
6790  1935  5001  5759  5527  8000  5595  4240  6486  4254  2140  6370  2812  3570  7241  2510  3190  8169  1478  5454  3027  53  2320  4975  6456  783  1932  13  7409  171  7311  4603  4043  5565  6009  1303  840  4183  1808  5358  2375  1236  5461  2731  2726  2438  4377  5920  7527  4995  2552  1601  5766  5161  7293  1030  1414  318  582  322  6897  6766  4103  4785  
5762  4398  1878  6484  3068  5574  2822  1242  5500  3065  2740  3156  1974  7375  4538  4504  1284  2604  5716  2206  2353  5597  7538  216  3785  5061  3338  3710  4303  2988  2446  3799  5857  5118  1548  4739  3784  6858  2126  3466  2797  643  1538  6734  6934  3516  1935  3012  2009  471  2263  1218  74  5035  2142  5616  6562  920  464  324  3288  7245  3366  263  
