3743  99  722  7157  193  2588  3802  4166  2194  3022  4130  181  4655  6015  3482  3037  8000  2736  2587  5257  1278  3935  1508  2932  6744  4844  1946  832  4583  6516  3564  7385  7337  1521  2652  735  7917  1713  1287  5696  6333  176  373  2726  3232  2013  5743  573  7896  4007  1741  1519  4900  3656  689  5691  1609  3573  1425  3764  478  2572  807  3621  
3557  6456  1039  7011  1105  6043  956  2049  4548  2878  5469  6027  3471  2450  3428  2788  7137  905  3410  1543  536  4670  4093  5440  2165  4297  1306  3827  2373  4367  6813  2282  259  7645  5582  6315  1184  7911  6556  4098  5547  7380  1918  1174  4314  3259  7043  4639  4774  8080  6884  6610  859  2695  1576  2255  3465  5035  3732  5893  1280  643  6736  4183  
5203  364  2893  3061  7407  1378  2550  5289  5765  4267  2604  6274  4952  4404  231  5063  4685  3521  1715  2455  7787  5706  488  7778  5603  5016  6906  958  4616  8041  6781  2660  7487  5297  442  742  661  2049  6192  3931  1462  6001  5676  2899  5845  4402  2386  360  4568  4294  886  15  7760  3816  3675  241  3491  4062  2268  6009  1072  5292  3772  4505  
5942  3948  7350  6383  2085  6133  980  3668  7622  7722  7642  4881  8073  1605  2121  6570  2629  1483  2347  2265  7488  1970  4787  3848  1226  1811  5010  2234  4370  6253  8111  4453  5565  4155  7823  4652  5079  5451  4891  7973  6561  1903  5948  1926  4181  1373  2482  2982  8081  8051  3123  6768  4653  1061  5973  1155  6561  4124  5915  5525  2297  4492  2016  3233  
1385  3000  7585  2034  7416  5574  6189  3354  2516  1038  4656  6947  1678  682  7102  1632  3139  1070  4801  3191  156  2073  4809  7584  6113  3682  3251  1941  6670  4588  6708  6892  3192  5284  5120  1097  5752  2971  6815  3486  7736  5651  3905  1772  1652  4125  1512  3468  7389  5807  5830  4029  3590  4995  4914  1085  7553  5638  4398  6309  5000  1346  4305  7163  
1926  6060  660  8070  2881  1893  6538  87  6619  1530  8147  3488  6531  1284  1421  500  7034  6657  4833  6541  2738  6504  4429  379  5217  6378  4202  957  6251  3190  5993  1025  3131  4110  369  5031  3325  4102  3604  7588  2071  2412  344  5599  2504  7994  4438  2403  7447  4851  7883  7415  3876  2486  7256  5422  6958  2584  6696  4894  798  3335  4131  6295  
584  7493  1392  2837  6132  1734  1091  2685  6862  288  2090  3958  3349  7773  3611  6279  4209  6090  2898  7602  4243  1687  349  3501  7051  5423  4657  7712  7266  4880  3353  8016  5339  7715  5759  2373  3364  5480  5354  6455  4683  955  2321  1699  1530  869  6844  1314  2406  7273  3900  7259  2560  4007  6891  5579  8057  5463  4319  6571  4177  6917  922  5176  
110  1212  7094  7099  7800  2641  4334  7406  8094  4593  3754  3935  1926  5867  4525  1914  5158  6603  4413  5894  501  7663  4325  3753  5329  5875  319  5280  2467  6305  1056  6538  4199  7285  1098  5875  1443  7721  4438  3634  1394  4157  6523  1227  791  1146  755  3528  1591  511  626  7864  4016  405  2848  4610  5313  5417  4207  5813  1662  2020  18  4375  
5682  1781  102  6706  6084  2210  5247  3017  3434  559  279  7402  2627  5987  7284  7061  1574  7792  2465  3011  2035  3910  295  870  2200  1952  7642  2925  5352  951  7560  1807  4999  6903  4529  7391  165  204  739  6290  1180  5026  4162  5047  1782  170  2264  7970  700  829  7769  4460  5394  3431  3473  4953  3489  6354  5611  6091  6266  7296  2229  3133  
6735  1522  5401  4252  2271  4244  7814  4300  5718  2636  2103  2275  3885  2448  2382  2224  1869  5721  7790  2863  4633  8084  837  6622  366  5703  7752  3829  7653  5114  7404  5157  5630  1027  6647  5749  1820  22  4627  8036  610  86  3590  6748  899  3033  6934  6186  7333  2324  1386  2366  6889  2032  2614  6380  7978  0  2868  3723  3067  6339  963  6753  
186  1414  6671  5307  57  3848  1809  7121  1791  7167  8100  1919  2281  2124  2846  6729  2121  7022  7094  5367  5708  237  2194  2984  5092  3076  3385  4329  1491  465  7204  4016  3236  8075  7059  3014  3624  225  4095  5002  3207  1116  4193  3992  1266  4400  7980  537  7951  6217  288  5203  4402  1980  1826  7062  482  887  775  2309  2670  4897  7951  7214  
6223  4568  4729  2410  1569  23  4655  7742  3934  5716  4024  1090  4716  1737  854  3462  4416  2859  2861  304  5929  5607  6203  479  305  4579  6557  1857  1649  4707  6930  2386  3215  7882  4372  5700  4025  2878  2207  1614  4235  1829  8030  7936  4401  3280  1057  5758  6623  7940  55  5366  1780  1684  1716  2755  4286  144  609  3350  1566  4324  7423  2564  
445  6650  5428  684  2764  3322  3636  246  2143  209  2332  7386  1321  5238  203  6299  4820  754  7385  6741  2897  1833  827  2011  5495  1902  7259  1111  4289  7062  5045  4649  1728  3484  7605  3281  4521  840  465  2  6759  5716  7948  6542  195  7830  5635  4167  2273  977  5237  7266  189  5382  2838  4840  7981  7573  4468  2575  4302  6701  2223  6076  
2666  6724  346  1612  4846  275  2158  3129  5064  2758  423  1891  5022  3697  2702  3131  5853  2040  1458  1586  2120  7224  7948  3110  2927  6138  5618  4762  269  2102  2869  555  1999  8126  3349  464  5054  6786  7270  264  650  4197  7907  608  3499  7461  1021  5522  6263  240  3660  7815  6667  2254  5955  7348  2385  2354  4985  4120  5516  7769  6320  7536  
6340  1075  1882  1072  3137  7202  4721  2768  1141  1998  6277  2200  4540  4587  3978  3488  2647  6107  5861  6097  3692  2143  1876  4741  3658  2834  1652  4734  4100  647  779  1245  7087  4671  1781  5844  4510  3042  4211  2299  8166  637  5226  2765  1576  704  2845  2636  6374  4548  548  3851  5096  7675  873  762  6372  7578  4665  7891  6689  7245  2838  5290  
5705  1749  5675  155  3597  617  5201  6123  7521  5876  7716  5487  6421  660  1614  3788  6002  1159  6565  3108  1371  4905  1995  2087  1027  2576  3142  463  7465  4186  4111  6701  6828  2756  945  2215  5454  561  5194  108  5484  7587  1402  4513  893  3569  189  7682  7912  5796  3758  2721  6662  5932  8031  4988  1431  4361  4109  6582  6773  4846  2656  1635  
5207  1800  3182  2250  3529  4410  25  7188  7464  120  1655  3181  4622  7647  2528  174  6493  7482  4080  2899  2980  938  4264  368  7926  154  7899  5342  8154  6338  4588  883  2092  1911  3992  1282  1733  7177  2347  2400  1576  3780  2780  7737  7805  6049  2057  6917  1141  4431  6456  6104  719  3531  7150  376  4975  2283  3577  3647  2653  588  427  4571  
7378  7668  4787  75  1487  1693  1747  1807  1901  3383  3993  1797  1060  2239  4825  3848  4684  3154  7226  5179  706  1711  4687  5211  1656  596  791  1808  7790  1375  2318  6438  7611  6791  5010  306  4952  7108  1099  5373  7489  3541  5520  5182  6222  74  604  256  2569  4164  126  1207  5590  5246  7290  3256  6663  5431  4984  6714  2588  2331  859  3946  
3679  3423  1861  5019  149  7577  6449  6555  222  6220  7352  7601  6809  2059  2987  3086  3709  4266  1979  5181  3881  4086  1947  4362  529  3466  7852  4401  5796  1640  7363  7352  617  4349  4021  3415  4724  68  4481  5862  4536  7532  5339  1730  4423  2571  5728  266  3598  4682  4642  1970  5072  4000  4074  6124  441  1723  7540  6752  1174  717  2272  4442  
3775  4820  4284  2016  1096  3544  3044  6836  3059  2408  2378  6943  417  5453  4169  2209  5256  494  7782  4031  4338  7777  5047  8104  7916  5569  3535  4698  3318  4296  3060  5978  7638  1854  3302  5727  7349  6827  4973  464  2885  1116  4120  6100  614  4563  727  5392  754  2309  7122  6032  3945  6914  5501  6751  7688  5808  2322  1722  2619  6628  8169  147  
6382  7354  4475  6977  7294  6543  4920  3021  3238  4073  6636  5735  453  2512  1880  869  6543  4539  510  5248  7489  8073  5071  398  833  2516  2669  6364  5978  7578  6313  1739  204  5766  1374  7285  3343  7857  1693  2721  1149  10  5361  1602  1727  4604  1754  6770  3772  5854  3446  8118  2599  1084  2525  1255  3056  4032  5904  7955  3656  2664  7171  170  
3366  6073  3670  3323  3004  1515  3300  7832  5117  250  338  4072  5692  6835  1687  5589  1442  5223  7366  648  572  461  7212  6582  6092  1492  5871  1442  2228  5802  3142  7174  1552  6454  7921  3064  3631  1171  7679  80  3633  1647  374  35  7299  4948  4287  2262  563  3876  5523  3910  6551  5540  4765  1941  6364  6971  3043  6391  6527  6332  7161  1393  
3309  3554  2721  8071  4401  3326  3391  4555  4264  2991  1963  7473  1475  5836  4565  5401  4250  1984  1752  1680  3666  6987  5994  2899  1497  5868  6346  1090  2622  2405  1409  507  814  4117  384  6018  1433  2506  4831  5098  7400  4995  6538  7090  7973  2948  4227  3515  1872  3635  383  1289  4763  263  3391  6945  7102  1082  6125  1761  5625  6544  5622  1237  
7838  7731  5505  127  6045  5189  2945  2377  8002  6388  3021  7612  2480  1860  7499  6884  6994  1884  6140  588  1369  1882  3736  5110  6562  6624  6670  1119  4521  7051  882  6472  6900  3445  3928  367  7407  3381  5407  4130  2842  5586  7747  7239  204  846  6165  6645  2053  1531  6500  3461  8083  7953  402  6848  7028  3254  285  541  52  1043  3614  5069  
4899  5921  897  1882  1176  4947  6013  4242  6967  2179  3349  2601  1708  8184  1753  5780  962  2747  2545  3122  4777  7851  2355  761  5158  279  6154  7779  105  6736  6203  1016  7060  7085  624  5480  6010  7523  3512  4765  3042  4442  3450  878  7032  5416  681  2902  4543  4122  7255  7561  2880  7902  1437  7318  1002  276  5384  2398  6809  6480  5348  5482  
