4395  3702  24  3172  7011  6245  7328  3489  3788  4726  1125  4993  131  907  6290  3172  6181  3694  1512  5768  2187  7846  1813  3350  3581  7472  1624  7793  3467  1455  6271  6606  5548  1562  1101  228  103  3776  5420  5252  1235  5159  915  2608  907  6002  5198  5066  6625  294  7284  7520  3505  8160  1594  4439  4422  436  111  7939  7941  4180  5005  2014  
3311  7203  7470  5085  192  7995  6882  3955  852  2942  3030  6989  7222  7483  5066  5105  5601  197  2973  1317  4484  6072  3691  2392  4837  6441  2635  6416  3706  3964  3018  1957  6393  4535  7326  3420  5913  3313  2299  5310  2289  7827  6042  2267  3773  5071  7539  6080  7183  2772  6878  5080  2316  6406  7324  7339  1294  2025  2269  1962  68  6051  7027  5875  
7754  4750  2591  7290  218  6706  4080  301  6931  8027  2168  6524  2198  7490  6926  7331  637  4525  3417  2012  6767  287  8127  3271  5455  7473  5219  2997  4011  6892  1401  4017  972  7727  4014  3071  58  7795  122  7804  2116  2917  6117  4025  4481  2643  6915  5983  6004  2494  4438  3659  5693  753  7770  7929  6068  1693  7826  3753  3154  7310  3850  1541  
4764  2380  7858  5410  5811  5676  5356  3981  5974  6906  1305  6315  1308  5680  3081  591  7331  2526  6501  6930  4890  7840  514  3907  7622  2860  2049  3519  417  4507  1282  6010  6486  7911  782  6699  5049  3379  3938  5623  6896  4739  1854  95  3291  826  880  282  3124  1284  2534  8172  2879  4586  3432  8077  6414  7941  1557  635  5395  3841  3402  7421  
7489  4177  3166  4807  6882  7498  905  3762  2295  4413  669  4883  1065  2452  3541  3636  5898  1595  3839  6911  4651  4023  7835  7722  2860  4229  4507  3572  7950  231  2022  6277  3411  6472  7615  2901  2328  4482  303  6202  4321  7589  6506  5877  3707  7340  1402  4328  3844  2322  1543  3987  7015  5874  7418  931  1977  8051  3394  593  5201  1174  6139  742  
5686  404  8067  7451  5426  8074  2804  521  6657  1026  804  4971  1682  4754  1770  3275  4795  7551  3495  7292  6196  1291  8113  5918  7846  2162  4792  1078  4975  3791  6538  4718  7412  5968  6001  617  483  3194  1111  1892  1114  2464  246  5563  2998  6788  8004  6208  727  5978  4038  1264  5797  4909  6205  8005  2449  1296  7321  1717  3855  6834  4234  310  
4993  3737  2697  878  6151  2715  6878  1902  3016  5616  2323  2411  6501  5948  8010  3978  4794  6465  4776  7299  3841  3427  2651  4851  6174  1865  3390  6810  3133  7391  1811  2736  6052  5295  2072  6320  3050  6587  3325  968  6202  1648  1503  7319  1925  5111  5512  6179  4731  4983  106  2337  2877  1157  2387  5375  283  2610  351  3954  5715  7758  889  378  
1010  7190  5030  3627  4540  4606  866  5305  6944  4125  2422  6261  3946  4124  4070  2928  4553  2887  6235  1930  2996  2076  4432  888  7828  4614  2570  6652  1513  2729  3473  1612  910  7440  4943  1091  1363  4605  6827  4116  2379  2613  913  3048  7395  2814  1947  7420  3624  5203  4255  1474  6850  4321  2193  6816  5986  6322  2896  3713  7063  3009  8049  5566  
5049  5759  979  1177  6268  7670  3410  2625  8025  5202  5528  4945  3071  5475  6285  1082  6511  5189  6039  7018  2183  519  7123  4251  6794  3878  2384  2469  5199  6811  2047  1405  4023  4313  1830  3183  2139  4667  5576  3568  3660  8172  6016  5647  4195  761  5654  2441  7188  4941  7444  3578  1784  2048  3080  7539  2634  3693  4559  472  5635  675  7238  7333  
5343  546  2046  2527  398  2804  158  6085  3499  8111  2018  4717  6571  7510  6782  5097  5427  812  2275  1991  6580  2409  3966  1945  6362  5976  386  2063  5311  1581  8118  5950  7072  303  6485  2870  3209  7269  1742  6026  7743  158  2904  2414  7576  7755  7258  1288  3613  4554  7327  7711  5276  922  4942  3897  3358  863  2767  6744  5871  3210  7303  6948  
3574  2465  5571  7015  6992  2352  4694  5419  2046  4515  5687  6940  5985  7607  7997  6363  5793  5750  7425  7475  7463  166  5611  2418  2528  4485  779  7962  6382  1422  6957  6094  5865  4174  691  2230  2686  3729  5702  3519  1032  7689  6692  5030  3974  5839  5553  4479  5653  5272  4215  6418  4794  5462  1836  891  2362  123  1714  7389  6233  7256  1191  7991  
5405  7469  3704  3258  4537  2693  2694  3714  6327  4378  3704  5755  5294  5305  3971  1903  2956  3664  4438  291  3394  4586  302  7312  4517  75  3191  5555  36  162  3996  4753  5484  6039  4803  43  1540  2034  2018  6104  4272  1428  3204  7414  878  3998  4601  6343  3144  5008  7660  7471  6190  394  7777  7598  4681  7804  3266  2951  5220  7498  6614  5847  
4365  356  2828  4331  6328  482  4155  2172  812  898  2102  2331  134  1140  3125  7232  5213  1108  5456  4874  5152  3972  2542  3526  6571  3951  2820  4979  7665  5450  4419  643  1266  5614  6277  5863  3911  5372  3424  6551  1814  3726  5734  5738  4165  1486  2628  3263  6091  1964  72  5274  5305  7706  6731  8015  335  2683  7472  6809  4123  2902  2903  464  
4267  7991  7280  13  4051  1325  6735  4657  7539  1514  5203  6196  3114  4285  2892  1944  4461  1987  41  4009  6874  2396  3332  1297  2  5125  750  1448  3934  6611  6324  3005  1069  3822  765  1002  697  6398  4512  4597  1387  3450  3290  7930  7768  171  5277  1199  2393  6993  3950  6903  2671  1590  1421  1730  6067  6011  7909  7708  1435  6008  4339  6229  
3310  7907  6388  6641  4540  2638  7828  3027  1891  6685  5151  3313  2516  4473  2944  7034  5074  6921  6844  7358  4249  1515  3046  2786  197  5576  2133  5256  7505  4697  428  3397  6443  7155  537  6348  4366  177  6834  7788  4597  73  8032  301  1138  4589  1795  4564  1054  2956  6363  4590  4233  2570  3453  5640  7130  7460  4396  4522  523  7680  4730  2075  
5693  6278  7518  5894  6387  5724  5700  3791  2841  5919  7750  5203  7272  2556  4216  5233  5000  8175  1880  2043  5347  7993  5168  4335  691  2549  5757  1421  4389  3148  6819  4929  5496  3445  3261  3523  5654  1769  876  4632  87  970  4853  7164  5875  27  904  1190  675  3245  7456  1448  1635  24  5961  5327  3156  6625  8092  2740  3237  1389  3634  3150  
1597  7065  8088  2862  399  827  8166  4235  168  5561  1590  1567  1239  6621  893  729  4333  6783  6431  6488  5654  3814  5004  4127  6027  1995  947  6245  7260  3493  5517  7624  5  2704  4964  5541  7528  8109  7242  5806  5099  6633  7437  3078  499  1895  7092  2997  1578  5998  4217  496  4377  3611  2184  6960  3303  6802  4655  2886  3464  1026  1948  7881  
7129  1875  2110  8096  6670  2596  2326  6790  10  949  4890  6784  1342  4157  7684  7223  6218  3084  5404  6505  299  7540  6589  6628  235  2166  4834  6605  4760  3904  5939  3885  206  3770  3585  3078  5804  77  5976  3807  6852  7366  514  2978  1472  7327  1479  3292  4638  7985  2174  4289  1352  1881  2250  5507  31  2116  1009  277  6184  7730  7162  7701  
2492  2870  7816  5005  3864  7226  841  6316  8089  4959  2546  1867  4972  7567  4202  973  617  3345  4954  2389  7519  5138  1304  7861  5451  494  1263  3253  561  902  5300  4759  7764  577  6609  8099  2435  4933  6595  7330  2104  5526  7529  3463  6783  5745  7964  5506  5523  3498  4407  246  7713  2653  2280  6385  5798  6565  7963  7826  6324  3000  6132  7939  
6254  3346  176  59  3556  6091  442  7305  5556  5525  6083  2785  2888  3578  1954  2951  4758  3429  3031  5708  6109  5917  6503  6004  2252  4598  2981  2790  7656  4053  8015  2316  7334  7456  3049  7328  2966  1293  22  5490  3855  5915  6671  4854  6878  2901  2826  7776  5085  4370  5288  2957  4714  239  2983  5771  3003  659  199  7504  6173  1687  7466  7011  
1698  7820  5311  5148  2331  5576  2572  5775  4943  436  1137  7531  2883  6541  1108  557  4051  6284  4030  3187  3174  7875  6068  4742  4407  3299  4280  2929  8135  3010  524  3912  3895  4056  6996  1251  7813  3668  7696  996  6786  720  4976  1798  4251  6332  3563  842  396  2968  2590  5919  5486  6743  4889  6088  1271  6474  4821  3085  6141  971  7516  1151  
804  1077  405  2577  989  3102  2905  4153  5141  4626  8022  1405  7473  1698  8088  4762  3695  635  7772  2500  763  1573  1308  1239  4913  6821  1562  4760  7507  3610  7594  3028  1708  5979  8010  5419  1575  5453  7124  4651  6983  164  4747  4397  7080  1037  4637  2402  7522  7594  5708  6566  2650  5350  7547  3435  6525  5200  3269  3631  334  1995  243  4978  
4602  4460  3112  6836  5287  3588  7062  6873  5135  6316  177  3932  4359  323  3164  2323  2035  2862  3446  2810  6775  5843  2392  7358  3231  2103  2303  6704  5250  3333  8002  5324  4980  598  2570  1112  330  7711  7178  1890  2928  5424  1719  6355  6132  5778  8053  347  925  3154  5228  2061  3174  876  4994  2080  3553  2029  3788  3374  604  3114  5762  5962  
4307  6776  4381  4867  4434  7211  2640  5016  869  5748  6626  5933  6475  428  18  8012  1869  15  3238  5721  2898  2452  4259  7783  6210  3106  499  197  3392  7555  3131  1873  7534  2359  8113  7430  471  3241  5775  7976  3534  397  1668  1368  1068  6554  6479  2896  6629  476  1310  2033  5882  5441  6272  7909  7822  4319  4769  5195  1780  5379  5996  4519  
4577  7428  7328  6011  3726  1463  5738  8002  912  6398  6326  3927  2320  8166  7043  5670  2212  6243  6275  8039  6037  5345  4804  7008  3163  6528  6942  2610  7159  3746  7437  2569  2725  4800  975  7291  3803  3763  4476  4848  2837  3906  5355  4323  3245  2314  1687  1967  7570  3980  7493  2184  3213  380  5125  5956  599  3324  3429  1434  6596  3089  5032  5154  
