1209  4940  4571  2063  526  6511  4900  7181  6275  5741  7182  3660  1045  5476  2608  5805  985  4870  6910  2543  6220  6437  2665  714  1401  2373  2102  4253  7234  177  3319  84  1124  3403  7626  4415  5294  1670  7634  6176  2613  5183  5466  6576  4188  1438  7218  7162  6717  3867  2463  5258  3131  1563  2711  1471  1462  4639  489  4948  2495  3869  5544  6370  
6551  7349  3790  5215  2586  1052  8122  5666  2368  8008  1059  1054  3318  5149  3598  4517  4146  4061  4422  5398  4889  2484  7316  1210  4715  5887  2548  6607  6557  723  7840  5023  7005  2141  5297  7064  4743  3093  3652  8040  858  4169  2629  3304  155  2282  3095  2100  2589  6705  6787  6798  1347  411  1594  2403  2918  915  4627  3001  911  3935  1412  2981  
2175  6529  7619  1197  6046  3622  1099  1032  7633  5986  1239  3240  896  1205  6306  2198  3445  5495  6137  4579  7417  4965  4049  4506  57  4033  1614  5144  3912  4323  3484  5843  77  3982  1816  4201  8064  233  3481  40  6603  1236  5897  4391  6283  3483  2293  4692  6797  3687  3156  296  5503  2665  5358  130  736  4816  5309  4954  3003  3471  290  1336  
4717  4193  1054  3999  500  1566  4195  342  6613  3265  3510  3374  7925  3301  1466  2468  343  1983  3677  358  4005  479  991  3236  6516  7338  5330  1152  5323  1860  638  2022  7204  4479  3768  967  3  2680  7981  5236  6957  6495  108  1659  2490  6103  1004  2941  5950  2896  6442  3783  1581  7515  7330  5407  7016  3074  3240  2527  8136  4440  8042  4211  
3987  3063  4851  2979  8065  1850  5082  2665  1128  7460  1700  2934  5579  4016  54  327  7889  1407  2896  3141  1749  3213  5004  7656  287  4707  3005  5802  6826  7492  2997  6747  7149  6629  909  736  8112  4258  5082  3018  1594  692  6219  1213  5509  1592  8088  2952  6746  1110  6595  4183  5619  692  2018  3866  1487  5618  7704  1366  3327  3152  3951  2774  
4310  5860  4845  1655  4716  2535  742  3031  6530  6823  5338  4843  4096  6942  7644  6855  5668  7092  5612  274  6338  6355  8110  7529  6605  2103  1439  5823  2125  6220  7017  8182  5961  3266  6764  2468  835  6891  8160  7715  368  4100  1508  5614  3421  5263  6691  1307  109  5169  3036  6506  4124  4969  2968  2123  642  3159  566  2612  2554  1182  783  3000  
3344  1072  2878  6341  1019  5934  1071  479  803  3120  3174  3754  610  4978  4636  1053  121  2347  2731  5764  4443  7075  6458  2419  7510  3144  2032  2152  3355  5830  4188  607  5862  1427  2541  2857  1034  1059  7198  7703  4395  4896  576  1697  3060  7487  3287  2649  5439  3513  1999  6928  6798  936  3242  7413  4148  2806  4288  4362  7229  8145  2734  3086  
1346  5530  4448  5851  5854  395  5775  3040  7654  673  860  3862  2792  7009  5598  954  4084  7366  6360  2661  120  195  5990  3219  2747  1117  4927  2210  2808  4608  6211  2031  2979  7997  5170  5273  7760  3150  5643  1829  3341  5314  3539  4463  725  1163  6964  2629  1754  4245  4405  2033  3115  4180  4827  555  1707  6683  1009  5279  6840  5139  1146  4004  
1903  4326  2718  6882  2035  6745  5034  1300  1636  31  1976  6769  4984  5891  3064  6780  2563  5059  3946  729  6014  6697  6472  4681  2323  4168  2332  4470  3995  7626  4365  2253  4976  7656  4491  739  2471  100  822  8099  4831  2226  7886  4023  7213  7548  2596  1665  1050  2459  2804  2900  1657  2365  6318  6427  243  326  388  847  839  7804  883  7765  
1186  1694  7454  2178  6466  1559  5847  3171  2500  696  6226  2449  407  5779  5251  6915  6333  3773  3831  2262  4493  3458  3987  6085  66  5870  5922  7167  6824  3717  3918  4794  7298  7859  2417  5152  3730  5397  890  4229  4492  1554  1526  3722  7902  326  5428  8006  1092  7759  1124  303  7396  3312  6667  6743  1756  5510  167  5186  6249  1519  1861  355  
7809  5572  6395  439  2771  7720  3591  6010  6366  2731  7039  4127  6000  3204  5851  6145  6044  7394  783  642  6684  3860  3536  5809  5178  4695  1462  3743  306  5786  4896  44  7770  3705  7851  1506  2795  7747  1498  4723  1793  1798  6477  6442  6282  983  865  7681  7936  2687  6545  6938  5326  7773  530  4060  5862  799  3959  2987  3555  4632  7090  2649  
4982  7651  4019  8109  4330  6113  7669  1334  4086  663  5653  609  5785  7605  7633  7811  3965  1562  2098  3646  4309  3523  7448  4549  5767  6840  148  6930  7435  1348  4106  7437  3077  4119  95  6173  1205  3691  7591  504  663  3360  336  6840  3783  2464  3450  7342  3304  5122  986  6923  2882  4194  6806  5119  929  7152  985  2631  7213  6181  7470  2265  
7287  3628  4414  56  1016  6561  5688  6285  3146  5205  179  1226  1241  585  6150  7523  7545  398  5227  3264  989  336  2689  917  3638  3337  7259  2439  626  3838  3848  6079  339  4842  6025  7542  4370  7585  3757  5984  7951  940  7261  5661  6839  1237  2765  5517  3875  6667  5072  7102  5007  2095  1817  2403  3964  1243  2291  3482  1432  7370  7894  2103  
6327  983  7441  6392  3796  7967  5861  6076  4342  3126  1713  4421  6344  7204  2734  5824  5463  4146  5307  4881  8029  6940  3205  7461  2317  3141  1044  864  5180  5660  5886  4963  2803  7067  7859  2191  7011  5814  7869  6872  5942  3438  1590  5374  6172  4064  5410  2670  6245  7585  2116  2555  5536  5222  4440  1295  5181  6833  7679  3270  387  5756  4671  1511  
3146  2027  7922  6856  3663  1580  2041  787  2127  7554  7944  6393  996  4754  6078  2675  3955  6759  7135  6717  3314  6337  1790  134  501  7345  4242  7158  7672  7221  5211  6174  8144  963  2702  4104  5124  9  3562  7001  2522  427  4204  7439  3209  1115  3254  4243  151  720  5840  8096  3114  3939  178  5670  610  1114  5841  4279  1080  7321  1651  5728  
196  1547  1276  7004  1491  3220  3977  5311  3778  4991  7256  7954  7583  6344  4939  5221  4748  2399  1616  5034  8113  6942  4272  7841  6237  5570  3917  4699  4919  1581  4613  3848  7021  1953  7067  3760  5660  8122  4037  2746  6902  6602  7359  4658  7903  5105  218  5346  2982  5187  2413  2151  4735  1027  4889  6376  2328  5241  1063  1133  3501  4410  4205  7474  
5597  2133  7256  1208  4326  7676  6625  3654  416  5967  6492  3785  3261  5192  1541  934  4776  6048  4352  1994  2045  5715  2164  961  5766  5915  6190  7162  3212  2342  2363  1301  1452  1082  1138  7887  6230  2235  3906  631  4561  1202  4146  7886  7275  7191  7773  1943  5538  7619  4010  2183  1398  3001  5072  7917  5404  5424  5521  3643  1426  2381  1890  1084  
1053  1250  6776  7502  7804  1280  5308  4504  4807  5606  5970  1422  2455  946  8007  6143  5809  2017  7195  7234  3712  776  6282  5643  1169  3404  6819  5994  6102  2531  7158  7969  4474  5593  661  81  7995  4988  1064  4290  7370  329  6001  2819  4037  7756  5484  8026  1011  879  6569  6570  797  2801  503  109  2770  224  2930  5604  3639  3489  3167  2258  
3592  6931  3059  592  6460  2996  4711  6856  240  3635  557  8105  590  3144  6002  6704  349  2661  6202  3668  6961  597  459  7788  1524  1243  811  2743  4903  8102  8126  3693  5983  1993  5480  1632  4505  1285  0  6073  2036  4455  6696  7377  2639  263  371  2181  6768  3395  1760  4184  2672  2781  6908  2099  1091  7245  654  3133  2471  3028  7391  4703  
190  3068  6687  2364  5120  5746  2852  7025  7885  1580  2022  7731  222  6486  5648  5989  678  1701  7938  4825  5571  6690  5174  5822  3387  6995  4591  7384  2073  792  468  1395  2494  6399  5567  6151  5126  1158  2633  3406  6752  723  998  5431  86  7245  5194  4758  2057  7836  6074  5331  3797  4227  5612  168  109  5847  645  4827  1642  4049  6397  73  
1782  3919  3842  5843  869  7542  8068  4903  377  6981  432  1794  3219  7724  5593  4332  365  6802  7302  708  698  6060  1749  4159  3922  7508  3073  5382  4827  1407  8066  940  4984  1237  3893  6205  139  2877  7787  694  1482  1358  879  3433  468  3778  2984  2477  5486  4071  5907  5828  3540  194  3392  813  1333  5860  6928  3105  5521  331  4254  1060  
6303  7191  5693  6833  1775  3342  4067  4711  4672  1876  2768  2542  5158  3223  87  2359  6487  4839  2700  5653  7881  7157  7028  2470  129  999  3964  3939  7541  3436  1888  7947  2777  693  2827  6137  4602  7174  6931  2147  7146  4635  7170  5339  4422  5982  1620  3272  5799  3153  5860  6458  1543  1044  109  2180  6621  3275  3664  6724  1025  1536  1252  1783  
2893  6461  6188  4621  7955  7893  8047  56  6729  2347  4514  2114  3434  6749  1551  1666  3928  5586  5338  4787  7774  1224  121  4224  1606  503  1613  3280  7607  6091  7669  6508  1418  5603  7268  1212  494  8170  5188  2638  5559  498  6727  6795  2562  2433  4751  5829  2294  7421  3193  5257  5498  1231  444  4614  7821  6105  4973  922  1964  1316  1924  3317  
4133  3521  4285  1006  6894  2193  7943  1911  1461  3097  4360  1771  4239  3298  3356  1154  2821  5116  568  6430  7939  7644  7560  7373  6909  6667  5966  2312  553  7344  976  7539  3106  4018  5858  5123  5840  6213  5686  3468  542  7317  4198  3627  4136  4121  2624  4906  7994  1739  4135  4987  1808  8071  5043  3526  1037  3210  4627  114  1588  8053  4265  3878  
3562  1690  3126  3953  6592  4073  1346  7582  6666  5122  2000  1269  6315  2752  684  4044  8153  218  7487  3953  6371  2689  6866  2425  2002  7499  4680  5801  7426  6245  2185  5982  2775  5649  251  3244  6282  3975  4680  1049  7678  909  5921  2846  7620  508  3629  2876  1003  697  4301  3907  6898  4174  7857  7522  7666  4303  6270  3195  1074  1726  3460  170  
