5270   8167   3856   2687   5537   6147   161   733   5477   428   876   5446   7466   4449   2483   220   3919   3852   2238   6651   1600   4879   1056   7726   7256   5930   113   2630   4952   5895   21   4360   1895   2015   3318   1486   3473   6137   4223   5518   2252   1994   6411   6210   8028   6803   3137   5750   600   7517   862   1879   5477   1602   6330   7238   80   981   2672   5229   6096   5673   7187   6112   
3536   1958   6974   2699   2261   6699   5730   2192   1654   2270   1529   7995   5522   6490   4769   5140   5071   8045   5031   844   6408   5011   4478   5228   5418   6690   495   2822   5020   2891   2271   7274   5182   5378   172   6056   6734   7158   134   7913   4140   6667   1835   5156   4497   4287   2630   3778   3750   296   219   6875   5265   7729   947   5599   6827   2625   5697   1860   1390   3218   7655   3430   
4649   704   4654   5583   3968   3049   2482   5835   7318   4029   7814   6883   196   4564   5987   5900   6930   1375   299   459   4799   3902   3353   6595   4645   3126   1442   6884   409   6303   7680   3480   447   7239   3167   2355   2590   1412   5668   3160   5192   5629   293   65   7947   188   6343   3281   7703   1436   2960   6736   3036   3625   5165   280   3661   6012   7863   6006   6496   1122   5577   5278   
6936   7660   1603   7178   101   7990   737   1626   6217   6693   2213   6901   6770   626   5922   4540   1995   4863   5426   4322   1823   2828   5316   7182   7597   6737   2295   7956   7861   5835   1832   1933   4748   4119   6652   6272   3953   406   7693   5432   1945   5075   195   7617   333   486   3235   567   2858   5323   6607   7250   6431   2806   2108   2395   3853   6773   4096   7668   273   3237   2172   6527   
6335   7440   5334   5681   6691   782   2891   6892   2528   836   6581   6646   4937   407   6687   2622   472   7335   4409   2076   4832   6511   6178   4884   2177   121   3866   2172   7114   604   6227   3371   5386   6010   2608   7165   3453   1096   8157   7041   5843   4401   5744   7261   1290   3739   1713   5614   3741   619   1055   1264   3861   173   4714   3124   4010   3497   7455   7668   682   2037   6601   2656   
2053   2951   2985   2740   755   6006   4615   3117   3865   7513   7517   3519   3700   7560   3857   649   645   4128   3856   3120   2912   2301   1988   1961   2397   5567   705   1115   3380   4461   1368   5149   6750   2868   2739   4181   773   2362   3111   7917   121   1179   964   4616   8076   4492   4505   4149   6467   5578   3663   4882   1666   4057   497   222   68   3261   5814   4244   3279   6799   4426   992   
6470   5221   5084   6662   1932   2650   4327   5525   5136   2758   3792   2189   7918   1644   6484   6078   8112   7055   765   7657   2014   3345   4347   3149   389   815   2786   6319   7692   7689   3936   5971   3783   6018   469   7119   5557   6663   245   5877   1090   5575   6296   4110   3673   2218   5537   3327   5472   2322   6005   5178   8087   4265   2625   5489   1654   6725   2862   6184   5998   7888   5098   665   
4421   4891   2840   5930   3900   3571   4491   6583   4831   4200   4617   5014   3177   1532   6392   7065   6432   5706   968   7728   7957   5686   1230   1556   6706   3384   2034   4666   6084   6062   5145   500   3086   7401   2058   7832   5203   3744   7838   686   414   6622   370   2841   1289   8152   3680   5776   6421   6852   3093   3332   2320   7388   4182   7903   3397   5520   3280   6297   6969   3746   3648   2435   
4301   2937   4353   758   3434   7825   7757   2994   3498   1775   3514   1160   3290   3375   1423   567   5435   3327   4416   8188   5390   6972   50   7112   5619   6741   2751   4911   310   4526   7480   5053   8145   7355   5435   2162   6262   7166   2293   5565   2499   2928   2787   1774   5209   3439   2209   365   4107   4928   4497   1184   3762   8156   1291   6520   6389   7382   6716   6456   3754   1810   2678   4181   
1020   1575   3753   5551   3024   598   5701   3137   1688   5686   5048   3070   2846   6100   138   2966   6506   2258   3766   7024   1017   7590   1508   5215   6113   4690   7971   2559   147   3619   7511   2156   997   4955   7943   8077   6437   2903   6510   6670   7923   3490   649   2701   6052   3551   2846   275   2622   7233   1654   433   872   2508   907   4619   3523   669   7445   5688   1872   6238   6996   7469   
7484   183   2319   7302   6966   7846   7742   2615   1081   5628   1781   1925   6905   5991   428   1305   3723   5648   7088   8084   4106   4963   6037   5681   4404   7192   5686   4607   8092   7154   4936   2826   4433   2201   2757   2867   954   442   1103   4225   1187   7822   3373   199   4944   2470   5760   2874   4430   8121   1216   3941   1823   5624   3039   1120   8153   1818   4509   5756   283   4520   2061   4430   
3768   650   5458   4901   2609   5344   3845   8045   3158   334   7305   7741   1501   2484   759   4   4681   4304   3868   7724   3958   1252   6006   6316   3093   3790   7857   7273   6259   5422   1395   5537   5620   438   2804   6678   4423   6213   3762   1867   2498   775   672   8044   5959   140   3395   5166   2829   5500   2433   2284   563   2130   3583   7236   3530   3653   7426   3282   2117   1910   634   197   
5249   2811   1216   7994   918   968   5509   3798   164   7815   1105   7362   7185   4523   6174   3274   324   6678   6021   7535   5429   6288   1990   4434   2148   7895   1846   6904   5446   3484   4986   5228   2322   5967   148   4225   1946   1526   7645   3032   788   6799   3536   2260   5594   2663   4187   3905   4475   1830   3593   4943   5211   6920   529   1076   7100   5601   960   320   4443   3726   5868   4590   
7640   4935   7931   1900   490   5137   6771   3767   141   6374   3665   2454   3213   7861   5463   4822   1175   3084   8128   2954   7457   661   3957   5344   6193   1019   5968   5861   5571   763   2742   2623   1133   4198   5315   7642   5751   7163   7433   6545   6616   6753   2802   6706   1644   6432   920   5307   4747   3869   6389   6699   7373   4432   3115   6223   1918   6772   5945   6527   6286   1279   6903   472   
5026   5581   5375   6292   2582   2359   5939   5911   5676   6676   3992   4873   3074   2373   7547   3040   3784   825   3168   3156   4284   95   4477   94   3718   251   130   2966   5174   7579   5189   3251   767   6921   839   2730   3371   1109   2443   5994   1297   2836   1269   5923   1339   5444   891   8061   6373   2949   5860   3683   5256   1735   5467   7684   5562   906   4078   426   2224   7728   3489   3297   
5110   7977   5207   5827   7119   1562   5142   1890   4395   7164   5452   2178   4014   2489   7978   3194   4556   424   4696   2823   4521   5   2214   1613   7557   865   3966   7426   222   6442   4782   7464   6392   3993   4858   3906   2985   1273   6174   7768   3948   3701   6367   1494   8152   1870   4214   5740   4140   7796   593   6600   3734   5825   4236   7702   7529   317   3095   1767   6083   1124   4976   4742   
6656   1145   3446   5112   4380   5373   6074   1574   724   3429   3490   1733   6870   1976   3120   7881   3114   45   2885   1878   6749   6314   2753   2966   3837   2850   2686   270   5932   3644   3781   7992   656   410   2856   7730   5106   490   7881   4330   39   3285   2009   3500   7150   2490   6848   854   726   1653   5913   1189   7997   4202   6833   5022   2319   6758   2652   145   6810   1362   5035   2257   
4074   3414   1651   101   6434   7759   3675   1697   7562   4039   5889   7345   2104   6517   4842   4543   5205   144   1449   3761   7533   3283   7860   5195   6816   1510   280   2994   6394   3234   5850   3142   1852   1468   4287   4861   1218   6078   3146   213   3160   2389   5166   1717   2634   3711   589   4206   7199   493   2350   2164   7865   5630   4917   1796   1736   7095   7826   3294   6546   4353   1382   7692   
4872   1033   6854   793   126   2998   5326   7163   3521   2726   2778   3757   1305   5102   644   4863   5257   1719   4497   4045   4814   943   3820   3782   3263   6739   4374   2839   586   8015   878   6474   5795   4438   3797   5216   1848   4089   6869   2055   1545   3262   6048   5773   5798   690   4554   7392   6864   212   488   6659   778   7825   3069   5731   5197   6928   2374   1292   942   7120   3486   8181   
2060   780   5112   2999   2133   2661   5670   131   5067   5467   1313   2025   7776   2258   2188   1983   5618   3640   6011   1094   3608   5972   347   2366   3491   7502   6428   6759   6076   1842   2044   312   4041   6602   1690   8000   5086   974   3356   2732   1635   2104   5858   6985   3858   7435   7425   1004   2102   4112   3573   5866   3527   4281   7856   6722   7247   2726   4345   7986   101   2140   4538   2578   
1367   4481   819   7751   3281   840   5449   7525   2652   1813   1242   3967   3217   145   5393   6045   2693   4278   1593   1249   5646   5954   2436   3636   288   4219   6782   3818   1166   4231   5220   1312   1989   6890   734   3060   2576   5767   7487   6247   1181   7230   3698   4176   3065   2869   2059   7335   7939   3754   3037   6222   5134   7632   6433   6288   734   1072   6397   6924   8115   488   5472   449   
5890   3554   2706   823   5011   2018   354   875   7863   3787   6234   7861   3948   6780   6136   3354   5882   26   4812   99   1019   1709   5515   7100   3687   2790   4068   483   3650   6594   8043   7616   349   5568   3989   7540   8051   5341   4828   695   5109   4912   4897   7235   7451   1630   1455   7360   4685   50   4290   7649   6052   787   1151   3979   5576   3808   6219   6666   4817   135   1942   1487   
6579   6667   5582   2067   846   5191   821   2722   280   6970   6384   635   6381   6968   6879   3705   4282   2114   6466   5372   5654   8112   1644   1072   5761   6103   4851   2873   446   2770   6121   64   5481   7964   7968   325   4717   1580   423   3603   7523   7570   956   8178   3169   7946   6852   857   2434   5664   4998   3131   229   7326   2352   4855   6581   6567   6405   1934   8144   7954   2398   7406   
8076   4179   2418   7240   525   3180   1562   4561   5962   3049   3332   4297   2515   1997   7263   1093   4386   2807   1153   7225   1048   7652   267   748   7965   6657   1503   7458   4577   7953   431   4729   1986   2543   4532   4358   5135   659   5377   2645   4884   7652   2022   6160   6154   1623   11   3642   3223   4105   5382   1005   4791   184   767   752   8128   6809   7474   1046   4807   5753   3754   6711   
1285   7188   4672   3814   2418   7957   4457   7875   7454   1423   2682   3872   2637   4428   5746   5529   11   4676   2226   878   107   1717   1881   3818   1649   6820   4236   3273   3816   7526   733   7204   1543   5124   2924   1232   1844   6917   2776   6260   3232   2561   2305   5825   3871   1907   7859   3349   315   6354   2888   5428   6491   1858   6736   2100   6188   515   7419   2288   7733   914   7050   3478   
2432   1171   6836   981   5323   755   2964   4765   1671   59   2394   263   1622   2152   4227   5595   5343   1325   3280   4864   1483   877   3036   4990   2923   715   1523   3002   7994   3115   2001   5616   5351   7344   4050   2258   2608   2571   1535   4081   3798   1164   1854   6972   3663   766   3399   6048   6583   3967   806   8090   3228   5988   5343   2105   1464   659   31   6695   3563   6609   2974   7537   
2709   1090   1868   4416   7823   8000   4875   6623   3864   189   2524   6247   6001   2533   4294   5111   6711   7110   1512   3363   6236   4255   7591   3733   4250   5690   5346   672   7211   2898   2916   4085   674   6261   5969   75   6354   3869   329   6775   4960   730   6975   2737   3039   2386   2664   1293   726   5984   6185   6308   7762   6883   531   6170   4623   6266   228   7846   3941   3479   6214   4918   
2761   3269   5013   3295   5189   973   1596   5255   522   7678   372   2649   375   2909   2991   7072   6591   4041   5270   5798   3733   3961   1821   6159   7921   6530   2015   2321   4828   3351   2114   4052   1214   1352   3651   2527   6596   860   1580   7513   6888   311   6007   5632   1378   7934   1673   327   8088   7056   228   574   6397   2531   4679   1726   5307   6698   6480   1329   722   2237   917   4088   
2023   8048   3444   94   5287   3092   3986   1014   6689   2137   1461   583   454   5204   2645   2114   6577   6711   1648   3037   3578   6764   6687   5422   7966   1183   5999   6572   4447   3590   7213   8186   294   7274   2738   6672   5271   173   6974   6219   1176   3860   2566   5459   4470   1718   6124   401   964   7049   5010   7795   4647   2020   6778   183   7219   4632   5175   6444   2891   2403   3976   6654   
5611   5155   7238   4863   2064   1687   1045   5439   4082   1266   960   5887   534   4444   1158   5858   7813   5745   1575   3733   1258   2018   3517   989   2231   5361   3312   1460   2899   824   7666   5464   5035   2724   4236   3735   554   4141   3705   6216   1479   1184   8060   6694   3227   1505   5819   4935   6496   5943   7075   4494   5087   5151   2451   2479   2001   7276   1820   1579   7568   5566   4023   4077   
4529   314   7160   7811   4701   7837   2987   5402   2246   1514   6934   5300   5   4606   3588   2770   6433   8102   6372   1192   5453   2575   4830   4962   719   2014   282   3693   6343   4801   7068   2000   901   1180   5136   6367   7   1891   4210   4868   310   3271   3390   5116   2011   7617   4069   4512   952   7520   1593   6495   2342   3685   2796   5962   6409   5407   391   7750   3772   627   564   3706   
1870   3213   7140   485   2357   6591   4776   1931   6807   3224   8111   3316   661   3500   5664   2667   4654   1254   7184   1321   6430   5112   1301   114   7311   1997   4114   7766   4167   972   327   5631   8088   4631   5656   7759   5169   4081   3182   7261   6172   711   6755   4639   4359   400   4231   2554   7495   7797   5805   209   4845   6382   4751   3055   3088   5959   5817   5195   3465   2075   2935   5735   
3902   7949   6188   6681   2545   3921   7467   5323   5016   3755   4502   7049   2171   7565   1992   4546   3649   2696   5687   5502   6999   933   2756   1810   1663   3730   6038   6716   2891   7961   6851   6750   5447   4584   3507   3915   674   3656   6340   1129   2468   5039   5130   4953   5445   7062   1776   4872   2279   1804   5610   4197   4516   7977   2179   31   5851   1344   933   3936   443   7938   4014   6194   
149   7148   867   2600   7717   7235   3349   5758   7385   776   2501   1602   4063   718   6733   118   195   181   7439   6848   7412   1480   3569   5605   4656   5674   532   1957   3638   4038   5237   1818   866   4319   7216   6776   4362   4673   1969   2401   420   2211   2233   905   258   2683   1720   6173   1201   1462   1484   5788   4175   5104   2382   972   6319   5934   4811   3996   1580   282   2805   5513   
2467   1727   1842   1701   4230   1046   6011   522   3549   8101   5054   3534   744   3698   3951   4120   2946   2865   3976   7179   3742   1393   5984   7927   5610   4309   6179   6724   6837   5012   5241   6758   109   5102   418   151   193   4537   766   6996   4012   5902   1265   504   453   5044   3584   6323   4802   6788   6867   4341   6554   6507   764   643   5951   7336   1888   6597   3829   1379   995   6356   
2627   5828   2294   3658   7642   1145   1210   2949   4076   1315   3296   5762   4950   1800   2333   5492   1508   4585   4953   6190   7759   3546   7058   4359   90   580   3396   1896   4275   2306   1189   1057   4918   3939   7497   6918   3772   6936   1757   7836   7141   5305   201   6790   1908   7132   8139   2685   1563   2664   1950   6564   6579   6520   2212   3635   5597   5431   1168   1354   6248   6316   704   4370   
4432   7625   1064   4025   6518   1006   3341   6789   2240   224   4374   5186   4438   3183   1585   1014   7030   6240   5434   2855   4920   5924   2512   6443   238   35   2431   8088   5483   3385   6668   5557   6297   1361   3450   2776   6951   6683   3591   3411   5850   5681   7765   1419   5063   5099   2511   1677   1576   7719   7943   3571   7382   7129   5775   5692   6756   6343   3968   4800   7293   3824   6986   2049   
1529   857   814   5379   4847   4275   3335   4300   4788   2665   6230   1518   7400   6038   2390   1854   2772   2986   7967   4258   2515   6650   5921   7421   2388   3957   1947   5407   1490   3138   7647   5374   3120   1868   5386   1962   8097   7004   5563   1080   1163   7884   3664   7696   5842   5049   1543   3124   7715   7279   1061   5497   7165   5946   1946   5057   6340   576   2061   3768   593   991   2749   3067   
8064   4970   7714   1474   4033   4896   4595   3087   612   5839   2630   3311   3684   1356   5505   3823   257   7812   3203   4216   7082   6673   4153   3463   1922   5974   7642   5071   6064   5005   3502   1575   5250   1429   3903   1723   4999   2676   1658   511   7349   2179   6880   6411   2566   4699   1796   2217   2063   6254   2705   7207   5219   5372   41   6576   3794   3883   4922   5864   5851   4570   3075   3174   
1508   1276   5884   7290   2003   5200   1607   5906   4388   5754   2632   876   2943   3581   2536   10   4229   5005   1672   1776   6434   4753   4677   8085   6808   3797   5900   6845   1097   4305   5161   7956   2334   3444   2149   6903   7062   7256   4972   637   6709   6028   645   1970   7120   3762   111   5456   6054   3186   7554   6157   6779   1605   6927   1115   3554   4211   4381   2256   2152   4546   68   1324   
5968   3460   4143   7611   7608   1670   1155   903   6690   7911   2872   7264   8158   2123   4925   7057   3037   5459   7204   1422   2179   8176   7672   8175   1889   782   4512   7793   7144   4839   4774   6900   442   8059   1323   7107   6080   5763   1328   820   5240   4449   6701   183   7063   3123   330   2575   7105   4311   4217   4254   6817   6833   1449   4554   5176   5945   2615   1730   6923   3609   4817   603   
1820   6054   960   6813   4874   1171   1415   1035   5736   3461   1507   7525   6667   1128   6422   991   7239   968   2012   7951   4887   5282   2206   4848   3419   7764   6067   5014   7416   7979   6091   3523   2739   2628   4240   4017   5634   1738   6141   5723   7803   4075   540   6267   1792   6969   634   3795   5228   2812   5526   1264   4044   3291   8130   293   5243   5927   4010   2159   6293   214   4409   949   
6828   2137   7609   8080   4131   6088   245   6399   353   7061   1226   6325   3742   5985   3110   2531   5966   6884   1386   3575   1578   5980   2535   705   2505   5603   2070   6448   2369   3449   1096   5485   5793   7462   916   246   1603   7796   3392   7935   7504   6356   2724   7982   961   5777   4067   5544   3174   3823   1556   8002   6079   4580   1866   4319   1883   556   5681   2974   8137   4113   3464   2205   
5093   2934   6389   5851   4864   1326   4294   5166   1317   2539   5296   3456   1916   2077   7206   7065   6975   5463   6868   8063   4105   532   3722   2333   3048   5941   7886   7994   5749   7766   2217   593   763   5635   1987   2954   6776   4621   4393   511   3962   4858   2758   7590   4617   2239   2083   4940   2690   7379   7307   4956   69   2763   574   1168   4460   5434   2628   6238   3258   1800   3090   4718   
5761   7463   6973   6613   8074   5488   7446   154   5430   4870   2184   5806   4828   1606   2907   7902   7882   6222   2620   1875   5439   7482   4893   2789   4538   1631   5628   7384   4389   6814   7439   4804   1343   7164   734   7278   2899   6576   4351   1698   4025   4050   448   5262   3652   6342   2364   514   492   1764   5309   2070   1947   1116   2053   3399   868   775   497   4334   2086   4435   3127   4302   
1546   4   2109   1802   6186   3684   446   4621   5950   6418   6652   51   5237   877   1592   4360   5367   7570   6161   5208   2578   5901   7212   834   4097   5872   5007   6233   645   8097   7932   2339   7428   1186   4333   1658   5398   1437   1107   5000   4954   3174   3728   1041   2524   568   6128   6846   6698   4974   686   7666   6946   7786   7683   0   6139   8090   7608   862   2438   4901   2473   3963   
1797   5208   67   3626   7306   1079   5642   3890   1390   7206   3460   6823   8164   1227   5380   541   1989   393   3524   3571   1762   7253   6948   3229   1273   4322   1747   4241   7437   7145   4373   72   7326   3795   5439   4255   5656   7646   7331   2047   3250   3505   510   6843   3429   5110   7681   5382   1353   3012   7115   2101   3616   239   3325   3472   5601   4305   8082   1147   134   2337   3025   5616   
5620   5431   2748   7653   3960   176   6019   3516   1150   2685   330   4816   298   2116   2607   7137   1969   2382   6236   2934   7566   2734   1830   2020   4324   6742   6750   5577   4846   16   7013   504   4027   2757   2351   4463   3832   2822   2201   2373   8190   7968   6416   324   1835   7697   6493   5888   6195   7789   5054   3645   5635   5337   1714   6069   7971   6633   2988   3886   6148   5373   3696   6012   
5806   6636   559   5248   4457   3313   1966   6370   5576   3820   2035   7819   6326   4404   6680   6678   6562   1920   5680   2892   5284   92   5201   4206   5926   5624   3359   3193   5386   5120   4628   3078   5459   4156   2005   4910   5023   6783   1959   2387   7860   7721   5122   6031   1961   453   4234   5569   7905   2408   7945   3142   4227   2220   1048   3707   3671   304   127   106   6810   5279   6546   541   
3535   7502   1869   1428   7512   6155   5809   4081   10   2690   6249   7082   2278   3218   1541   7241   5605   4174   7802   1868   4360   5624   3060   3948   7686   7964   3084   1434   1838   394   8187   3959   1507   5749   5647   193   3144   5278   3991   7694   6866   3703   5536   6900   7002   4773   7222   6079   2525   1916   5890   6230   5630   7685   840   1070   656   1686   1602   3905   886   7507   892   2544   
4094   902   2342   3127   2856   5054   1930   6345   5402   2403   1894   7805   7863   5681   5377   1397   5415   5866   3829   1167   6318   5432   1259   4684   4922   2569   6714   1343   2062   5020   1128   2900   1683   7379   1740   4757   959   5137   7675   2671   1146   739   4324   4341   2566   693   5994   3165   100   3235   6815   6801   668   1578   2314   4838   2946   7557   1583   3178   341   288   5034   6578   
4809   4120   4082   5411   4485   1302   2758   7790   1938   3797   6387   7619   8010   6829   6544   3594   3755   3693   1411   2143   7345   409   2755   4668   1904   6843   3505   1184   3101   3166   4372   5613   2368   4733   3709   846   2934   4689   4955   1788   1353   1591   5073   6240   3767   7834   4468   787   1369   1768   1455   3607   1743   4748   4029   562   5977   1369   1082   1691   8185   7950   2018   6743   
1129   2075   2762   5679   873   1894   4592   2421   1377   7029   5691   2264   4822   6404   5918   3690   6848   7705   1592   7574   7002   1091   601   7024   7988   6928   1747   1396   345   1024   5804   3836   4794   1967   900   5420   4892   986   338   2503   3906   4803   5607   2328   212   1635   6582   6613   210   3200   5929   1792   3208   6019   3737   6033   6706   6951   3310   6078   7061   6548   6764   7669   
3325   6594   5748   2882   1410   3579   1250   248   5508   2266   2313   4049   1881   3664   268   362   5327   7301   7726   3860   3602   4108   2199   7469   150   4796   7848   5444   7584   2424   2881   4841   3213   2007   7223   30   6111   6300   7912   2449   3928   4815   7654   6448   1194   358   1944   3527   1678   2936   3104   3535   266   4266   783   2294   4264   4965   3072   3646   6172   2931   7737   1787   
2331   8055   904   7053   4127   2855   5799   7781   7980   2026   5428   7601   790   51   1012   1394   958   510   2022   4958   7937   6855   3211   2787   7226   765   4411   3882   172   2739   7574   3227   4492   5518   3906   3626   4654   2961   5239   1805   6564   911   6003   829   1838   399   5524   5818   2384   3114   523   4268   1052   435   6046   6463   8135   3762   3397   2865   6061   7169   7015   3918   
3413   2632   3332   5181   3593   3295   7406   4243   3554   3620   4054   3781   6262   3107   4046   3986   6801   5209   4774   6572   7360   6541   1258   1823   2566   5368   579   5591   691   1924   3641   2301   7999   443   1338   6215   5447   5947   4755   3377   4895   505   4043   953   885   651   1855   7504   7867   3960   1763   2837   7862   1298   8072   1743   2466   1307   372   828   6699   5975   6047   5369   
5712   3793   4581   4097   4194   1426   305   5758   1724   6896   3786   5472   3967   1693   3116   2640   1947   4225   6130   4883   4716   729   2651   5063   1264   5354   5891   3437   2729   6270   7430   793   2406   2329   786   6545   2527   1958   444   6785   7184   7148   5135   926   7439   2247   5023   4265   3361   184   2527   174   2132   7978   4535   168   625   1668   2174   818   5212   841   2598   4550   
1306   7804   238   7242   3462   1854   6346   2533   3981   4885   2326   5410   3896   1173   4813   2739   167   2137   5394   4522   2954   372   1300   4036   131   1061   1169   614   5361   6486   2367   6534   4180   3659   5120   1421   3394   2116   1191   759   2927   3156   3519   3761   1149   6642   7583   5518   1550   1974   715   7121   732   5886   4523   2216   6686   2558   4227   175   130   3753   6322   735   
3408   1197   3971   2528   840   3563   5828   6474   4426   5796   6075   5985   2818   4072   5905   4415   4086   2414   1262   2260   4247   3553   3585   7756   2902   5378   3190   4117   2513   2455   5429   3626   1001   4912   3670   949   7331   7918   5754   3015   845   2141   7049   1740   7255   2371   7734   7249   6860   1857   1815   3545   6423   8152   2236   4915   2837   2524   4006   6165   6116   7069   2896   1491   
7350   4556   3557   5170   1156   7724   8030   5536   5411   1474   6146   3896   1119   3194   7593   472   7301   5410   8079   2482   850   5109   5358   3951   3221   3277   4427   6222   5647   5645   6280   6622   7081   7788   6184   243   372   7086   3082   6421   4884   6352   934   3316   2909   2044   1101   452   3709   270   1628   7029   206   4045   6303   2212   4066   4557   454   4058   5686   1126   1750   4759   
5029   5989   7123   4889   5806   7045   5143   7704   2530   2260   7021   1619   6016   4280   6298   1931   884   6604   3878   8137   5526   6402   5115   4937   3719   2633   4619   912   4022   3034   2600   5791   1540   7164   5948   2475   3485   6528   5476   599   1555   7650   2133   5472   4747   8099   5503   7833   4750   168   4311   3852   7664   1958   7937   7840   2499   1396   2287   177   1129   342   1148   2561   
2463   366   7572   2764   687   4269   2226   45   135   4518   1620   2806   6405   5982   7683   3611   6969   4432   3473   6981   2228   7637   5237   2969   585   2060   7308   2221   1133   5588   4806   3653   7188   3838   4354   4893   6820   2789   1857   8050   5473   6595   5019   5244   2645   2895   6637   2568   5439   7831   4347   713   2561   2313   4174   2022   6038   1145   6405   1966   5341   509   3232   60   
2643   7184   7672   4207   6187   3622   8115   7513   4259   3483   1308   4015   1073   7274   904   4472   242   7554   4589   2282   2857   4455   535   3685   7305   2739   2435   790   490   3011   5266   4607   1354   5769   1563   2148   891   7362   4555   4894   4424   4092   6831   825   7738   5386   6163   967   5499   7106   3098   5829   2345   4641   2934   5977   4954   4560   3546   4915   7382   1686   463   6770   
987   1309   1493   1640   6818   73   6243   6890   7921   7520   7976   4942   2659   6314   4167   6479   6522   472   429   6328   342   5975   8029   572   6712   6   4549   3879   2438   4781   1102   1229   4107   6030   7462   1334   7460   4372   5285   2195   2362   8047   1294   7012   6837   3004   1075   3807   7337   812   6477   618   3029   6582   6510   127   3699   7666   3157   429   2460   2275   4768   4629   
