7076   6906   1201   1986   339   7840   4818   4781   3674   5692   1893   6136   7527   3743   1579   84   5260   3246   5230   34   4009   6505   6459   3378   7028   6066   3301   1967   715   928   3039   24   5586   3607   4020   7814   7031   2178   7175   6955   2312   45   3786   1820   7568   6138   5626   6756   7834   6692   1998   6687   6328   4654   908   1755   2563   89   7124   4900   7495   1971   1585   8123   
4125   2467   4729   4531   7760   3371   197   1920   7592   3161   5437   4226   3565   4965   4023   4190   128   7428   1051   3568   5896   1982   51   3742   1478   3158   4981   8139   7241   3647   4484   2970   3391   2950   6225   5891   5823   5556   2470   46   5117   1454   7711   3696   5764   4113   2761   2515   356   1930   3086   5444   5499   3300   3876   6528   3144   1050   1095   4654   3528   4638   3746   883   
762   2372   5434   79   3899   6731   1201   6789   1860   98   4483   7718   1881   820   5368   7405   2299   7243   6702   569   2597   6735   7971   7482   7042   3653   7877   3093   796   7607   5109   6708   219   187   4302   2314   751   4414   1739   761   3917   1864   4412   3230   6372   3214   6488   7202   885   2437   4564   2609   2858   5233   3262   6890   4557   5056   3433   154   1899   596   1551   3750   
5203   3243   7259   2541   56   6699   4404   7099   5312   3849   6414   4863   8072   4561   489   686   1038   3795   5168   6579   3093   2349   2000   2333   7918   8105   4020   7655   1770   4246   7288   5556   1385   7427   4140   6812   7952   877   2845   4339   3580   5632   4756   8018   6113   2655   1841   6643   2641   789   7542   2836   346   2911   6479   6910   1658   4248   7637   2794   3166   754   6627   3494   
894   7070   4853   1382   2392   987   6292   7431   2546   7179   6871   6253   1788   3518   7384   1387   1928   1504   7478   3282   5195   6171   6730   1734   7152   7282   1777   5865   1934   7023   4245   6304   6584   4077   2073   2422   833   3529   1756   5888   4801   3955   4158   5999   5842   5618   78   7184   2491   6104   2069   6941   5120   6344   4775   8114   3912   4082   1263   256   7299   2932   2836   3835   
2015   3071   370   4580   3004   3429   6096   5714   2826   7795   5522   3460   5548   2694   4019   6299   797   3296   7222   38   7704   2428   4619   4416   7037   2399   5482   6071   844   1561   7205   7889   5250   4688   3488   5313   5153   2302   2800   4854   395   1176   1771   4911   3353   8108   47   7694   476   7666   550   7913   5127   1697   582   6706   5120   3691   7046   3505   3360   7377   1811   2132   
4528   3213   4147   5835   3243   7902   4521   6590   4812   1025   5831   664   1570   7857   1827   2224   5161   1859   40   2800   5522   4141   6148   3830   4431   5515   2137   3032   4180   5268   4498   7979   2201   2976   6492   830   4447   1104   1173   7422   6557   7697   330   7540   1992   819   7157   7927   3831   4031   6994   1691   6820   5152   7212   6659   635   3011   4146   32   6359   1891   501   1492   
6178   5129   7893   994   5656   6787   4029   6155   3769   5598   7526   5464   6578   308   1969   7491   6690   3278   3570   5564   3977   4359   2801   3603   1190   6186   152   811   2127   3075   2775   6885   6834   6521   6150   1125   7655   6417   4841   6385   4528   5562   6193   993   3063   6013   351   4437   8006   4170   6249   5772   5119   4409   4208   653   3258   6494   4118   1629   7346   2558   2679   2135   
7324   7425   5195   2459   857   2844   822   2813   119   5632   1366   3241   4091   2248   4700   4362   235   5001   6354   7221   5214   2902   3973   2478   5051   3013   909   5971   629   6116   662   5998   1527   5500   3847   5091   2528   369   1371   2854   3446   7493   5993   5056   2910   2298   2039   3694   4380   4923   5547   1399   2759   4835   3950   3249   5863   8105   7686   1232   465   5180   2191   2486   
5268   1692   1149   1530   1512   4179   3895   3738   7286   2837   4689   5376   1349   1816   3637   6740   1129   6658   5453   7448   2193   3636   5691   3555   5387   4298   7414   6264   5963   5206   3292   7500   3556   2172   7260   953   5224   648   3023   4774   4731   2631   4787   4152   6004   0   2672   3558   1958   6193   2749   734   7752   1998   6920   3067   6258   860   6987   6976   2818   2226   7340   1466   
1289   2424   5988   7292   7229   97   7062   6458   1435   3734   6821   2173   3196   2276   3552   6273   237   1379   2284   4539   20   4469   961   5394   5714   957   3410   2911   3439   3923   2091   2474   8171   7181   7349   1266   6610   4420   8157   7269   7470   4715   1091   401   1833   538   7293   809   2095   528   5137   2083   5138   7140   7879   897   1653   1328   4421   2718   3567   5515   4435   7907   
6726   2161   833   1817   5122   6101   1752   7570   977   7480   6629   6643   829   3596   462   159   8111   218   5618   1365   1723   820   4899   3169   7857   7735   4864   6593   5782   5170   1124   2724   3477   2880   1528   4763   2823   3172   3628   4645   4036   4298   2617   3217   2899   1616   948   2051   1062   1567   7393   2695   6954   5557   3554   3058   4287   3632   6688   1159   8035   6913   3948   4400   
7560   4856   821   4884   2825   3002   2260   4245   6177   2136   1758   1311   7618   740   6514   607   7183   7438   971   7546   1662   6491   1690   7047   3967   7357   8159   5445   6367   7914   2119   3457   5628   1984   3960   8036   152   578   1421   1303   769   974   936   685   3584   1041   4788   4377   789   5900   4488   4662   1769   4043   4704   8181   7644   8043   89   5783   3870   8188   7284   3124   
3862   7314   4984   4452   5816   8098   577   5380   862   7860   479   4130   267   541   1617   7566   444   1270   5798   6570   647   2848   7579   8033   6920   4724   7213   1539   5774   7812   4959   7187   7322   436   127   6766   6937   5366   8183   1884   6850   3269   6490   6383   6340   289   1621   1107   7769   5049   8170   7062   4913   1327   3978   787   1779   6029   7568   7909   6066   1776   601   3202   
7377   3483   7637   5855   430   1402   3627   7813   3589   5018   4257   2610   255   810   198   7838   2066   3170   4950   67   375   2816   1624   5618   3510   6975   5541   1182   4285   1105   6573   8075   4249   6794   4789   181   6749   2898   425   2405   3812   2480   2980   5695   8008   569   5645   807   287   7780   6823   2000   2847   3170   3674   7852   7892   2237   1686   1465   5863   5310   4151   1742   
3503   4295   202   517   4281   205   886   1782   3680   2306   2570   1234   4010   7453   1286   6217   7099   5910   2593   3272   2255   1021   2484   3512   6387   6863   1734   3785   112   7983   1444   5093   6891   6271   1084   7912   2302   5977   2110   358   3185   4482   1826   4843   736   4687   1848   7258   1356   6780   7816   3383   319   5606   7960   5603   5028   661   370   2401   2744   4095   8121   6497   
7166   4553   630   8118   2077   1477   3608   1940   216   6743   1824   7430   8051   758   6682   4851   1259   881   151   1749   1963   5627   2463   2667   785   4516   7205   5102   5491   7618   1937   6409   3740   324   5103   5287   4317   5999   7425   2869   3659   5653   7554   186   3573   5540   76   4437   4049   5595   6294   7240   7547   3684   4251   7841   6734   2054   4804   5905   7963   5873   4344   167   
3150   2131   4446   148   6029   2709   39   5302   111   1192   2606   4504   6116   2679   8076   1400   7739   7355   4836   5272   4636   3354   6797   3600   7424   3249   6540   1051   5991   1993   6163   3798   3997   3342   5033   2641   6854   2481   807   7831   2941   5067   1113   6894   7974   6475   3472   4859   3137   6623   3945   202   6288   7403   4497   1855   6708   7880   5188   5685   2728   975   7718   6756   
8176   885   6029   6639   1165   2774   1882   6087   6709   6676   6855   6483   1780   14   6195   559   4349   7629   3176   2903   2348   4009   5965   4481   5011   206   3561   3270   4856   100   4520   3504   7114   7750   5126   881   3492   4943   4536   5070   6455   199   1048   5159   5842   3198   3123   4286   957   7555   7293   4977   3423   7685   4147   3099   5061   6249   4572   1615   3629   2328   822   5393   
4574   5984   1550   2328   5751   758   4295   2386   6513   6345   7940   706   1246   7456   7679   1136   6594   3754   646   341   2936   2956   7845   420   2126   3563   1440   5141   5304   3833   7190   1822   7661   6292   1093   2252   1240   3782   3181   865   4704   5301   8135   895   1142   1918   857   1520   2695   1383   2467   7211   2938   6005   6659   6219   1660   3414   5434   26   2772   6557   3921   7371   
4520   145   3431   4105   1492   1277   1064   3467   362   4546   731   5299   2751   5186   8052   7550   7435   7456   1544   2612   7752   4980   7044   3673   5889   5025   4966   455   5275   6548   3431   729   315   3075   1656   401   5750   5985   4788   4539   1011   6987   4779   1126   2902   2429   2614   6428   4317   6757   195   4151   5568   108   4406   7655   2943   2278   4197   6367   3759   2018   3313   6784   
1279   3812   1872   6845   645   436   3448   7200   7140   7155   2303   375   914   2247   527   7858   5735   1677   5755   3730   1987   4619   1510   1994   5559   4477   4151   3651   4757   5151   4922   2794   2401   7257   7448   4375   3326   1697   6066   3504   6649   6080   5441   608   498   2100   875   4199   1797   1854   3638   2438   1787   8103   7732   6322   5001   7573   5327   229   1968   6815   5201   7979   
4403   1449   8034   3833   4038   6886   113   7322   5036   7194   4232   5893   1826   4978   4337   5869   2853   8040   6034   2027   1008   5670   3494   5805   5757   1235   2998   4809   991   212   2226   7397   2265   5358   2216   4265   2815   6966   371   3258   3720   6926   922   1089   519   846   6828   1790   7627   4273   2484   7012   3966   3968   1802   2032   1889   2251   6524   4965   2858   203   2511   709   
5740   968   5222   4497   5709   6547   4519   1036   847   2347   7318   3057   2504   1271   1653   1499   1983   1181   7833   5703   7447   5779   2828   849   7518   7700   3500   3007   2746   2487   2352   5702   6591   7343   4753   4759   7466   675   1048   7638   7798   5058   5071   817   3073   188   5319   7362   5698   990   7201   6068   7654   6540   7992   7954   5446   5271   2502   736   5620   3868   3861   1771   
6888   3321   7147   2447   6186   7009   6492   6732   946   7930   3417   3447   1476   1732   2884   413   4313   2985   4823   457   8035   5188   1856   500   695   7579   2658   2350   1045   2695   4736   6234   7785   5587   3517   3405   3973   1249   5255   551   4457   7015   2542   7497   59   7155   612   5147   2924   3528   5225   2074   2650   7168   4760   5488   4311   188   5589   312   567   4178   7164   2954   
7632   2785   6408   544   5971   6355   2944   5101   5069   1516   6217   2434   632   5860   989   8059   2226   4394   4053   6577   60   1622   7332   3920   4914   1499   8158   26   1625   1411   387   6078   7711   5684   3814   2036   7079   5093   5276   6787   8173   4884   1811   4487   5232   3683   1823   7260   2296   6921   2092   746   4   3467   5346   993   246   1931   547   104   914   4082   7199   4242   
872   7347   4198   7932   1420   3369   7131   2342   4424   6143   7061   353   2788   5376   4610   4884   5004   3793   280   7744   6983   8118   2641   7083   400   3805   3580   4121   5395   2708   55   1908   665   5502   5944   4381   5224   939   3364   7277   3021   3939   1216   1189   1762   4952   1744   4758   5780   3255   423   1447   3009   3542   5338   1423   2345   4082   943   5691   3212   7013   6851   5873   
6418   1299   2420   2859   1347   1283   4778   2138   6569   7238   3932   1496   6418   7778   6309   2175   1985   4249   4602   3348   1884   5168   3458   3527   7678   389   1828   1118   2107   1344   616   5564   6289   5785   5343   4596   519   7141   7803   4527   392   7014   1303   317   2764   3589   7146   198   8049   1761   4247   6193   7388   1638   1063   3356   2686   7326   437   1000   1224   5724   7334   7708   
6364   5537   7736   2499   1054   85   1617   444   5739   1928   5625   885   3917   396   107   4916   7364   304   4285   784   4679   6525   2095   3576   2727   1530   4308   1987   7126   5151   955   2383   503   5894   2609   3681   4731   4470   2728   6178   7979   1614   4821   1068   5778   2528   7461   8148   5473   3556   2887   5907   964   1441   4083   6152   387   5093   4217   3570   2135   7002   2485   502   
2083   3018   3649   2773   7026   4008   4345   6793   5062   3892   6814   1389   5193   5549   637   5282   7678   7551   2110   5854   8081   5132   1305   4343   2374   5955   2828   316   46   1288   6929   7760   750   7804   3738   65   852   5365   3079   2938   4156   679   652   7772   1774   4818   8033   1404   736   4661   162   8186   466   1076   5459   1154   1389   242   4626   402   2296   4114   2506   6171   
6352   5871   3894   3703   1086   362   4686   4229   221   2205   6140   311   503   5089   1377   5746   2073   5983   5719   6905   3773   4009   8004   6659   8164   5569   7420   4857   376   7891   4926   5470   3573   4809   6478   4512   5373   5466   4677   4851   6559   887   4228   2188   7002   4663   5204   7304   3382   4391   6473   887   973   576   7351   6321   7429   4476   91   5898   314   4574   3445   6262   
3641   2725   5191   1462   7696   7879   872   2305   3690   118   8096   4004   4798   4974   4677   4529   306   6116   215   1972   1032   5904   1179   2272   3426   2454   1080   1990   5879   5931   6937   2100   4850   6062   2234   5638   6888   2009   845   7427   282   6659   2735   1109   781   1876   2878   4137   3699   1306   7605   4229   8028   5228   3129   423   2979   569   1679   6963   5264   3358   2950   3165   
5822   5751   6193   5663   6019   5289   2985   4228   1336   7791   4545   3199   920   25   2746   4398   4750   5946   3556   5370   5995   6077   6664   7659   4798   1594   8044   403   3591   4307   2270   7952   6276   1251   7191   3623   8182   7160   5211   4353   4202   792   90   320   127   1246   5378   7740   2645   7546   2755   5716   2033   1317   414   5986   7104   5513   5141   6734   2075   3281   5744   2018   
4794   7347   3088   2864   2445   6392   4881   3095   1017   4133   7563   1121   2920   2825   8049   4974   4206   4523   2288   5442   7688   7302   6135   8031   5466   6894   2039   1114   6102   6538   4788   3268   1184   4231   2615   2876   5073   1052   5147   2041   816   7377   7264   6091   2877   2752   7778   1239   5288   7238   5310   2733   3249   6930   6238   8020   6898   892   3576   2667   6088   5315   6286   4652   
450   5691   5871   5095   5525   6525   5163   4628   6076   3110   1063   4946   5317   2701   863   4224   4888   6792   3962   5057   3780   2820   6985   2167   2940   4521   1978   4504   5561   4990   3078   6237   2079   4984   6150   2449   7447   7311   7537   7546   7756   1752   8133   6099   3623   7102   1861   5730   7010   5113   4148   89   3375   6819   1947   5216   6347   5863   838   5394   3076   2083   4544   6584   
6029   6517   689   6666   4334   6446   7181   5258   7500   7650   5753   6820   3107   45   7918   801   1738   6497   1136   6720   2451   3538   685   365   1535   6657   7578   3063   6482   5238   6948   4172   7593   4515   3667   2932   7229   1130   867   3514   2733   5761   6708   6563   2955   3298   6728   269   1555   5281   5997   4848   6275   7366   4880   1050   234   1226   3292   696   98   696   2622   4189   
518   4838   1727   8184   4258   5167   1553   7612   1005   2724   1274   3895   7805   3238   218   1886   3602   1923   8103   7173   1060   5121   2741   7398   817   5066   5520   3951   3977   6579   3639   694   5141   7793   4590   6350   4761   3428   4448   6253   547   7376   3454   6147   4891   4060   5448   4759   3815   6829   7681   5807   1184   5344   7092   6411   583   4009   3891   3087   4421   7974   4734   8129   
6048   1823   778   2303   5906   1094   1443   7612   3060   6213   7070   2421   7900   4061   5456   2027   2812   7509   2700   6644   7222   2627   4034   886   1908   5002   8099   5962   2957   856   3081   7354   3650   4911   7764   6069   5600   3372   4342   4036   2021   1678   7536   6324   7405   2688   332   547   5983   3204   5445   4863   2591   5676   3205   7852   4920   961   1133   6430   7691   561   7751   2584   
6808   2859   5441   1966   6544   2214   2820   613   2983   6428   542   4021   378   2415   4118   5356   3816   401   1592   6052   190   6996   2393   1979   3674   7815   3479   3302   6443   2126   2088   5435   3810   2253   5839   3453   2141   3100   2492   7002   1264   27   3266   4101   2723   7211   4878   2771   2158   3550   2293   6393   5298   6026   3072   3207   5177   3318   7280   3540   5170   3679   4428   8061   
3716   3219   5698   3372   2219   4528   6753   2437   2474   1198   2143   2959   3533   981   1904   937   4280   7637   448   2432   7504   2077   4074   7488   6227   4999   7261   5663   5116   1423   5032   6503   2676   1885   4639   6726   4446   2660   7213   7079   4472   6904   2003   1120   3360   2732   5514   1273   1644   1852   3156   8183   7747   1262   6664   2853   799   1910   5630   6899   1339   7958   7174   2553   
2713   3602   451   7554   3397   5406   292   7843   8009   1491   7123   61   2118   1808   2577   2700   190   5626   1847   4759   7062   1035   2993   871   2244   7931   7335   2915   5129   4556   7186   5095   3125   7083   6465   2035   3472   1437   5057   4350   7644   5338   4077   4629   968   3477   4902   3575   1034   6103   1487   923   7998   5866   404   928   6357   536   4576   2313   4589   5257   7084   4062   
1735   4778   3891   232   1029   1853   1632   4163   6108   414   6147   5073   4249   5152   7046   1763   5316   2966   376   5284   7064   7904   6564   5207   4088   1636   3110   666   3880   7690   5191   2063   3417   7252   3476   5263   4278   1430   1355   6308   460   1627   2333   1818   3867   1111   266   2655   1864   4869   1453   6483   3847   490   5666   7120   1081   6236   6446   7247   3067   6729   1732   2489   
1116   5441   3398   905   2888   1806   1630   5771   2773   7585   5116   220   2540   7518   2613   326   7096   8   1797   4630   2927   752   7025   3124   1527   266   7126   607   4812   3271   7439   4600   1449   5276   4432   1737   4493   7480   1335   5103   2678   718   7910   6453   412   43   306   6142   1663   7817   3551   3228   5700   4285   3099   1713   82   2657   3157   5408   7401   5963   3016   6743   
8009   4301   7469   3260   2323   5519   1922   6345   6500   7503   4389   1784   951   4511   3712   283   1160   758   4723   897   72   3500   1177   2913   1771   6024   6484   2312   7676   5875   4675   6017   2199   5501   2969   2376   4063   210   626   1172   2852   795   703   7215   4171   4441   5665   5336   314   6568   2250   7661   3562   974   6993   6402   4972   2323   1331   2947   2757   5763   2219   3599   
4914   5776   7036   3302   4252   4878   186   3267   7517   5664   4191   1606   595   2939   897   3809   1191   49   4014   7121   3222   2270   5344   225   7201   1739   7668   5248   3563   1378   97   7720   3129   7747   829   4472   3423   1555   1090   1362   6800   1942   7603   7867   788   6383   2525   833   334   6546   2705   3082   3530   5546   638   4009   694   852   237   2214   6223   5821   6840   1987   
4208   4355   1455   1752   4713   2687   7015   1153   3695   2462   5732   3176   6189   1178   7573   3497   796   1480   1084   3255   649   6089   6402   3437   544   1880   1856   2225   7128   6404   6163   5573   929   3974   7538   7453   1227   495   7607   4870   1384   7444   5381   4432   2901   6074   1189   7235   5278   2980   5505   6436   798   4915   2218   469   6819   3432   7891   4473   470   7699   1313   494   
7448   4698   3784   7805   8097   1505   7133   1474   7167   4935   6466   2235   1752   4306   1690   5157   5130   4285   1468   645   7753   1208   6470   3409   5881   2172   4692   2826   2974   3407   7191   2991   2872   7670   4589   4678   6500   5849   3943   768   1199   7078   124   7040   1260   7353   4616   3551   4066   5326   7598   4155   4858   6250   4604   6121   4948   1453   6966   4070   6872   4588   6379   763   
1305   1884   1001   5640   1399   3810   7716   2845   4130   7347   4644   5158   247   259   2908   1001   3707   770   49   6442   4601   6000   1718   5927   6105   4226   7777   3265   2894   6985   1616   1852   1515   4486   7807   7531   3455   6454   1117   4256   480   966   2071   7177   4407   897   665   1313   40   644   285   5555   1693   4210   2654   4264   3700   1968   2268   5543   4290   1222   4600   2282   
618   6751   6131   4036   957   537   5182   201   6904   6653   1763   1848   6302   2418   2043   1666   3023   1816   4496   3333   1401   5498   5371   7203   5379   6175   1291   7661   4654   2532   6689   3391   5305   6092   8179   88   4500   7790   6039   154   3302   2182   3490   3508   579   1381   5418   791   2758   2614   2375   6727   6806   5289   412   4166   3384   5505   4769   5302   5071   1975   121   2202   
7464   1256   2208   7379   5983   7099   3026   3684   5345   5938   3135   1244   3394   2999   2788   249   1336   4670   171   4245   5170   4658   2034   7158   782   5380   7740   7283   5831   2599   3445   3079   5947   2159   6024   1170   1832   7262   3651   2053   1611   988   6153   4521   4190   7724   404   180   6649   2289   6554   2821   1694   303   851   830   2474   486   1705   3507   7214   5112   640   2487   
5129   6206   3334   792   5171   1157   7305   4955   6025   4220   3041   3595   2465   1760   7780   6910   6573   7554   7270   6744   5004   6823   2021   896   20   4386   4616   3957   4146   4143   1362   694   112   7161   7002   6710   4713   893   5289   4061   7582   3684   7358   6857   5226   6379   1595   647   2687   3235   2391   1168   3265   5042   231   2996   1184   6548   421   7620   4131   2069   4098   1341   
3326   3480   4451   3187   6355   3710   5880   4333   8059   4739   2296   2913   3432   7340   3294   1405   5603   7528   2405   2481   7110   5780   7247   4627   4071   7852   6180   1177   5363   4634   5097   1810   7805   1631   161   5365   6990   3023   1529   7459   3421   5372   2621   4665   2722   3562   2072   4467   1478   150   2966   6266   7364   1741   2917   3848   1343   3933   7693   7692   449   4367   6805   3438   
6999   528   2495   1864   4694   3433   3978   3154   7021   8166   1119   3035   926   4309   7763   4536   6595   2856   4572   2554   5148   7717   5802   4094   2610   662   7708   1888   3344   937   197   7658   2926   241   5083   3520   3068   1668   2070   4777   8044   5326   6043   3411   761   6355   6987   3197   3534   1366   4877   7483   3888   2211   1867   8175   2722   794   5929   1560   3118   5098   2746   3497   
561   5957   2306   6245   4401   5165   7531   3386   242   915   3305   8012   1703   6055   2687   7258   4841   638   3345   4872   5036   2810   6652   3279   7931   450   4270   5939   3567   3868   2686   2206   7801   5478   1030   1693   3376   3895   5684   7285   6798   5173   1144   1626   2911   7079   2408   5950   1357   6213   5250   1992   5038   863   581   3297   1833   3340   7489   1074   6485   3226   2844   8029   
6941   1486   6927   1354   5104   334   1696   4281   5889   7112   51   2707   256   4482   2965   1116   3983   8183   6851   729   8070   61   4762   7322   1015   4487   7342   3969   6652   6484   7206   4863   300   2019   1363   4086   1247   6454   6937   6923   1678   1925   4251   3245   2889   954   290   725   2798   50   3530   8137   1664   892   5941   7501   2147   6706   3600   3684   8155   1668   5289   3134   
4068   5701   3407   4179   2556   756   1259   2861   7137   892   8019   4625   7443   2129   4345   7097   4771   2181   4757   876   7509   224   1676   4485   3475   4171   2988   1307   5385   3419   292   2303   2068   1997   4065   1692   1057   4679   919   5035   7348   3737   3816   2156   575   2159   1152   6074   7672   7179   4090   5136   8086   512   1916   7298   327   5210   2592   6658   4705   1415   3204   5982   
1688   6210   6861   5001   4292   695   417   781   912   6637   2493   2689   4088   3362   46   5316   7464   7717   5673   1585   5868   5001   4771   6601   7679   2727   1436   2197   6569   457   3941   4109   4791   3195   5315   4449   246   7357   3439   7005   3340   6407   1517   6558   4435   5143   3588   4212   2102   7127   871   3921   3894   7263   1919   5787   397   4604   2825   4591   3064   1856   142   7549   
6269   6754   1604   5431   5394   234   1864   1077   7398   3564   5959   1802   6260   5979   6536   6222   7729   4270   6449   614   5249   8105   898   2926   5085   374   5763   4144   97   6251   1249   6808   1000   7356   7615   7201   5982   8107   7138   7490   1979   6339   4326   6882   7669   1076   6147   1788   4495   7228   1857   517   488   2882   536   6491   5411   1937   1705   7756   293   1117   5061   39   
6856   3764   3685   1808   4904   3694   6539   2975   7844   4667   3403   4272   1741   8145   4295   6512   4349   2959   3599   5798   1905   237   6653   3577   3474   6454   1016   8000   106   2425   5176   977   4690   7722   2164   2840   4606   5039   2226   2271   8116   199   1742   1953   1004   3887   7495   8027   5744   4908   1931   5835   6689   7919   2089   6547   800   7196   4511   4396   6723   6661   4445   2124   
7169   4505   7329   1177   5184   1128   6187   716   6009   4739   3767   2955   7983   5247   1135   7051   4344   80   5000   1390   5177   6338   7465   5884   1652   6506   3892   1017   4688   6646   3227   568   4241   3176   4953   5590   3450   7519   1582   5367   602   2582   4076   2980   5040   1337   1524   581   6007   465   6925   1266   5677   2571   6069   3500   2779   5096   3305   2294   2570   94   6533   2862   
485   6301   3370   7190   2670   550   3783   4008   4059   832   3929   3942   8164   551   2084   1905   2372   1795   2753   7215   4674   3436   803   2460   2413   1913   714   5546   6709   5473   5455   4070   5740   6794   5944   5398   6260   6044   5090   3673   5016   1148   416   933   1842   7653   5305   5801   6867   2942   298   7832   1292   425   5114   5535   6889   8020   6495   3250   7144   5238   5074   7118   
2332   3914   438   6986   1209   7466   7617   1313   6221   7213   3479   3460   1267   7997   433   4754   1781   5138   5764   1204   8190   4291   4679   31   2386   1825   3112   5586   2383   3706   1683   5665   2809   6068   5142   1842   1779   7534   6916   643   3773   2523   2606   8148   726   6563   5951   5055   6034   7650   3484   2007   966   6270   733   5229   1882   3805   1212   358   3633   4144   5781   2454   
4990   7452   5266   6822   5800   992   6185   3612   1845   3538   3833   1537   2083   5482   1655   1080   4081   5033   2636   1855   403   4858   5441   1000   6759   6283   3270   3469   7457   7831   5862   106   854   3797   6260   758   6227   4278   1417   6843   4517   5209   5585   3492   2194   4528   99   7659   4581   2358   1542   3821   976   4097   1683   3425   6851   1387   8016   7350   5967   4042   1866   3881   
7669   5532   4671   2231   132   1965   7884   6140   3107   6352   2897   6948   623   1890   5845   3043   6346   2304   6558   6356   1533   4665   6658   4936   1998   6168   2850   3091   7194   1158   4458   3565   1792   6424   8094   344   6464   7798   6337   1805   4302   7617   7604   6930   4055   4087   7207   82   5417   934   5803   1114   62   7189   524   874   3158   6605   1119   7944   7366   3935   6755   5418   
