1602  1086  3482  2092  7572  1462  4419  5469  6367  2068  3088  3598  2401  1204  6707  7630  4178  5008  3493  2744  2947  3327  4370  2267  5433  1849  2388  4040  2276  3962  2794  361  7143  5134  308  1131  1191  1102  4657  3118  2551  6948  227  3576  6243  773  6129  2638  6431  1933  5980  1050  1016  3943  4429  772  7856  5722  7465  6908  734  7605  1052  6503  
4900  3508  3647  6508  7507  3988  6492  2002  2440  8019  4247  1469  1671  4438  1054  4248  6094  1218  2805  7361  3711  6094  6033  49  7417  787  7848  64  3372  893  5183  6570  4934  2227  6429  4081  874  7066  5389  1074  5715  7  6522  4485  8154  5997  7469  962  4143  359  473  8101  686  7995  2069  7574  3929  29  7202  4411  6872  1620  5209  7842  
4977  7487  6382  2562  2102  5976  3705  26  999  5937  584  5881  3891  5545  6698  4394  417  157  829  6557  1807  7986  1537  1263  7634  5888  6792  7948  5533  6524  2456  4065  713  1807  174  5865  4765  522  1637  8150  2875  1487  7571  3027  5947  7451  2868  1212  8099  2717  101  123  2407  3483  477  2101  3936  4228  2004  2328  5518  5438  5176  3462  
5843  183  4948  7121  6544  2683  2238  8068  6326  3912  7229  7409  3335  390  3236  3848  6360  93  5131  2670  1573  779  7465  5220  7366  5027  3216  1619  310  4842  6573  800  4362  3525  1104  4049  5590  5153  6941  5927  1911  5446  2172  3988  3281  4594  6113  8029  2582  4532  4888  6378  2935  5681  3990  3958  4501  7228  7391  4423  4894  5751  4705  5642  
6432  197  3789  7134  7175  215  2015  357  4162  1601  7551  543  4463  5632  6598  1917  6365  2775  837  1234  2615  6771  7479  5917  3315  4251  186  4646  7281  4496  998  1310  7579  7075  2032  1959  7087  2458  3589  5238  3562  2151  4758  5785  5788  3364  5251  5407  2447  288  7024  5419  2993  713  4795  8035  682  6898  826  1699  2473  7685  5288  6525  
5462  415  5332  1910  2389  7002  3874  7497  8147  192  3435  5603  5929  6539  6589  4134  8118  7127  5956  803  5709  6802  2817  2394  6806  4028  373  1047  4805  5732  157  7870  1535  169  6031  5644  6307  7558  4560  3344  458  4546  2694  2784  1761  6125  6760  685  6125  3946  4486  7434  411  7673  7844  7390  4702  1604  3669  3878  4546  5765  8005  46  
2153  1883  843  2974  3451  5365  7610  582  491  4970  1501  2203  6191  5577  3983  6216  6736  2363  3881  6600  4031  4599  3438  200  6373  1048  350  6571  7625  7721  1956  2348  7205  7997  5290  4011  4407  939  6617  5326  5658  143  6986  2374  3207  1259  4243  1766  7955  7157  145  7076  6535  4353  413  4597  697  1864  41  4871  1481  7665  7376  3418  
305  4151  6928  3933  3273  3013  7504  2974  7161  1886  6611  5848  7346  5090  253  5377  6183  3324  3815  7713  921  190  5139  6495  2454  6239  2194  2836  2578  2541  3232  2078  5890  6776  1962  4963  1400  1797  6228  858  1251  7612  6179  113  2086  1111  4368  3044  4731  3418  4146  3693  5256  6269  8157  5710  2675  306  2780  174  69  2934  4892  638  
5266  121  1558  2321  1057  7370  6710  2537  3156  1546  6238  3102  4845  2148  335  1605  694  1811  4903  3902  2743  7974  2530  574  2619  1882  7498  1136  165  4043  5364  5165  6298  3362  3192  1043  7321  3777  5446  3236  7771  1293  5652  2003  683  86  4458  3537  5431  7194  5218  5495  4501  741  1831  3439  978  8030  2573  5380  2363  4073  4760  7748  
6280  4877  3610  5304  7175  5249  5374  3932  1453  3481  6019  7895  5887  823  6324  995  6227  2066  5447  7877  1076  6204  1202  650  6339  4154  4789  5406  260  2396  1845  4989  2107  5811  3207  2587  2231  2090  7450  7217  2383  3480  771  2458  4085  7076  5945  2998  1648  7402  1229  882  5899  4416  6464  6585  4591  819  2409  2261  5668  142  1483  5553  
5722  8110  3643  906  657  113  7747  6217  3610  1523  5846  4518  652  4477  5802  390  2930  4759  3147  1955  3167  7651  1327  2067  5902  1779  7618  2071  6925  3150  805  3441  651  5623  5745  5671  449  7270  7010  626  8073  6425  5424  6314  7374  6495  4142  565  5819  2269  1915  54  1176  2018  7199  7247  4218  4444  6213  4481  5123  820  5327  8121  
3860  6218  6581  6446  1154  6471  4448  2469  8063  4596  3538  7139  6806  3768  3062  8105  2568  2110  6354  3812  1928  1249  585  3380  8091  6446  3995  5614  465  615  2224  5867  7728  1532  4241  7469  7507  5588  814  674  6160  6378  5704  132  2848  3790  5609  6278  6296  8036  1098  3384  1461  7070  2363  5648  401  7998  2082  1493  4816  6305  4874  7176  
1319  2107  622  6042  1716  7721  5129  633  5421  3390  4201  6808  541  2644  5495  6726  4978  5483  7172  4626  3113  5408  5122  857  2505  8030  6482  2949  5751  3366  7073  1828  6526  1403  2921  3032  5011  6389  5320  4205  5556  7304  4922  7853  4991  2560  3455  4916  250  4538  4785  392  1980  7491  1674  6456  7466  3848  7711  6332  6827  7501  82  6198  
7068  6313  7478  4582  5183  3836  3451  2875  1756  7232  5070  3755  3809  2679  3099  269  775  5732  5630  843  2805  6596  4675  8151  4361  7338  7341  5073  2474  6253  7749  8060  7327  3635  5692  1656  4031  1820  4507  5577  4249  2614  6913  943  2465  1364  5500  6597  4170  4977  1117  571  5240  5111  4609  2381  6845  2074  5510  5938  86  3490  7281  6194  
1048  6894  450  2716  880  8042  5692  2930  5703  189  1276  5578  3019  670  5008  1055  6359  3356  7755  3948  3891  5231  2162  6265  5850  5882  2983  4702  6861  5652  3301  6295  2229  2729  1619  4400  7023  7324  2534  8042  6051  7867  5280  2861  6331  4324  6711  5771  8023  5044  2124  6068  1177  8155  4061  1798  5738  5282  3310  2728  4137  578  2015  6376  
92  88  5395  6423  4464  3632  5856  2674  1234  500  2574  1135  3152  6974  7654  3  4829  7065  6141  1998  2129  3614  5645  6024  6934  1635  1661  378  5382  5822  1793  5615  2558  538  1478  342  1725  5974  530  347  6135  597  584  3722  7946  2346  3540  7547  302  2292  4108  6517  499  4038  2797  1794  2514  7502  224  3374  5601  6706  301  5905  
3379  6459  4869  8107  7397  2944  3146  3856  4769  1086  4795  2787  2859  252  1632  163  4523  6380  6232  8187  6385  7980  3412  3583  952  3720  2895  2911  918  1140  8117  3633  2882  911  4381  5336  6962  6207  2649  2955  3088  5969  3891  5558  8187  5303  2748  6806  1365  7729  4452  2107  3538  147  3101  4944  3899  5779  1295  5011  524  5521  1233  3192  
7867  2566  3046  7858  2842  7577  5496  7118  5270  6605  744  304  5913  2204  2931  6958  3888  4636  7009  7853  4081  6929  1168  47  5085  2228  4536  7008  4134  770  2853  1754  7920  2299  839  2230  4186  5580  5690  7472  4606  500  2778  1638  5982  7221  1760  6347  6791  7865  7251  761  6766  6347  5460  4542  7197  6711  7038  5367  4678  5867  6556  6564  
3620  1263  3397  964  1980  5436  3880  3484  3162  4395  4680  1191  7381  7302  7183  497  6881  7995  3537  2082  6014  7533  1247  5908  7284  5017  808  1153  7454  2026  7225  6379  3482  5225  1977  112  5798  4609  3170  6801  3541  6626  2404  6841  7957  3975  1153  3722  1985  282  8010  566  7703  1023  3643  1569  7731  5875  7219  2856  7059  3242  4988  6757  
702  2663  2239  3671  156  2605  4521  4033  5008  3025  7298  5553  2253  3010  7529  5611  2341  4665  229  6047  3008  6960  7632  2832  3442  6950  5015  4216  5826  1379  7142  6920  3439  2814  6965  5423  3349  3332  3532  4500  4904  4094  505  4847  3854  6827  5888  2898  1654  3639  5475  4056  2896  4866  4886  8147  4822  2952  2595  2818  6843  2493  3786  6866  
2447  4776  2042  6281  2194  5612  3281  7417  5685  7807  6038  7801  4288  1277  4726  2408  6864  4963  6651  1992  6718  8128  2813  2097  1935  651  4996  2145  2480  7189  7030  7306  261  5872  4222  4527  3568  3011  3081  8185  3017  748  5120  6115  4150  7467  733  5681  6018  6817  5729  1909  7380  34  5447  5037  1622  184  5275  1989  610  2039  2990  17  
6605  3162  6189  4481  7400  4920  2153  1590  8026  463  2208  5352  5239  8098  4537  687  1552  2103  2087  1569  4540  1888  4245  7364  7778  3403  6644  8009  3447  1189  6063  2093  6458  3380  2488  173  7172  4295  1494  6330  5347  5313  3677  6782  2079  1271  7374  5530  7154  3193  6565  7784  7126  1900  7386  3560  4661  1241  1550  131  2508  5586  4868  2972  
1311  3812  1634  1010  1926  1240  5271  1026  1807  6868  499  3148  3056  2975  5874  4738  4088  134  2463  2096  275  5330  5087  1194  4871  512  6323  6743  6732  568  7123  5131  5547  3420  1709  2219  1010  7385  1858  6230  6117  6739  3364  7103  292  3761  7569  31  7277  6603  5144  1465  5013  3090  1616  7370  6490  1958  3268  6163  1450  3841  4106  6480  
7506  7931  3833  6392  4489  7959  4518  4025  6263  469  837  5846  4377  6855  4679  6434  5643  7057  4088  7936  5746  5469  6314  3758  6586  4919  586  5764  44  3147  640  3042  3053  6144  1475  4533  6149  2023  4730  1447  7817  1343  5012  2545  3213  4169  1612  604  3835  7222  7834  2812  1743  3226  4497  5083  2553  2484  3646  3108  6251  1063  2739  5358  
990  1538  4606  6719  5368  6025  8090  4352  8063  6890  4811  8045  1153  2221  6458  3300  5742  1873  5600  5902  5398  7938  2832  5882  7603  876  7397  6114  4224  5246  1734  2912  2136  6808  345  5518  3656  3972  1495  4709  5396  412  6274  505  2954  3745  6984  7410  1020  447  805  8051  2573  6854  6883  5769  7331  2278  5048  3386  1760  3696  5081  8031  
