3016  6581  6746  2595  4362  2508  3350  2574  8165  7883  7966  5075  4211  4059  5981  4442  3329  917  3499  4146  4144  1261  7501  1023  682  5212  7617  118  1346  7436  4311  133  807  2817  3800  2939  907  1002  4409  1217  7197  825  4245  7560  2935  2931  2846  5644  7024  5797  2101  364  5964  7020  804  294  6888  7922  1775  7386  7579  4309  3909  1211  
6208  3910  4066  288  2248  3583  4682  3148  7185  3192  1870  7011  4390  1961  3760  4096  1740  248  5133  4875  3811  6310  6936  1854  1133  8043  309  2973  835  918  3136  6425  5445  7859  139  6710  6766  4782  2914  5277  6053  7647  2876  2118  4113  6149  6167  2900  7669  3351  2351  4520  1052  5331  642  6476  178  4979  3715  7580  33  1842  330  5098  
777  5063  5373  992  606  395  3756  5748  455  2943  3609  5537  7535  4701  2467  3463  5746  702  6416  1906  1420  4004  3886  3008  5198  1864  71  510  2240  7977  3448  3847  7644  3353  3506  3246  1860  1410  7077  1720  3463  940  1538  2446  7669  7382  4449  4678  3877  5237  6090  5788  5337  1027  1233  6559  831  7294  5304  3007  5581  7162  6801  995  
7298  4089  6034  5088  4232  3490  2656  6333  5110  7227  6610  1672  717  6031  6758  7243  4272  8070  215  7358  4407  2075  5979  430  1880  74  4735  2229  959  5122  3734  5451  7076  5629  6936  5077  6122  4958  1098  3737  4486  7611  856  3578  6673  4565  1846  6598  2809  1825  2545  3000  5631  6792  686  8145  2838  3124  468  3464  6820  6047  7015  4536  
7270  5741  351  3004  2878  6064  3633  3879  6335  1741  465  6777  996  2842  3743  5279  6786  4595  6562  2059  4847  4245  3192  4660  7422  200  5008  5110  2765  2407  6266  6421  5359  3618  5858  3247  4970  3632  438  1259  2892  5219  4732  8154  7543  7103  1858  1284  556  624  6386  7210  1689  2706  3085  3634  5385  7821  6670  2268  6256  5939  597  2375  
4467  2673  4878  6577  3875  3326  1305  2027  6417  5630  8163  4161  5356  2156  6643  5395  4155  2893  3598  5788  284  6641  1168  5383  6897  7478  6460  7094  3118  5483  4728  1990  7705  3349  7990  1628  1815  470  7234  4500  70  7798  1129  5632  812  1  2448  1799  6676  2235  3108  4712  2594  3936  5284  669  2102  4905  1275  4829  1611  5016  4326  2831  
6503  4958  5321  897  3499  4864  6517  4257  2346  711  1181  1496  5282  2627  6029  3306  6132  413  3106  6084  6035  6041  3058  5308  2337  5126  7049  399  2007  6409  3604  2446  6885  4457  2075  5858  1326  3040  5005  6865  1006  7330  1912  3377  7685  5832  4039  2123  4799  2780  3944  2847  4747  1227  6621  4595  6160  4216  4235  3502  154  6736  4147  6629  
8032  658  6838  3286  3897  5636  445  7598  4849  6850  7077  317  7956  5836  4202  7845  6923  5488  3692  5350  7363  2121  3970  775  3039  6961  3228  6126  3910  2489  2767  1265  6024  8137  2651  4214  2684  5849  4295  7813  1155  7123  4091  712  2899  3296  4431  5784  5439  5078  6150  5572  4419  4015  5663  7078  1756  5110  1859  8142  4684  4778  6922  2826  
1958  5424  4539  6119  3215  3098  5195  4462  4517  3685  2257  556  3375  7048  4392  4338  4059  5688  1382  5131  1235  6854  3936  30  3430  2877  7513  2909  4029  1184  6649  1775  7742  1448  6128  6459  751  4782  6698  4808  6521  6163  627  6608  1734  1909  7794  5528  4905  8113  1077  5062  1461  4101  7583  212  7466  6945  2250  3599  6911  1255  4340  6700  
4214  6125  2681  1414  556  6196  223  3492  2682  4333  7915  6489  4634  5257  3088  7359  6565  2456  4039  1212  4605  4059  1512  644  4611  7371  7932  269  3590  5  674  3272  6990  5698  1125  663  5015  7295  8131  7486  4151  1593  2518  612  4773  2871  6589  4219  2243  7856  406  4097  1618  3271  673  3709  3226  6466  3514  2180  4484  490  3099  7235  
1507  6400  6544  6157  235  1656  1436  8106  1464  6492  7606  190  6073  7639  78  3619  7661  4080  549  3403  6860  5031  3390  4551  3427  5624  6216  5966  2123  4477  1476  6234  3128  4464  7127  3916  3837  5546  2903  4112  2571  1931  4478  6946  7949  2862  5840  4042  413  4454  1209  8151  7805  4499  2290  3991  3704  3135  2505  3443  2858  4149  4110  6561  
935  6253  1429  3304  742  5264  5395  7080  6484  7135  1561  7318  866  2020  5054  260  6182  7460  2883  4373  299  2488  1140  7811  3071  5630  6425  2193  3051  488  4265  3451  2269  183  5255  7457  1092  4735  7959  8019  3086  2740  1921  5069  523  5668  6979  1345  5177  7445  6733  7527  2066  1513  2544  1603  7519  5143  5535  831  4158  6539  4139  3529  
754  2854  7034  6485  4028  7727  7238  625  6849  7073  5277  3449  4018  1382  4705  4201  3457  8081  5880  3432  3039  6573  5116  2285  3871  3802  5915  977  5059  1514  3532  2775  7356  3040  2913  757  6926  6568  2660  1081  3405  3227  3869  4031  3268  3698  3583  2169  4163  2227  7152  797  2941  389  2651  5006  4362  5872  806  4229  6012  6229  7259  5608  
2413  260  1434  4827  1128  3406  6100  1448  2640  2939  7936  5934  5424  6302  1448  2790  6899  6968  4548  6445  6090  1723  5021  7183  1586  2860  38  7789  3266  114  2362  8163  6363  564  7049  6010  1021  4239  7412  5282  1413  429  3240  811  3316  5565  4575  4817  4904  7394  7859  3193  7411  6990  6153  2912  6585  750  7478  5415  5254  4791  4163  5438  
3863  341  5217  6395  6307  6994  524  390  2114  1662  218  7853  8039  5918  5910  6293  1776  2865  3836  5012  286  6992  2737  7172  7160  6083  3196  5604  6564  7989  3591  315  733  216  3337  930  3816  5698  2485  1832  763  5977  6372  3753  2457  2356  1037  4505  3172  712  7433  6549  2454  3773  3506  5772  3694  2475  649  6457  1878  6985  3294  1941  
1781  3868  7849  3293  6830  3478  52  7192  5506  1075  6037  1562  7293  1038  5753  5460  2740  6845  1192  1252  7605  7076  4723  2886  903  579  8020  2650  4237  6895  595  6079  2313  4299  6386  3952  7962  1690  6281  2330  5836  5451  3081  7737  949  2103  1682  5761  386  405  6981  2319  2733  5417  7892  1304  7387  3279  354  3425  7067  3985  1681  5874  
2508  6358  7572  3749  5567  7364  3367  7136  6436  5273  5369  6479  3109  5079  3622  5241  5605  5354  5096  3865  7013  2954  6068  3726  5225  5524  662  1362  5523  1448  534  6599  7613  863  6200  6316  1364  5545  1435  7831  7295  57  4586  7935  5971  8186  1925  6957  2700  2782  6971  75  7164  7593  7738  808  7969  5762  1108  89  3159  5176  7552  4041  
746  1515  2363  6677  367  2381  532  4745  2805  2865  7278  3108  2111  7738  6333  2453  7767  1698  280  6433  2695  2288  3530  5078  668  5500  1164  4203  4391  5464  3373  2612  5363  7965  5103  1397  1101  1670  2594  654  2527  7683  5415  4699  2906  7527  4302  6651  6896  6711  1158  1031  5478  5084  6736  572  5360  2458  4618  6992  4149  7543  6541  4675  
3574  7935  3756  3106  2745  3067  2720  4405  5613  7133  3402  4161  5310  4511  3442  1166  2228  4836  7246  6400  1685  1996  5921  7371  4509  2893  6329  4063  3018  3809  655  2546  6166  6752  4125  5125  7960  5735  7978  7827  6119  1209  988  4123  8008  5111  5521  1218  5131  5144  217  2113  6263  5589  3613  5117  976  6351  2957  3673  6022  165  7041  2208  
1706  7357  303  3253  1209  7753  3999  514  3592  6773  4845  4925  7502  7021  832  754  2590  4319  4309  7245  735  3085  4590  2327  4454  2620  5362  1261  2385  7758  778  465  6481  2917  1243  3534  1318  6829  956  2571  38  8090  6058  7178  498  7338  6334  7315  4582  7383  3867  5048  4543  6931  3504  409  1833  871  4803  5108  7472  3811  2541  5895  
1708  2106  3015  6583  3682  184  1698  6288  3466  6504  4922  3781  2514  6915  7527  6087  2315  2135  817  4693  7082  3256  4702  816  4158  3154  6609  2452  3187  7825  4221  5269  7220  7941  3116  4773  6936  5304  126  4288  1547  1291  5077  1915  3255  5474  8030  6825  2416  7392  5322  6657  4425  6222  1791  3956  1021  886  4521  8140  4790  5605  5782  6027  
1056  1263  5514  2749  2621  5150  3774  2522  1220  4968  4758  6869  3848  3357  4255  452  3647  5179  3995  2843  7764  5105  284  1606  7309  6445  7023  2952  623  5349  692  8151  2115  4948  3909  3583  5385  228  1110  1629  3910  2808  5869  2070  8182  7129  6208  763  5143  7224  4931  4535  3638  938  5628  376  5310  2434  5242  6383  2410  2270  6533  1341  
360  2549  1435  1099  852  7807  1542  404  1413  4082  3590  4895  7484  1466  2790  4884  5659  4124  4932  4619  907  3226  5920  2408  4681  3625  7051  6280  3531  4119  3735  1849  7851  3256  2723  74  1455  7212  4093  7120  5221  5257  5307  6659  3636  3592  3065  8149  2495  2874  330  2222  6841  3727  7302  2372  5913  982  3628  6991  7720  6145  4333  2376  
1267  2867  4474  11  1515  8175  2095  5048  4444  702  7765  6443  5724  1412  7492  1144  6508  8161  5284  4687  6571  3963  684  7317  3532  3230  319  1754  3296  7930  6387  2258  1360  3238  440  7791  1415  2839  4530  1856  840  3003  7643  6246  3564  7030  3250  3079  2690  1427  6710  3212  5218  1347  6421  5125  7253  662  5284  5366  5790  781  3757  6979  
5935  5777  7334  6574  8182  6152  5645  2009  5408  3142  163  1929  7583  154  7248  4838  8125  1279  685  3474  6769  796  716  2065  2826  1901  7130  2728  3516  1755  6895  7635  3406  435  1622  6476  3631  5304  1823  1920  3274  331  2213  6996  3288  4849  174  7982  5215  7986  4534  1149  4755  2693  5676  4564  4340  6323  208  6043  487  2899  3215  263  
